Timestamp,Time_Offset_s,Direction,CAN_ID,DLC,Data_Hex,Data_ASCII,Extended,Remote,Error
2026-02-11T14:54:00.194222,592.215750,RX,0x000,128,E0 01 00 00 00 00 00 00,........,False,True,True
2026-02-11T14:54:00.195273,592.215750,RX,0x000,128,00 38 9B 71 80 02 00 00,.8.q....,False,False,False
2026-02-11T14:54:00.195273,592.216801,RX,0x000,0,,,False,False,False
2026-02-11T14:54:00.195273,592.216801,RX,0x1E0,0,,,False,False,False
2026-02-11T14:54:00.195273,592.216801,RX,0x000,128,E0 01 00 00 00 00 00 00,........,False,True,True
2026-02-11T14:54:00.195273,592.216801,RX,0x000,128,00 38 9B 71 80 02 00 00,.8.q....,False,False,False
2026-02-11T14:54:00.195273,592.216801,RX,0x000,0,,,False,False,False
2026-02-11T14:54:00.195273,592.216801,RX,0x1E0,0,,,False,False,False
2026-02-11T14:54:00.195273,592.216801,RX,0x000,128,E0 01 00 00 00 00 00 00,........,False,True,True
2026-02-11T14:54:00.195273,592.216801,RX,0x000,128,00 38 9B 71 80 02 00 00,.8.q....,False,False,False
2026-02-11T14:54:00.195273,592.216801,RX,0x000,0,,,False,False,False
2026-02-11T14:54:00.195273,592.216801,RX,0x1E0,0,,,False,False,False
2026-02-11T14:54:00.195273,592.216801,RX,0x000,128,E0 01 00 00 00 00 00 00,........,False,True,True
2026-02-11T14:54:00.196315,592.217843,RX,0x000,128,00 38 9B 71 80 02 00 00,.8.q....,False,False,False
2026-02-11T14:54:00.196315,592.217843,RX,0x000,0,,,False,False,False
2026-02-11T14:54:00.196315,592.217843,RX,0x1E0,0,,,False,False,False
2026-02-11T14:54:00.196315,592.217843,RX,0x000,128,E0 01 00 00 00 00 00 00,........,False,True,True
2026-02-11T14:54:00.196315,592.217843,RX,0x000,128,00 38 9B 71 80 02 00 00,.8.q....,False,False,False
2026-02-11T14:54:00.196315,592.217843,RX,0x000,0,,,False,False,False
2026-02-11T14:54:00.197338,592.218866,RX,0x1E0,0,,,False,False,False
2026-02-11T14:54:00.197338,592.218866,RX,0x000,128,E0 01 00 00 00 00 00 00,........,False,True,True
2026-02-11T14:54:00.197338,592.218866,RX,0x000,128,00 38 9B 71 80 02 00 00,.8.q....,False,False,False
2026-02-11T14:54:00.197338,592.218866,RX,0x000,0,,,False,False,False
2026-02-11T14:54:00.197338,592.218866,RX,0x1E0,0,,,False,False,False
2026-02-11T14:54:00.198347,592.219875,RX,0x000,128,E0 01 00 00 00 00 00 00,........,False,True,True
2026-02-11T14:54:00.198347,592.219875,RX,0x000,128,00 38 9B 71 80 02 00 00,.8.q....,False,False,False
2026-02-11T14:54:00.198347,592.219875,RX,0x000,0,,,False,False,False
2026-02-11T14:54:00.198347,592.219875,RX,0x1E0,0,,,False,False,False
2026-02-11T14:54:00.198853,592.220381,RX,0x000,128,E0 01 00 00 00 00 00 00,........,False,True,True
2026-02-11T14:54:00.198853,592.220381,RX,0x000,128,00 38 9B 71 80 02 00 00,.8.q....,False,False,False
2026-02-11T14:54:00.198853,592.220381,RX,0x000,0,,,False,False,False
2026-02-11T14:54:00.198853,592.220381,RX,0x1E0,0,,,False,False,False
2026-02-11T14:54:00.198853,592.220381,RX,0x000,128,E0 01 00 00 00 00 00 00,........,False,True,True
2026-02-11T14:54:00.198853,592.220381,RX,0x000,128,00 38 9B 71 80 02 00 00,.8.q....,False,False,False
2026-02-11T14:54:00.199860,592.221388,RX,0x000,0,,,False,False,False
2026-02-11T14:54:00.199860,592.221388,RX,0x1E0,0,,,False,False,False
2026-02-11T14:54:00.199860,592.221388,RX,0x000,128,E0 01 00 00 00 00 00 00,........,False,True,True
2026-02-11T14:54:00.199860,592.221388,RX,0x000,128,00 38 9B 71 80 02 00 00,.8.q....,False,False,False
2026-02-11T14:54:00.199860,592.221388,RX,0x000,0,,,False,False,False
2026-02-11T14:54:00.199860,592.221388,RX,0x1E0,0,,,False,False,False
2026-02-11T14:54:00.199860,592.221388,RX,0x000,128,E0 01 00 00 00 00 00 00,........,False,True,True
2026-02-11T14:54:00.199860,592.221388,RX,0x000,128,00 38 9B 71 80 02 00 00,.8.q....,False,False,False
2026-02-11T14:54:00.200872,592.222400,RX,0x000,0,,,False,False,False
2026-02-11T14:54:00.200872,592.222400,RX,0x1E0,0,,,False,False,False
2026-02-11T14:54:00.200872,592.222400,RX,0x000,128,E0 01 00 00 00 00 00 00,........,False,True,True
2026-02-11T14:54:00.200872,592.222400,RX,0x000,128,00 38 9B 71 80 02 00 00,.8.q....,False,False,False
2026-02-11T14:54:00.200872,592.222400,RX,0x000,0,,,False,False,False
2026-02-11T14:54:00.200872,592.222400,RX,0x1E0,0,,,False,False,False
2026-02-11T14:54:00.200872,592.222400,RX,0x000,128,E0 01 00 00 00 00 00 00,........,False,True,True
2026-02-11T14:54:00.200872,592.222400,RX,0x000,128,00 38 9B 71 80 02 00 00,.8.q....,False,False,False
2026-02-11T14:54:00.200872,592.222400,RX,0x000,0,,,False,False,False
2026-02-11T14:54:00.200872,592.222400,RX,0x1E0,0,,,False,False,False
2026-02-11T14:54:00.201893,592.223421,RX,0x000,128,E0 01 00 00 00 00 00 00,........,False,True,True
2026-02-11T14:54:00.201893,592.223421,RX,0x000,128,00 38 9B 71 80 02 00 00,.8.q....,False,False,False
2026-02-11T14:54:00.201893,592.223421,RX,0x000,0,,,False,False,False
2026-02-11T14:54:00.201893,592.223421,RX,0x1E0,0,,,False,False,False
2026-02-11T14:54:00.201893,592.223421,RX,0x000,128,E0 01 00 00 00 00 00 00,........,False,True,True
2026-02-11T14:54:00.201893,592.223421,RX,0x000,128,00 38 9B 71 80 02 00 00,.8.q....,False,False,False
2026-02-11T14:54:00.203012,592.224540,RX,0x000,0,,,False,False,False
2026-02-11T14:54:00.203012,592.224540,RX,0x1E0,0,,,False,False,False
2026-02-11T14:54:00.203012,592.224540,RX,0x000,128,E0 01 00 00 00 00 00 00,........,False,True,True
2026-02-11T14:54:00.203012,592.224540,RX,0x000,128,00 38 9B 71 80 02 00 00,.8.q....,False,False,False
2026-02-11T14:54:00.203012,592.224540,RX,0x000,0,,,False,False,False
2026-02-11T14:54:00.203012,592.224540,RX,0x1E0,0,,,False,False,False
2026-02-11T14:54:00.203012,592.224540,RX,0x000,128,E0 01 00 00 00 00 00 00,........,False,True,True
2026-02-11T14:54:00.203012,592.224540,RX,0x000,128,00 38 9B 71 80 02 00 00,.8.q....,False,False,False
2026-02-11T14:54:00.203012,592.224540,RX,0x000,0,,,False,False,False
2026-02-11T14:54:00.203012,592.224540,RX,0x1E0,0,,,False,False,False
2026-02-11T14:54:00.203012,592.224540,RX,0x000,128,E0 01 00 00 00 00 00 00,........,False,True,True
2026-02-11T14:54:00.203012,592.224540,RX,0x000,128,00 38 9B 71 80 02 00 00,.8.q....,False,False,False
2026-02-11T14:54:00.204043,592.224540,RX,0x000,0,,,False,False,False
2026-02-11T14:54:00.204043,592.225571,RX,0x1E0,0,,,False,False,False
2026-02-11T14:54:00.204043,592.225571,RX,0x000,128,E0 01 00 00 00 00 00 00,........,False,True,True
2026-02-11T14:54:00.204043,592.225571,RX,0x000,128,00 38 9B 71 80 02 00 00,.8.q....,False,False,False
2026-02-11T14:54:00.204043,592.225571,RX,0x000,0,,,False,False,False
2026-02-11T14:54:00.204043,592.225571,RX,0x1E0,0,,,False,False,False
2026-02-11T14:54:00.204043,592.225571,RX,0x000,128,E0 01 00 00 00 00 00 00,........,False,True,True
2026-02-11T14:54:00.204043,592.225571,RX,0x000,128,00 38 9B 71 80 02 00 00,.8.q....,False,False,False
2026-02-11T14:54:00.204043,592.225571,RX,0x000,0,,,False,False,False
2026-02-11T14:54:00.204043,592.225571,RX,0x1E0,0,,,False,False,False
2026-02-11T14:54:00.204043,592.225571,RX,0x000,128,E0 01 00 00 00 00 00 00,........,False,True,True
2026-02-11T14:54:00.204043,592.225571,RX,0x000,128,00 38 9B 71 80 02 00 00,.8.q....,False,False,False
2026-02-11T14:54:00.204043,592.225571,RX,0x000,0,,,False,False,False
2026-02-11T14:54:00.204043,592.225571,RX,0x1E0,0,,,False,False,False
2026-02-11T14:54:00.204043,592.225571,RX,0x000,128,E0 01 00 00 00 00 00 00,........,False,True,True
2026-02-11T14:54:00.204043,592.225571,RX,0x000,128,00 38 9B 71 80 02 00 00,.8.q....,False,False,False
2026-02-11T14:54:00.204043,592.225571,RX,0x000,0,,,False,False,False
2026-02-11T14:54:00.204043,592.225571,RX,0x1E0,0,,,False,False,False
2026-02-11T14:54:00.204043,592.225571,RX,0x000,128,E0 01 00 00 00 00 00 00,........,False,True,True
2026-02-11T14:54:00.204043,592.225571,RX,0x000,128,00 38 9B 71 80 02 00 00,.8.q....,False,False,False
2026-02-11T14:54:00.205068,592.226596,RX,0x000,0,,,False,False,False
2026-02-11T14:54:00.205068,592.226596,RX,0x1E0,0,,,False,False,False
2026-02-11T14:54:00.205068,592.226596,RX,0x000,128,E0 01 00 00 00 00 00 00,........,False,True,True
2026-02-11T14:54:00.205068,592.226596,RX,0x000,128,00 38 9B 71 80 02 00 00,.8.q....,False,False,False
2026-02-11T14:54:00.205068,592.226596,RX,0x000,0,,,False,False,False
2026-02-11T14:54:00.205068,592.226596,RX,0x1E0,0,,,False,False,False
2026-02-11T14:54:00.205068,592.226596,RX,0x000,128,E0 01 00 00 00 00 00 00,........,False,True,True
2026-02-11T14:54:00.205068,592.226596,RX,0x000,128,00 38 9B 71 80 02 00 00,.8.q....,False,False,False
2026-02-11T14:54:00.205068,592.226596,RX,0x000,0,,,False,False,False
2026-02-11T14:54:00.205068,592.226596,RX,0x1E0,0,,,False,False,False
2026-02-11T14:54:00.208599,592.230127,RX,0x000,128,E0 01 00 00 00 00 00 00,........,False,True,True
2026-02-11T14:54:00.208599,592.230127,RX,0x000,128,00 38 9B 71 80 02 00 00,.8.q....,False,False,False
2026-02-11T14:54:00.208599,592.230127,RX,0x000,0,,,False,False,False
2026-02-11T14:54:00.208599,592.230127,RX,0x1E0,0,,,False,False,False
2026-02-11T14:54:00.209611,592.231139,RX,0x000,128,E0 01 00 00 00 00 00 00,........,False,True,True
2026-02-11T14:54:00.209611,592.231139,RX,0x000,128,00 38 9B 71 80 02 00 00,.8.q....,False,False,False
2026-02-11T14:54:00.209611,592.231139,RX,0x000,0,,,False,False,False
2026-02-11T14:54:00.209611,592.231139,RX,0x1E0,0,,,False,False,False
2026-02-11T14:54:00.209611,592.231139,RX,0x000,128,E0 01 00 00 00 00 00 00,........,False,True,True
2026-02-11T14:54:00.209611,592.231139,RX,0x000,128,00 38 9B 71 80 02 00 00,.8.q....,False,False,False
2026-02-11T14:54:00.209611,592.231139,RX,0x000,0,,,False,False,False
2026-02-11T14:54:00.209611,592.231139,RX,0x1E0,0,,,False,False,False
2026-02-11T14:54:00.209611,592.231139,RX,0x000,128,E0 01 00 00 00 00 00 00,........,False,True,True
2026-02-11T14:54:00.209611,592.231139,RX,0x000,128,00 38 9B 71 80 02 00 00,.8.q....,False,False,False
2026-02-11T14:54:00.209611,592.231139,RX,0x000,0,,,False,False,False
2026-02-11T14:54:00.209611,592.231139,RX,0x1E0,0,,,False,False,False
2026-02-11T14:54:00.209611,592.231139,RX,0x000,128,E0 01 00 00 00 00 00 00,........,False,True,True
2026-02-11T14:54:00.209611,592.231139,RX,0x000,128,00 38 9B 71 80 02 00 00,.8.q....,False,False,False
2026-02-11T14:54:00.209611,592.231139,RX,0x000,0,,,False,False,False
2026-02-11T14:54:00.209611,592.231139,RX,0x1E0,0,,,False,False,False
2026-02-11T14:54:00.209611,592.231139,RX,0x000,128,E0 01 00 00 00 00 00 00,........,False,True,True
2026-02-11T14:54:00.209611,592.231139,RX,0x000,128,00 38 9B 71 80 02 00 00,.8.q....,False,False,False
2026-02-11T14:54:00.209611,592.231139,RX,0x000,0,,,False,False,False
2026-02-11T14:54:00.209611,592.231139,RX,0x1E0,0,,,False,False,False
2026-02-11T14:54:00.211120,592.232648,RX,0x000,128,E0 01 00 00 00 00 00 00,........,False,True,True
2026-02-11T14:54:00.211120,592.232648,RX,0x000,128,00 38 9B 71 80 02 00 00,.8.q....,False,False,False
2026-02-11T14:54:00.211120,592.232648,RX,0x000,0,,,False,False,False
2026-02-11T14:54:00.211120,592.232648,RX,0x1E0,0,,,False,False,False
2026-02-11T14:54:00.211120,592.232648,RX,0x000,128,E0 01 00 00 00 00 00 00,........,False,True,True
2026-02-11T14:54:00.211120,592.232648,RX,0x000,128,00 38 9B 71 80 02 00 00,.8.q....,False,False,False
2026-02-11T14:54:00.211120,592.232648,RX,0x000,0,,,False,False,False
2026-02-11T14:54:00.211120,592.232648,RX,0x1E0,0,,,False,False,False
2026-02-11T14:54:00.211120,592.232648,RX,0x000,128,E0 01 00 00 00 00 00 00,........,False,True,True
2026-02-11T14:54:00.211120,592.232648,RX,0x000,128,00 38 9B 71 80 02 00 00,.8.q....,False,False,False
2026-02-11T14:54:00.211120,592.232648,RX,0x000,0,,,False,False,False
2026-02-11T14:54:00.211120,592.232648,RX,0x1E0,0,,,False,False,False
2026-02-11T14:54:00.212138,592.233666,RX,0x000,128,E0 01 00 00 00 00 00 00,........,False,True,True
2026-02-11T14:54:00.212138,592.233666,RX,0x000,128,00 38 9B 71 80 02 00 00,.8.q....,False,False,False
2026-02-11T14:54:00.212138,592.233666,RX,0x000,0,,,False,False,False
2026-02-11T14:54:00.212138,592.233666,RX,0x1E0,0,,,False,False,False
2026-02-11T14:54:00.212138,592.233666,RX,0x000,128,E0 01 00 00 00 00 00 00,........,False,True,True
2026-02-11T14:54:00.212138,592.233666,RX,0x000,128,00 38 9B 71 80 02 00 00,.8.q....,False,False,False
2026-02-11T14:54:00.212138,592.233666,RX,0x000,0,,,False,False,False
2026-02-11T14:54:00.212138,592.233666,RX,0x1E0,0,,,False,False,False
2026-02-11T14:54:00.212138,592.233666,RX,0x000,128,E0 01 00 00 00 00 00 00,........,False,True,True
2026-02-11T14:54:00.212138,592.233666,RX,0x000,128,00 38 9B 71 80 02 00 00,.8.q....,False,False,False
2026-02-11T14:54:00.212138,592.233666,RX,0x000,0,,,False,False,False
2026-02-11T14:54:00.212138,592.233666,RX,0x1E0,0,,,False,False,False
2026-02-11T14:54:00.212138,592.233666,RX,0x000,128,E0 01 00 00 00 00 00 00,........,False,True,True
2026-02-11T14:54:00.212138,592.233666,RX,0x000,128,00 38 9B 71 80 02 00 00,.8.q....,False,False,False
2026-02-11T14:54:00.212138,592.233666,RX,0x000,0,,,False,False,False
2026-02-11T14:54:00.212138,592.233666,RX,0x1E0,0,,,False,False,False
2026-02-11T14:54:00.212138,592.233666,RX,0x000,128,E0 01 00 00 00 00 00 00,........,False,True,True
2026-02-11T14:54:00.212138,592.233666,RX,0x000,128,00 38 9B 71 80 02 00 00,.8.q....,False,False,False
2026-02-11T14:54:00.213161,592.234689,RX,0x000,0,,,False,False,False
2026-02-11T14:54:00.213161,592.234689,RX,0x1E0,0,,,False,False,False
2026-02-11T14:54:00.213161,592.234689,RX,0x000,128,E0 01 00 00 00 00 00 00,........,False,True,True
2026-02-11T14:54:00.213161,592.234689,RX,0x000,128,00 38 9B 71 80 02 00 00,.8.q....,False,False,False
2026-02-11T14:54:00.213161,592.234689,RX,0x000,0,,,False,False,False
2026-02-11T14:54:00.213161,592.234689,RX,0x1E0,0,,,False,False,False
2026-02-11T14:54:00.213161,592.234689,RX,0x000,128,E0 01 00 00 00 00 00 00,........,False,True,True
2026-02-11T14:54:00.213161,592.234689,RX,0x000,128,00 38 9B 71 80 02 00 00,.8.q....,False,False,False
2026-02-11T14:54:00.213161,592.234689,RX,0x000,0,,,False,False,False
2026-02-11T14:54:00.213161,592.234689,RX,0x1E0,0,,,False,False,False
2026-02-11T14:54:00.213161,592.234689,RX,0x000,128,E0 01 00 00 00 00 00 00,........,False,True,True
2026-02-11T14:54:00.213161,592.234689,RX,0x000,128,00 38 9B 71 80 02 00 00,.8.q....,False,False,False
2026-02-11T14:54:00.213161,592.234689,RX,0x000,0,,,False,False,False
2026-02-11T14:54:00.213161,592.234689,RX,0x1E0,0,,,False,False,False
2026-02-11T14:54:00.213161,592.234689,RX,0x000,128,E0 01 00 00 00 00 00 00,........,False,True,True
2026-02-11T14:54:00.213161,592.234689,RX,0x000,128,00 38 9B 71 80 02 00 00,.8.q....,False,False,False
2026-02-11T14:54:00.213161,592.234689,RX,0x000,0,,,False,False,False
2026-02-11T14:54:00.213161,592.234689,RX,0x1E0,0,,,False,False,False
2026-02-11T14:54:00.213161,592.234689,RX,0x000,128,E0 01 00 00 00 00 00 00,........,False,True,True
2026-02-11T14:54:00.213161,592.234689,RX,0x000,128,00 38 9B 71 80 02 00 00,.8.q....,False,False,False
2026-02-11T14:54:00.213161,592.234689,RX,0x000,0,,,False,False,False
2026-02-11T14:54:00.213161,592.234689,RX,0x1E0,0,,,False,False,False
2026-02-11T14:54:00.214184,592.234689,RX,0x000,128,E0 01 00 00 00 00 00 00,........,False,True,True
2026-02-11T14:54:00.214184,592.235712,RX,0x000,128,00 38 9B 71 80 02 00 00,.8.q....,False,False,False
2026-02-11T14:54:00.214184,592.235712,RX,0x000,0,,,False,False,False
2026-02-11T14:54:00.214184,592.235712,RX,0x1E0,0,,,False,False,False
2026-02-11T14:54:00.214184,592.235712,RX,0x000,128,E0 01 00 00 00 00 00 00,........,False,True,True
2026-02-11T14:54:00.214184,592.235712,RX,0x000,128,00 38 9B 71 80 02 00 00,.8.q....,False,False,False
2026-02-11T14:54:00.214184,592.235712,RX,0x000,0,,,False,False,False
2026-02-11T14:54:00.214184,592.235712,RX,0x1E0,0,,,False,False,False
2026-02-11T14:54:00.214184,592.235712,RX,0x000,128,E0 01 00 00 00 00 00 00,........,False,True,True
2026-02-11T14:54:00.214184,592.235712,RX,0x000,128,00 38 9B 71 80 02 00 00,.8.q....,False,False,False
2026-02-11T14:54:00.214184,592.235712,RX,0x000,0,,,False,False,False
2026-02-11T14:54:00.214184,592.235712,RX,0x1E0,0,,,False,False,False
2026-02-11T14:54:00.214184,592.235712,RX,0x000,128,E0 01 00 00 00 00 00 00,........,False,True,True
2026-02-11T14:54:00.214184,592.235712,RX,0x000,128,00 38 9B 71 80 02 00 00,.8.q....,False,False,False
2026-02-11T14:54:00.214184,592.235712,RX,0x000,0,,,False,False,False
2026-02-11T14:54:00.214184,592.235712,RX,0x1E0,0,,,False,False,False
2026-02-11T14:54:00.214184,592.235712,RX,0x000,128,E0 01 00 00 00 00 00 00,........,False,True,True
2026-02-11T14:54:00.214184,592.235712,RX,0x000,128,00 38 9B 71 80 02 00 00,.8.q....,False,False,False
2026-02-11T14:54:00.214184,592.235712,RX,0x000,0,,,False,False,False
2026-02-11T14:54:00.214184,592.235712,RX,0x1E0,0,,,False,False,False
2026-02-11T14:54:00.214184,592.235712,RX,0x000,128,E0 01 00 00 00 00 00 00,........,False,True,True
2026-02-11T14:54:00.215209,592.236737,RX,0x000,128,00 38 9B 71 80 02 00 00,.8.q....,False,False,False
2026-02-11T14:54:00.215209,592.236737,RX,0x000,0,,,False,False,False
2026-02-11T14:54:00.215209,592.236737,RX,0x1E0,0,,,False,False,False
2026-02-11T14:54:00.215209,592.236737,RX,0x000,128,E0 01 00 00 00 00 00 00,........,False,True,True
2026-02-11T14:54:00.215209,592.236737,RX,0x000,128,00 38 9B 71 80 02 00 00,.8.q....,False,False,False
2026-02-11T14:54:00.215209,592.236737,RX,0x000,0,,,False,False,False
2026-02-11T14:54:00.215209,592.236737,RX,0x1E0,0,,,False,False,False
2026-02-11T14:54:00.215209,592.236737,RX,0x000,128,E0 01 00 00 00 00 00 00,........,False,True,True
2026-02-11T14:54:00.215209,592.236737,RX,0x000,128,00 38 9B 71 80 02 00 00,.8.q....,False,False,False
2026-02-11T14:54:00.215209,592.236737,RX,0x000,0,,,False,False,False
2026-02-11T14:54:00.215209,592.236737,RX,0x1E0,0,,,False,False,False
2026-02-11T14:54:00.215209,592.236737,RX,0x000,128,E0 01 00 00 00 00 00 00,........,False,True,True
2026-02-11T14:54:00.215209,592.236737,RX,0x000,128,00 38 9B 71 80 02 00 00,.8.q....,False,False,False
2026-02-11T14:54:00.215209,592.236737,RX,0x000,0,,,False,False,False
2026-02-11T14:54:00.216222,592.237750,RX,0x1E0,0,,,False,False,False
2026-02-11T14:54:00.216222,592.237750,RX,0x000,128,E0 01 00 00 00 00 00 00,........,False,True,True
2026-02-11T14:54:00.216222,592.237750,RX,0x000,128,00 38 9B 71 80 02 00 00,.8.q....,False,False,False
2026-02-11T14:54:00.216222,592.237750,RX,0x000,0,,,False,False,False
2026-02-11T14:54:00.216222,592.237750,RX,0x1E0,0,,,False,False,False
2026-02-11T14:54:00.216222,592.237750,RX,0x000,128,E0 01 00 00 00 00 00 00,........,False,True,True
2026-02-11T14:54:00.216222,592.237750,RX,0x000,128,00 38 9B 71 80 02 00 00,.8.q....,False,False,False
2026-02-11T14:54:00.216222,592.237750,RX,0x000,0,,,False,False,False
2026-02-11T14:54:00.216222,592.237750,RX,0x1E0,0,,,False,False,False
2026-02-11T14:54:00.216222,592.237750,RX,0x000,128,E0 01 00 00 00 00 00 00,........,False,True,True
2026-02-11T14:54:00.216222,592.237750,RX,0x000,128,00 38 9B 71 80 02 00 00,.8.q....,False,False,False
2026-02-11T14:54:00.216222,592.237750,RX,0x000,0,,,False,False,False
2026-02-11T14:54:00.216222,592.237750,RX,0x1E0,0,,,False,False,False
2026-02-11T14:54:00.216222,592.237750,RX,0x000,128,E0 01 00 00 00 00 00 00,........,False,True,True
2026-02-11T14:54:00.216222,592.237750,RX,0x000,128,00 38 9B 71 80 02 00 00,.8.q....,False,False,False
2026-02-11T14:54:00.216222,592.237750,RX,0x000,0,,,False,False,False
2026-02-11T14:54:00.216222,592.237750,RX,0x1E0,0,,,False,False,False
2026-02-11T14:54:00.216222,592.237750,RX,0x000,128,E0 01 00 00 00 00 00 00,........,False,True,True
2026-02-11T14:54:00.216222,592.237750,RX,0x000,128,00 38 9B 71 80 02 00 00,.8.q....,False,False,False
2026-02-11T14:54:00.216222,592.237750,RX,0x000,0,,,False,False,False
2026-02-11T14:54:00.216222,592.237750,RX,0x1E0,0,,,False,False,False
2026-02-11T14:54:00.216222,592.237750,RX,0x000,128,E0 01 00 00 00 00 00 00,........,False,True,True
2026-02-11T14:54:00.217247,592.238775,RX,0x000,128,00 38 9B 71 80 02 00 00,.8.q....,False,False,False
2026-02-11T14:54:00.217247,592.238775,RX,0x000,0,,,False,False,False
2026-02-11T14:54:00.217247,592.238775,RX,0x1E0,0,,,False,False,False
2026-02-11T14:54:00.218248,592.239776,RX,0x000,128,E0 01 00 00 00 00 00 00,........,False,True,True
2026-02-11T14:54:00.218248,592.239776,RX,0x000,128,00 38 9B 71 80 02 00 00,.8.q....,False,False,False
2026-02-11T14:54:00.218248,592.239776,RX,0x000,0,,,False,False,False
2026-02-11T14:54:00.218248,592.239776,RX,0x1E0,0,,,False,False,False
2026-02-11T14:54:00.218248,592.239776,RX,0x000,128,E0 01 00 00 00 00 00 00,........,False,True,True
2026-02-11T14:54:00.218248,592.239776,RX,0x000,128,00 38 9B 71 80 02 00 00,.8.q....,False,False,False
2026-02-11T14:54:00.219519,592.241047,RX,0x000,0,,,False,False,False
2026-02-11T14:54:00.219519,592.241047,RX,0x1E0,0,,,False,False,False
2026-02-11T14:54:00.219519,592.241047,RX,0x000,128,E0 01 00 00 00 00 00 00,........,False,True,True
2026-02-11T14:54:00.219519,592.241047,RX,0x000,128,00 38 9B 71 80 02 00 00,.8.q....,False,False,False
2026-02-11T14:54:00.219519,592.241047,RX,0x000,0,,,False,False,False
2026-02-11T14:54:00.219519,592.241047,RX,0x1E0,0,,,False,False,False
2026-02-11T14:54:00.219519,592.241047,RX,0x000,128,E0 01 00 00 00 00 00 00,........,False,True,True
2026-02-11T14:54:00.219519,592.241047,RX,0x000,128,00 38 9B 71 80 02 00 00,.8.q....,False,False,False
2026-02-11T14:54:00.219519,592.241047,RX,0x000,0,,,False,False,False
2026-02-11T14:54:00.219519,592.241047,RX,0x1E0,0,,,False,False,False
2026-02-11T14:54:00.221030,592.242558,RX,0x000,128,E0 01 00 00 00 00 00 00,........,False,True,True
2026-02-11T14:54:00.221030,592.242558,RX,0x000,128,00 38 9B 71 80 02 00 00,.8.q....,False,False,False
2026-02-11T14:54:00.221030,592.242558,RX,0x000,0,,,False,False,False
2026-02-11T14:54:00.221030,592.242558,RX,0x1E0,0,,,False,False,False
2026-02-11T14:54:00.221030,592.242558,RX,0x000,128,E0 01 00 00 00 00 00 00,........,False,True,True
2026-02-11T14:54:00.221030,592.242558,RX,0x000,128,00 38 9B 71 80 02 00 00,.8.q....,False,False,False
2026-02-11T14:54:00.221030,592.242558,RX,0x000,0,,,False,False,False
2026-02-11T14:54:00.221030,592.242558,RX,0x1E0,0,,,False,False,False
2026-02-11T14:54:00.221030,592.242558,RX,0x000,128,E0 01 00 00 00 00 00 00,........,False,True,True
2026-02-11T14:54:00.221030,592.242558,RX,0x000,128,00 38 9B 71 80 02 00 00,.8.q....,False,False,False
2026-02-11T14:54:00.222541,592.244069,RX,0x000,0,,,False,False,False
2026-02-11T14:54:00.222541,592.244069,RX,0x1E0,0,,,False,False,False
2026-02-11T14:54:00.222541,592.244069,RX,0x000,128,E0 01 00 00 00 00 00 00,........,False,True,True
2026-02-11T14:54:00.222541,592.244069,RX,0x000,128,00 38 9B 71 80 02 00 00,.8.q....,False,False,False
2026-02-11T14:54:00.222541,592.244069,RX,0x000,0,,,False,False,False
2026-02-11T14:54:00.223554,592.245082,RX,0x1E0,0,,,False,False,False
2026-02-11T14:54:00.223554,592.245082,RX,0x000,128,E0 01 00 00 00 00 00 00,........,False,True,True
2026-02-11T14:54:00.223554,592.245082,RX,0x000,128,00 38 9B 71 80 02 00 00,.8.q....,False,False,False
2026-02-11T14:54:00.223554,592.245082,RX,0x000,0,,,False,False,False
2026-02-11T14:54:00.223554,592.245082,RX,0x1E0,0,,,False,False,False
2026-02-11T14:54:00.223554,592.245082,RX,0x000,128,E0 01 00 00 00 00 00 00,........,False,True,True
2026-02-11T14:54:00.223554,592.245082,RX,0x000,128,00 38 9B 71 80 02 00 00,.8.q....,False,False,False
2026-02-11T14:54:00.224553,592.246081,RX,0x000,0,,,False,False,False
2026-02-11T14:54:00.224553,592.246081,RX,0x1E0,0,,,False,False,False
2026-02-11T14:54:00.224553,592.246081,RX,0x000,128,E0 01 00 00 00 00 00 00,........,False,True,True
2026-02-11T14:54:00.224553,592.246081,RX,0x000,128,00 38 9B 71 80 02 00 00,.8.q....,False,False,False
2026-02-11T14:54:00.224553,592.246081,RX,0x000,0,,,False,False,False
2026-02-11T14:54:00.224553,592.246081,RX,0x1E0,0,,,False,False,False
2026-02-11T14:54:00.224553,592.246081,RX,0x000,128,E0 01 00 00 00 00 00 00,........,False,True,True
2026-02-11T14:54:00.224553,592.246081,RX,0x000,128,00 38 9B 71 80 02 00 00,.8.q....,False,False,False
2026-02-11T14:54:00.224553,592.246081,RX,0x000,0,,,False,False,False
2026-02-11T14:54:00.224553,592.246081,RX,0x1E0,0,,,False,False,False
2026-02-11T14:54:00.224553,592.246081,RX,0x000,128,E0 01 00 00 00 00 00 00,........,False,True,True
2026-02-11T14:54:00.224553,592.246081,RX,0x000,128,00 38 9B 71 80 02 00 00,.8.q....,False,False,False
2026-02-11T14:54:00.225553,592.247082,RX,0x000,0,,,False,False,False
2026-02-11T14:54:00.225553,592.247082,RX,0x1E0,0,,,False,False,False
2026-02-11T14:54:00.225553,592.247082,RX,0x000,128,E0 01 00 00 00 00 00 00,........,False,True,True
2026-02-11T14:54:00.225553,592.247082,RX,0x000,128,00 38 9B 71 80 02 00 00,.8.q....,False,False,False
2026-02-11T14:54:00.225553,592.247082,RX,0x000,0,,,False,False,False
2026-02-11T14:54:00.225553,592.247082,RX,0x1E0,0,,,False,False,False
2026-02-11T14:54:00.225553,592.247082,RX,0x000,128,E0 01 00 00 00 00 00 00,........,False,True,True
2026-02-11T14:54:00.225553,592.247082,RX,0x000,128,00 38 9B 71 80 02 00 00,.8.q....,False,False,False
2026-02-11T14:54:00.225553,592.247082,RX,0x000,0,,,False,False,False
2026-02-11T14:54:00.225553,592.247082,RX,0x1E0,0,,,False,False,False
2026-02-11T14:54:00.225553,592.247082,RX,0x000,128,E0 01 00 00 00 00 00 00,........,False,True,True
2026-02-11T14:54:00.225553,592.247082,RX,0x000,128,00 38 9B 71 80 02 00 00,.8.q....,False,False,False
2026-02-11T14:54:00.225553,592.247082,RX,0x000,0,,,False,False,False
2026-02-11T14:54:00.225553,592.247082,RX,0x1E0,0,,,False,False,False
2026-02-11T14:54:00.226553,592.248081,RX,0x000,128,E0 01 00 00 00 00 00 00,........,False,True,True
2026-02-11T14:54:00.226553,592.248081,RX,0x000,128,00 38 9B 71 80 02 00 00,.8.q....,False,False,False
2026-02-11T14:54:00.226553,592.248081,RX,0x000,0,,,False,False,False
2026-02-11T14:54:00.226553,592.248081,RX,0x1E0,0,,,False,False,False
2026-02-11T14:54:00.226553,592.248081,RX,0x000,128,E0 01 00 00 00 00 00 00,........,False,True,True
2026-02-11T14:54:00.226553,592.248081,RX,0x000,128,00 38 9B 71 80 02 00 00,.8.q....,False,False,False
2026-02-11T14:54:00.226553,592.248081,RX,0x000,0,,,False,False,False
2026-02-11T14:54:00.226553,592.248081,RX,0x1E0,0,,,False,False,False
2026-02-11T14:54:00.226553,592.248081,RX,0x000,128,E0 01 00 00 00 00 00 00,........,False,True,True
2026-02-11T14:54:00.226553,592.248081,RX,0x000,128,00 38 9B 71 80 02 00 00,.8.q....,False,False,False
2026-02-11T14:54:00.226553,592.248081,RX,0x000,0,,,False,False,False
2026-02-11T14:54:00.228060,592.249588,RX,0x1E0,0,,,False,False,False
2026-02-11T14:54:00.228060,592.249588,RX,0x000,128,E0 01 00 00 00 00 00 00,........,False,True,True
2026-02-11T14:54:00.228060,592.249588,RX,0x000,128,00 38 9B 71 80 02 00 00,.8.q....,False,False,False
2026-02-11T14:54:00.228060,592.249588,RX,0x000,0,,,False,False,False
2026-02-11T14:54:00.229085,592.250613,RX,0x1E0,0,,,False,False,False
2026-02-11T14:54:00.229085,592.250613,RX,0x000,128,E0 01 00 00 00 00 00 00,........,False,True,True
2026-02-11T14:54:00.229085,592.250613,RX,0x000,128,00 38 9B 71 80 02 00 00,.8.q....,False,False,False
2026-02-11T14:54:00.229085,592.250613,RX,0x000,0,,,False,False,False
2026-02-11T14:54:00.229085,592.250613,RX,0x1E0,0,,,False,False,False
2026-02-11T14:54:00.229085,592.250613,RX,0x000,128,E0 01 00 00 00 00 00 00,........,False,True,True
2026-02-11T14:54:00.230085,592.251613,RX,0x000,128,00 38 9B 71 80 02 00 00,.8.q....,False,False,False
2026-02-11T14:54:00.230085,592.251613,RX,0x000,0,,,False,False,False
2026-02-11T14:54:00.230085,592.251613,RX,0x1E0,0,,,False,False,False
2026-02-11T14:54:00.230085,592.251613,RX,0x000,128,E0 01 00 00 00 00 00 00,........,False,True,True
2026-02-11T14:54:00.230085,592.251613,RX,0x000,128,00 38 9B 71 80 02 00 00,.8.q....,False,False,False
2026-02-11T14:54:00.230085,592.251613,RX,0x000,0,,,False,False,False
2026-02-11T14:54:00.230085,592.251613,RX,0x1E0,0,,,False,False,False
2026-02-11T14:54:00.230085,592.251613,RX,0x000,128,E0 01 00 00 00 00 00 00,........,False,True,True
2026-02-11T14:54:00.230085,592.251613,RX,0x000,128,00 38 9B 71 80 02 00 00,.8.q....,False,False,False
2026-02-11T14:54:00.231088,592.252616,RX,0x000,0,,,False,False,False
2026-02-11T14:54:00.231088,592.252616,RX,0x1E0,0,,,False,False,False
2026-02-11T14:54:00.231088,592.252616,RX,0x000,128,E0 01 00 00 00 00 00 00,........,False,True,True
2026-02-11T14:54:00.231088,592.252616,RX,0x000,128,00 38 9B 71 80 02 00 00,.8.q....,False,False,False
2026-02-11T14:54:00.231088,592.252616,RX,0x000,0,,,False,False,False
2026-02-11T14:54:00.231088,592.252616,RX,0x1E0,0,,,False,False,False
2026-02-11T14:54:00.231088,592.252616,RX,0x000,128,E0 01 00 00 00 00 00 00,........,False,True,True
2026-02-11T14:54:00.232088,592.253616,RX,0x000,128,00 38 9B 71 80 02 00 00,.8.q....,False,False,False
2026-02-11T14:54:00.232088,592.253616,RX,0x000,0,,,False,False,False
2026-02-11T14:54:00.232088,592.253616,RX,0x1E0,0,,,False,False,False
2026-02-11T14:54:00.232088,592.253616,RX,0x000,128,E0 01 00 00 00 00 00 00,........,False,True,True
2026-02-11T14:54:00.232088,592.253616,RX,0x000,128,00 38 9B 71 80 02 00 00,.8.q....,False,False,False
2026-02-11T14:54:00.232088,592.253616,RX,0x000,0,,,False,False,False
2026-02-11T14:54:00.232088,592.253616,RX,0x1E0,0,,,False,False,False
2026-02-11T14:54:00.232088,592.253616,RX,0x000,128,E0 01 00 00 00 00 00 00,........,False,True,True
2026-02-11T14:54:00.232088,592.253616,RX,0x000,128,00 38 9B 71 80 02 00 00,.8.q....,False,False,False
2026-02-11T14:54:00.232088,592.253616,RX,0x000,0,,,False,False,False
2026-02-11T14:54:00.232088,592.253616,RX,0x1E0,0,,,False,False,False
2026-02-11T14:54:00.233088,592.254616,RX,0x000,128,E0 01 00 00 00 00 00 00,........,False,True,True
2026-02-11T14:54:00.233088,592.254616,RX,0x000,128,00 38 9B 71 80 02 00 00,.8.q....,False,False,False
2026-02-11T14:54:00.233088,592.254616,RX,0x000,0,,,False,False,False
2026-02-11T14:54:00.233088,592.254616,RX,0x1E0,0,,,False,False,False
2026-02-11T14:54:00.234087,592.255615,RX,0x000,128,E0 01 00 00 00 00 00 00,........,False,True,True
2026-02-11T14:54:00.234087,592.255615,RX,0x000,128,00 38 9B 71 80 02 00 00,.8.q....,False,False,False
2026-02-11T14:54:00.234087,592.255615,RX,0x000,0,,,False,False,False
2026-02-11T14:54:00.234087,592.255615,RX,0x1E0,0,,,False,False,False
2026-02-11T14:54:00.234087,592.255615,RX,0x000,128,E0 01 00 00 00 00 00 00,........,False,True,True
2026-02-11T14:54:00.234087,592.255615,RX,0x000,128,00 38 9B 71 80 02 00 00,.8.q....,False,False,False
2026-02-11T14:54:00.234087,592.255615,RX,0x000,0,,,False,False,False
2026-02-11T14:54:00.234087,592.255615,RX,0x1E0,0,,,False,False,False
2026-02-11T14:54:00.234087,592.255615,RX,0x000,128,E0 01 00 00 00 00 00 00,........,False,True,True
2026-02-11T14:54:00.234087,592.255615,RX,0x000,128,00 38 9B 71 80 02 00 00,.8.q....,False,False,False
2026-02-11T14:54:00.235088,592.256616,RX,0x000,0,,,False,False,False
2026-02-11T14:54:00.235088,592.256616,RX,0x1E0,0,,,False,False,False
2026-02-11T14:54:00.235088,592.256616,RX,0x000,128,E0 01 00 00 00 00 00 00,........,False,True,True
2026-02-11T14:54:00.235088,592.256616,RX,0x000,128,00 38 9B 71 80 02 00 00,.8.q....,False,False,False
2026-02-11T14:54:00.235088,592.256616,RX,0x000,0,,,False,False,False
2026-02-11T14:54:00.235088,592.256616,RX,0x1E0,0,,,False,False,False
2026-02-11T14:54:00.235088,592.256616,RX,0x000,128,E0 01 00 00 00 00 00 00,........,False,True,True
2026-02-11T14:54:00.235088,592.256616,RX,0x000,128,00 38 9B 71 80 02 00 00,.8.q....,False,False,False
2026-02-11T14:54:00.235088,592.256616,RX,0x000,0,,,False,False,False
2026-02-11T14:54:00.235088,592.256616,RX,0x1E0,0,,,False,False,False
2026-02-11T14:54:00.235088,592.256616,RX,0x000,128,E0 01 00 00 00 00 00 00,........,False,True,True
2026-02-11T14:54:00.235088,592.256616,RX,0x000,128,00 38 9B 71 80 02 00 00,.8.q....,False,False,False
2026-02-11T14:54:00.235088,592.256616,RX,0x000,0,,,False,False,False
2026-02-11T14:54:00.235088,592.256616,RX,0x1E0,0,,,False,False,False
2026-02-11T14:54:00.236088,592.257616,RX,0x000,128,E0 01 00 00 00 00 00 00,........,False,True,True
2026-02-11T14:54:00.236088,592.257616,RX,0x000,128,00 38 9B 71 80 02 00 00,.8.q....,False,False,False
2026-02-11T14:54:00.236088,592.257616,RX,0x000,0,,,False,False,False
2026-02-11T14:54:00.236088,592.257616,RX,0x1E0,0,,,False,False,False
2026-02-11T14:54:00.236088,592.257616,RX,0x000,128,E0 01 00 00 00 00 00 00,........,False,True,True
2026-02-11T14:54:00.236088,592.257616,RX,0x000,128,00 38 9B 71 80 02 00 00,.8.q....,False,False,False
2026-02-11T14:54:00.236088,592.257616,RX,0x000,0,,,False,False,False
2026-02-11T14:54:00.236088,592.257616,RX,0x1E0,0,,,False,False,False
2026-02-11T14:54:00.236088,592.257616,RX,0x000,128,E0 01 00 00 00 00 00 00,........,False,True,True
2026-02-11T14:54:00.236088,592.257616,RX,0x000,128,00 38 9B 71 80 02 00 00,.8.q....,False,False,False
2026-02-11T14:54:00.236088,592.257616,RX,0x000,0,,,False,False,False
2026-02-11T14:54:00.236088,592.257616,RX,0x1E0,0,,,False,False,False
2026-02-11T14:54:00.237087,592.258615,RX,0x000,128,E0 01 00 00 00 00 00 00,........,False,True,True
2026-02-11T14:54:00.237087,592.258615,RX,0x000,128,00 38 9B 71 80 02 00 00,.8.q....,False,False,False
2026-02-11T14:54:00.237087,592.258615,RX,0x000,0,,,False,False,False
2026-02-11T14:54:00.237087,592.258615,RX,0x1E0,0,,,False,False,False
2026-02-11T14:54:00.237087,592.258615,RX,0x000,128,E0 01 00 00 00 00 00 00,........,False,True,True
2026-02-11T14:54:00.237087,592.258615,RX,0x000,128,00 38 9B 71 80 02 00 00,.8.q....,False,False,False
2026-02-11T14:54:00.237087,592.258615,RX,0x000,0,,,False,False,False
2026-02-11T14:54:00.237087,592.258615,RX,0x1E0,0,,,False,False,False
2026-02-11T14:54:00.237087,592.258615,RX,0x000,128,E0 01 00 00 00 00 00 00,........,False,True,True
2026-02-11T14:54:00.237087,592.258615,RX,0x000,128,00 38 9B 71 80 02 00 00,.8.q....,False,False,False
2026-02-11T14:54:00.237087,592.258615,RX,0x000,0,,,False,False,False
2026-02-11T14:54:00.237087,592.258615,RX,0x1E0,0,,,False,False,False
2026-02-11T14:54:00.238087,592.259615,RX,0x000,128,E0 01 00 00 00 00 00 00,........,False,True,True
2026-02-11T14:54:00.238087,592.259615,RX,0x000,128,00 38 9B 71 80 02 00 00,.8.q....,False,False,False
2026-02-11T14:54:00.238087,592.259615,RX,0x000,0,,,False,False,False
2026-02-11T14:54:00.238087,592.259615,RX,0x1E0,0,,,False,False,False
2026-02-11T14:54:00.238087,592.259615,RX,0x000,128,E0 01 00 00 00 00 00 00,........,False,True,True
2026-02-11T14:54:00.238087,592.259615,RX,0x000,128,00 38 9B 71 80 02 00 00,.8.q....,False,False,False
2026-02-11T14:54:00.238087,592.259615,RX,0x000,0,,,False,False,False
2026-02-11T14:54:00.238594,592.260122,RX,0x1E0,0,,,False,False,False
2026-02-11T14:54:00.238594,592.260122,RX,0x000,128,E0 01 00 00 00 00 00 00,........,False,True,True
2026-02-11T14:54:00.238594,592.260122,RX,0x000,128,00 38 9B 71 80 02 00 00,.8.q....,False,False,False
2026-02-11T14:54:00.238594,592.260122,RX,0x000,0,,,False,False,False
2026-02-11T14:54:00.238594,592.260122,RX,0x1E0,0,,,False,False,False
2026-02-11T14:54:00.238594,592.260122,RX,0x000,128,E0 01 00 00 00 00 00 00,........,False,True,True
2026-02-11T14:54:00.238594,592.260122,RX,0x000,128,00 38 9B 71 80 02 00 00,.8.q....,False,False,False
2026-02-11T14:54:00.238594,592.260122,RX,0x000,0,,,False,False,False
2026-02-11T14:54:00.238594,592.260122,RX,0x1E0,0,,,False,False,False
2026-02-11T14:54:00.238594,592.260122,RX,0x000,128,E0 01 00 00 00 00 00 00,........,False,True,True
2026-02-11T14:54:00.238594,592.260122,RX,0x000,128,00 38 9B 71 80 02 00 00,.8.q....,False,False,False
2026-02-11T14:54:00.238594,592.260122,RX,0x000,0,,,False,False,False
2026-02-11T14:54:00.238594,592.260122,RX,0x1E0,0,,,False,False,False
2026-02-11T14:54:00.238594,592.260122,RX,0x000,128,E0 01 00 00 00 00 00 00,........,False,True,True
2026-02-11T14:54:00.238594,592.260122,RX,0x000,128,00 38 9B 71 80 02 00 00,.8.q....,False,False,False
2026-02-11T14:54:00.238594,592.260122,RX,0x000,0,,,False,False,False
2026-02-11T14:54:00.238594,592.260122,RX,0x1E0,0,,,False,False,False
2026-02-11T14:54:00.239596,592.260122,RX,0x000,128,E0 01 00 00 00 00 00 00,........,False,True,True
2026-02-11T14:54:00.239596,592.261124,RX,0x000,128,00 38 9B 71 80 02 00 00,.8.q....,False,False,False
2026-02-11T14:54:00.239596,592.261124,RX,0x000,0,,,False,False,False
2026-02-11T14:54:00.239596,592.261124,RX,0x1E0,0,,,False,False,False
2026-02-11T14:54:00.239596,592.261124,RX,0x000,128,E0 01 00 00 00 00 00 00,........,False,True,True
2026-02-11T14:54:00.239596,592.261124,RX,0x000,128,00 38 9B 71 80 02 00 00,.8.q....,False,False,False
2026-02-11T14:54:00.239596,592.261124,RX,0x000,0,,,False,False,False
2026-02-11T14:54:00.239596,592.261124,RX,0x1E0,0,,,False,False,False
2026-02-11T14:54:00.239596,592.261124,RX,0x000,128,E0 01 00 00 00 00 00 00,........,False,True,True
2026-02-11T14:54:00.239596,592.261124,RX,0x000,128,00 38 9B 71 80 02 00 00,.8.q....,False,False,False
2026-02-11T14:54:00.239596,592.261124,RX,0x000,0,,,False,False,False
2026-02-11T14:54:00.239596,592.261124,RX,0x1E0,0,,,False,False,False
2026-02-11T14:54:00.239596,592.261124,RX,0x000,128,E0 01 00 00 00 00 00 00,........,False,True,True
2026-02-11T14:54:00.239596,592.261124,RX,0x000,128,00 38 9B 71 80 02 00 00,.8.q....,False,False,False
2026-02-11T14:54:00.239596,592.261124,RX,0x000,0,,,False,False,False
2026-02-11T14:54:00.239596,592.261124,RX,0x1E0,0,,,False,False,False
2026-02-11T14:54:00.239596,592.261124,RX,0x000,128,E0 01 00 00 00 00 00 00,........,False,True,True
2026-02-11T14:54:00.239596,592.261124,RX,0x000,128,00 38 9B 71 80 02 00 00,.8.q....,False,False,False
2026-02-11T14:54:00.239596,592.261124,RX,0x000,0,,,False,False,False
2026-02-11T14:54:00.239596,592.261124,RX,0x1E0,0,,,False,False,False
2026-02-11T14:54:00.239596,592.261124,RX,0x000,128,E0 01 00 00 00 00 00 00,........,False,True,True
2026-02-11T14:54:00.239596,592.261124,RX,0x000,128,00 38 9B 71 80 02 00 00,.8.q....,False,False,False
2026-02-11T14:54:00.241101,592.262629,RX,0x000,0,,,False,False,False
2026-02-11T14:54:00.241101,592.262629,RX,0x1E0,0,,,False,False,False
2026-02-11T14:54:00.241101,592.262629,RX,0x000,128,E0 01 00 00 00 00 00 00,........,False,True,True
2026-02-11T14:54:00.241101,592.262629,RX,0x000,128,00 38 9B 71 80 02 00 00,.8.q....,False,False,False
2026-02-11T14:54:00.241101,592.262629,RX,0x000,0,,,False,False,False
2026-02-11T14:54:00.241101,592.262629,RX,0x1E0,0,,,False,False,False
2026-02-11T14:54:00.241101,592.262629,RX,0x000,128,E0 01 00 00 00 00 00 00,........,False,True,True
2026-02-11T14:54:00.241101,592.262629,RX,0x000,128,00 38 9B 71 80 02 00 00,.8.q....,False,False,False
2026-02-11T14:54:00.241101,592.262629,RX,0x000,0,,,False,False,False
2026-02-11T14:54:00.241101,592.262629,RX,0x1E0,0,,,False,False,False
2026-02-11T14:54:00.241101,592.262629,RX,0x000,128,E0 01 00 00 00 00 00 00,........,False,True,True
2026-02-11T14:54:00.241101,592.262629,RX,0x000,128,00 38 9B 71 80 02 00 00,.8.q....,False,False,False
2026-02-11T14:54:00.241101,592.262629,RX,0x000,0,,,False,False,False
2026-02-11T14:54:00.241101,592.262629,RX,0x1E0,0,,,False,False,False
2026-02-11T14:54:00.241101,592.262629,RX,0x000,128,E0 01 00 00 00 00 00 00,........,False,True,True
2026-02-11T14:54:00.241101,592.262629,RX,0x000,128,00 38 9B 71 80 02 00 00,.8.q....,False,False,False
2026-02-11T14:54:00.241101,592.262629,RX,0x000,0,,,False,False,False
2026-02-11T14:54:00.241101,592.262629,RX,0x1E0,0,,,False,False,False
2026-02-11T14:54:00.242103,592.263631,RX,0x000,128,E0 01 00 00 00 00 00 00,........,False,True,True
2026-02-11T14:54:00.242103,592.263631,RX,0x000,128,00 38 9B 71 80 02 00 00,.8.q....,False,False,False
2026-02-11T14:54:00.242103,592.263631,RX,0x000,0,,,False,False,False
2026-02-11T14:54:00.242103,592.263631,RX,0x1E0,0,,,False,False,False
2026-02-11T14:54:00.242103,592.263631,RX,0x000,128,E0 01 00 00 00 00 00 00,........,False,True,True
2026-02-11T14:54:00.242103,592.263631,RX,0x000,128,00 38 9B 71 80 02 00 00,.8.q....,False,False,False
2026-02-11T14:54:00.242103,592.263631,RX,0x000,0,,,False,False,False
2026-02-11T14:54:00.242103,592.263631,RX,0x1E0,0,,,False,False,False
2026-02-11T14:54:00.242103,592.263631,RX,0x000,128,E0 01 00 00 00 00 00 00,........,False,True,True
2026-02-11T14:54:00.242103,592.263631,RX,0x000,128,00 38 9B 71 80 02 00 00,.8.q....,False,False,False
2026-02-11T14:54:00.242103,592.263631,RX,0x000,0,,,False,False,False
2026-02-11T14:54:00.242103,592.263631,RX,0x1E0,0,,,False,False,False
2026-02-11T14:54:00.242103,592.263631,RX,0x000,128,E0 01 00 00 00 00 00 00,........,False,True,True
2026-02-11T14:54:00.242103,592.263631,RX,0x000,128,00 38 9B 71 80 02 00 00,.8.q....,False,False,False
2026-02-11T14:54:00.242103,592.263631,RX,0x000,0,,,False,False,False
2026-02-11T14:54:00.242103,592.263631,RX,0x1E0,0,,,False,False,False
2026-02-11T14:54:00.242103,592.263631,RX,0x000,128,E0 01 00 00 00 00 00 00,........,False,True,True
2026-02-11T14:54:00.242103,592.263631,RX,0x000,128,00 38 9B 71 80 02 00 00,.8.q....,False,False,False
2026-02-11T14:54:00.242103,592.263631,RX,0x000,0,,,False,False,False
2026-02-11T14:54:00.242103,592.263631,RX,0x1E0,0,,,False,False,False
2026-02-11T14:54:00.243103,592.264631,RX,0x000,128,E0 01 00 00 00 00 00 00,........,False,True,True
2026-02-11T14:54:00.243103,592.264631,RX,0x000,128,00 38 9B 71 80 02 00 00,.8.q....,False,False,False
2026-02-11T14:54:00.243103,592.264631,RX,0x000,0,,,False,False,False
2026-02-11T14:54:00.243103,592.264631,RX,0x1E0,0,,,False,False,False
2026-02-11T14:54:00.243103,592.264631,RX,0x000,128,E0 01 00 00 00 00 00 00,........,False,True,True
2026-02-11T14:54:00.243103,592.264631,RX,0x000,128,00 38 9B 71 80 02 00 00,.8.q....,False,False,False
2026-02-11T14:54:00.243103,592.264631,RX,0x000,0,,,False,False,False
2026-02-11T14:54:00.243103,592.264631,RX,0x1E0,0,,,False,False,False
2026-02-11T14:54:00.243103,592.264631,RX,0x000,128,E0 01 00 00 00 00 00 00,........,False,True,True
2026-02-11T14:54:00.243103,592.264631,RX,0x000,128,00 38 9B 71 80 02 00 00,.8.q....,False,False,False
2026-02-11T14:54:00.243103,592.264631,RX,0x000,0,,,False,False,False
2026-02-11T14:54:00.243103,592.264631,RX,0x1E0,0,,,False,False,False
2026-02-11T14:54:00.243103,592.264631,RX,0x000,128,E0 01 00 00 00 00 00 00,........,False,True,True
2026-02-11T14:54:00.243103,592.264631,RX,0x000,128,00 38 9B 71 80 02 00 00,.8.q....,False,False,False
2026-02-11T14:54:00.243103,592.264631,RX,0x000,0,,,False,False,False
2026-02-11T14:54:00.243103,592.264631,RX,0x1E0,0,,,False,False,False
2026-02-11T14:54:00.244104,592.265632,RX,0x000,128,E0 01 00 00 00 00 00 00,........,False,True,True
2026-02-11T14:54:00.244104,592.265632,RX,0x000,128,00 38 9B 71 80 02 00 00,.8.q....,False,False,False
2026-02-11T14:54:00.244104,592.265632,RX,0x000,0,,,False,False,False
2026-02-11T14:54:00.244104,592.265632,RX,0x1E0,0,,,False,False,False
2026-02-11T14:54:00.244104,592.265632,RX,0x000,128,E0 01 00 00 00 00 00 00,........,False,True,True
2026-02-11T14:54:00.244104,592.265632,RX,0x000,128,00 38 9B 71 80 02 00 00,.8.q....,False,False,False
2026-02-11T14:54:00.244104,592.265632,RX,0x000,0,,,False,False,False
2026-02-11T14:54:00.244104,592.265632,RX,0x1E0,0,,,False,False,False
2026-02-11T14:54:00.244104,592.265632,RX,0x000,128,E0 01 00 00 00 00 00 00,........,False,True,True
2026-02-11T14:54:00.244104,592.265632,RX,0x000,128,00 38 9B 71 80 02 00 00,.8.q....,False,False,False
2026-02-11T14:54:00.244104,592.265632,RX,0x000,0,,,False,False,False
2026-02-11T14:54:00.244104,592.265632,RX,0x1E0,0,,,False,False,False
2026-02-11T14:54:00.244104,592.265632,RX,0x000,128,E0 01 00 00 00 00 00 00,........,False,True,True
2026-02-11T14:54:00.244104,592.265632,RX,0x000,128,00 38 9B 71 80 02 00 00,.8.q....,False,False,False
2026-02-11T14:54:00.244104,592.265632,RX,0x000,0,,,False,False,False
2026-02-11T14:54:00.245103,592.265632,RX,0x1E0,0,,,False,False,False
2026-02-11T14:54:00.245103,592.266631,RX,0x000,128,E0 01 00 00 00 00 00 00,........,False,True,True
2026-02-11T14:54:00.245103,592.266631,RX,0x000,128,00 38 9B 71 80 02 00 00,.8.q....,False,False,False
2026-02-11T14:54:00.245103,592.266631,RX,0x000,0,,,False,False,False
2026-02-11T14:54:00.245103,592.266631,RX,0x1E0,0,,,False,False,False
2026-02-11T14:54:00.245103,592.266631,RX,0x000,128,E0 01 00 00 00 00 00 00,........,False,True,True
2026-02-11T14:54:00.245103,592.266631,RX,0x000,128,00 38 9B 71 80 02 00 00,.8.q....,False,False,False
2026-02-11T14:54:00.245103,592.266631,RX,0x000,0,,,False,False,False
2026-02-11T14:54:00.245103,592.266631,RX,0x1E0,0,,,False,False,False
2026-02-11T14:54:00.245103,592.266631,RX,0x000,128,E0 01 00 00 00 00 00 00,........,False,True,True
2026-02-11T14:54:00.245103,592.266631,RX,0x000,128,00 38 9B 71 80 02 00 00,.8.q....,False,False,False
2026-02-11T14:54:00.245103,592.266631,RX,0x000,0,,,False,False,False
2026-02-11T14:54:00.245103,592.266631,RX,0x1E0,0,,,False,False,False
2026-02-11T14:54:00.245103,592.266631,RX,0x000,128,E0 01 00 00 00 00 00 00,........,False,True,True
2026-02-11T14:54:00.245103,592.266631,RX,0x000,128,00 38 9B 71 80 02 00 00,.8.q....,False,False,False
2026-02-11T14:54:00.245103,592.266631,RX,0x000,0,,,False,False,False
2026-02-11T14:54:00.245103,592.266631,RX,0x1E0,0,,,False,False,False
2026-02-11T14:54:00.245103,592.266631,RX,0x000,128,E0 01 00 00 00 00 00 00,........,False,True,True
2026-02-11T14:54:00.245103,592.266631,RX,0x000,128,00 38 9B 71 80 02 00 00,.8.q....,False,False,False
2026-02-11T14:54:00.246103,592.267631,RX,0x000,0,,,False,False,False
2026-02-11T14:54:00.246103,592.267631,RX,0x1E0,0,,,False,False,False
2026-02-11T14:54:00.246103,592.267631,RX,0x000,128,E0 01 00 00 00 00 00 00,........,False,True,True
2026-02-11T14:54:00.246103,592.267631,RX,0x000,128,00 38 9B 71 80 02 00 00,.8.q....,False,False,False
2026-02-11T14:54:00.246103,592.267631,RX,0x000,0,,,False,False,False
2026-02-11T14:54:00.246103,592.267631,RX,0x1E0,0,,,False,False,False
2026-02-11T14:54:00.246103,592.267631,RX,0x000,128,E0 01 00 00 00 00 00 00,........,False,True,True
2026-02-11T14:54:00.246103,592.267631,RX,0x000,128,00 38 9B 71 80 02 00 00,.8.q....,False,False,False
2026-02-11T14:54:00.246103,592.267631,RX,0x000,0,,,False,False,False
2026-02-11T14:54:00.246103,592.267631,RX,0x1E0,0,,,False,False,False
2026-02-11T14:54:00.246103,592.267631,RX,0x000,128,E0 01 00 00 00 00 00 00,........,False,True,True
2026-02-11T14:54:00.246103,592.267631,RX,0x000,128,00 38 9B 71 80 02 00 00,.8.q....,False,False,False
2026-02-11T14:54:00.246103,592.267631,RX,0x000,0,,,False,False,False
2026-02-11T14:54:00.246103,592.267631,RX,0x1E0,0,,,False,False,False
2026-02-11T14:54:00.246103,592.267631,RX,0x000,128,E0 01 00 00 00 00 00 00,........,False,True,True
2026-02-11T14:54:00.246103,592.267631,RX,0x000,128,00 38 9B 71 80 02 00 00,.8.q....,False,False,False
2026-02-11T14:54:00.246103,592.267631,RX,0x000,0,,,False,False,False
2026-02-11T14:54:00.247104,592.268631,RX,0x1E0,0,,,False,False,False
2026-02-11T14:54:00.247104,592.268631,RX,0x000,128,E0 01 00 00 00 00 00 00,........,False,True,True
2026-02-11T14:54:00.247104,592.268631,RX,0x000,128,00 38 9B 71 80 02 00 00,.8.q....,False,False,False
2026-02-11T14:54:00.247104,592.268631,RX,0x000,0,,,False,False,False
2026-02-11T14:54:00.247104,592.268631,RX,0x1E0,0,,,False,False,False
2026-02-11T14:54:00.247104,592.268631,RX,0x000,128,E0 01 00 00 00 00 00 00,........,False,True,True
2026-02-11T14:54:00.247104,592.268631,RX,0x000,128,00 38 9B 71 80 02 00 00,.8.q....,False,False,False
2026-02-11T14:54:00.247104,592.268631,RX,0x000,0,,,False,False,False
2026-02-11T14:54:00.247104,592.268631,RX,0x1E0,0,,,False,False,False
2026-02-11T14:54:00.247104,592.268631,RX,0x000,128,E0 01 00 00 00 00 00 00,........,False,True,True
2026-02-11T14:54:00.247104,592.268631,RX,0x000,128,00 38 9B 71 80 02 00 00,.8.q....,False,False,False
2026-02-11T14:54:00.247104,592.268631,RX,0x000,0,,,False,False,False
2026-02-11T14:54:00.247104,592.268631,RX,0x1E0,0,,,False,False,False
2026-02-11T14:54:00.247104,592.268631,RX,0x000,128,E0 01 00 00 00 00 00 00,........,False,True,True
2026-02-11T14:54:00.247104,592.268631,RX,0x000,128,00 38 9B 71 80 02 00 00,.8.q....,False,False,False
2026-02-11T14:54:00.247104,592.268631,RX,0x000,0,,,False,False,False
2026-02-11T14:54:00.247104,592.268631,RX,0x1E0,0,,,False,False,False
2026-02-11T14:54:00.248103,592.269631,RX,0x000,128,E0 01 00 00 00 00 00 00,........,False,True,True
2026-02-11T14:54:00.248103,592.269631,RX,0x000,128,00 38 9B 71 80 02 00 00,.8.q....,False,False,False
2026-02-11T14:54:00.248103,592.269631,RX,0x000,0,,,False,False,False
2026-02-11T14:54:00.248103,592.269631,RX,0x1E0,0,,,False,False,False
2026-02-11T14:54:00.248103,592.269631,RX,0x000,128,E0 01 00 00 00 00 00 00,........,False,True,True
2026-02-11T14:54:00.248103,592.269631,RX,0x000,128,00 38 9B 71 80 02 00 00,.8.q....,False,False,False
2026-02-11T14:54:00.248103,592.269631,RX,0x000,0,,,False,False,False
2026-02-11T14:54:00.248103,592.269631,RX,0x1E0,0,,,False,False,False
2026-02-11T14:54:00.248608,592.269631,RX,0x000,128,E0 01 00 00 00 00 00 00,........,False,True,True
2026-02-11T14:54:00.248608,592.270136,RX,0x000,128,00 38 9B 71 80 02 00 00,.8.q....,False,False,False
2026-02-11T14:54:00.248608,592.270136,RX,0x000,0,,,False,False,False
2026-02-11T14:54:00.248608,592.270136,RX,0x1E0,0,,,False,False,False
2026-02-11T14:54:00.248608,592.270136,RX,0x000,128,E0 01 00 00 00 00 00 00,........,False,True,True
2026-02-11T14:54:00.248608,592.270136,RX,0x000,128,00 38 9B 71 80 02 00 00,.8.q....,False,False,False
2026-02-11T14:54:00.248608,592.270136,RX,0x000,0,,,False,False,False
2026-02-11T14:54:00.248608,592.270136,RX,0x1E0,0,,,False,False,False
2026-02-11T14:54:00.248608,592.270136,RX,0x000,128,E0 01 00 00 00 00 00 00,........,False,True,True
2026-02-11T14:54:00.248608,592.270136,RX,0x000,128,00 38 9B 71 80 02 00 00,.8.q....,False,False,False
2026-02-11T14:54:00.250072,592.271600,RX,0x000,0,,,False,False,False
2026-02-11T14:54:00.250072,592.271600,RX,0x1E0,0,,,False,False,False
2026-02-11T14:54:00.250072,592.271600,RX,0x000,128,E0 01 00 00 00 00 00 00,........,False,True,True
2026-02-11T14:54:00.250072,592.271600,RX,0x000,128,00 38 9B 71 80 02 00 00,.8.q....,False,False,False
2026-02-11T14:54:00.250072,592.271600,RX,0x000,0,,,False,False,False
2026-02-11T14:54:00.250072,592.271600,RX,0x1E0,0,,,False,False,False
2026-02-11T14:54:00.250072,592.271600,RX,0x000,128,E0 01 00 00 00 00 00 00,........,False,True,True
2026-02-11T14:54:00.250072,592.271600,RX,0x000,128,00 38 9B 71 80 02 00 00,.8.q....,False,False,False
2026-02-11T14:54:00.250072,592.271600,RX,0x000,0,,,False,False,False
2026-02-11T14:54:00.250072,592.271600,RX,0x1E0,0,,,False,False,False
2026-02-11T14:54:00.250072,592.271600,RX,0x000,128,E0 01 00 00 00 00 00 00,........,False,True,True
2026-02-11T14:54:00.250072,592.271600,RX,0x000,128,00 38 9B 71 80 02 00 00,.8.q....,False,False,False
2026-02-11T14:54:00.250072,592.271600,RX,0x000,0,,,False,False,False
2026-02-11T14:54:00.251077,592.271600,RX,0x1E0,0,,,False,False,False
2026-02-11T14:54:00.251077,592.272605,RX,0x000,128,E0 01 00 00 00 00 00 00,........,False,True,True
2026-02-11T14:54:00.251582,592.272605,RX,0x000,128,00 38 9B 71 80 02 00 00,.8.q....,False,False,False
2026-02-11T14:54:00.251582,592.273110,RX,0x000,0,,,False,False,False
2026-02-11T14:54:00.251582,592.273110,RX,0x1E0,0,,,False,False,False
2026-02-11T14:54:00.251582,592.273110,RX,0x000,128,E0 01 00 00 00 00 00 00,........,False,True,True
2026-02-11T14:54:00.251582,592.273110,RX,0x000,128,00 38 9B 71 80 02 00 00,.8.q....,False,False,False
2026-02-11T14:54:00.251582,592.273110,RX,0x000,0,,,False,False,False
2026-02-11T14:54:00.251582,592.273110,RX,0x1E0,0,,,False,False,False
2026-02-11T14:54:00.251582,592.273110,RX,0x000,128,E0 01 00 00 00 00 00 00,........,False,True,True
2026-02-11T14:54:00.251582,592.273110,RX,0x000,128,00 38 9B 71 80 02 00 00,.8.q....,False,False,False
2026-02-11T14:54:00.251582,592.273110,RX,0x000,0,,,False,False,False
2026-02-11T14:54:00.251582,592.273110,RX,0x1E0,0,,,False,False,False
2026-02-11T14:54:00.251582,592.273110,RX,0x000,128,E0 01 00 00 00 00 00 00,........,False,True,True
2026-02-11T14:54:00.251582,592.273110,RX,0x000,128,00 38 9B 71 80 02 00 00,.8.q....,False,False,False
2026-02-11T14:54:00.251582,592.273110,RX,0x000,0,,,False,False,False
2026-02-11T14:54:00.251582,592.273110,RX,0x1E0,0,,,False,False,False
2026-02-11T14:54:00.251582,592.273110,RX,0x000,128,E0 01 00 00 00 00 00 00,........,False,True,True
2026-02-11T14:54:00.251582,592.273110,RX,0x000,128,00 38 9B 71 80 02 00 00,.8.q....,False,False,False
2026-02-11T14:54:00.252592,592.274120,RX,0x000,0,,,False,False,False
2026-02-11T14:54:00.252592,592.274120,RX,0x1E0,0,,,False,False,False
2026-02-11T14:54:00.252592,592.274120,RX,0x000,128,E0 01 00 00 00 00 00 00,........,False,True,True
2026-02-11T14:54:00.252592,592.274120,RX,0x000,128,00 38 9B 71 80 02 00 00,.8.q....,False,False,False
2026-02-11T14:54:00.252592,592.274120,RX,0x000,0,,,False,False,False
2026-02-11T14:54:00.252592,592.274120,RX,0x1E0,0,,,False,False,False
2026-02-11T14:54:00.252592,592.274120,RX,0x000,128,E0 01 00 00 00 00 00 00,........,False,True,True
2026-02-11T14:54:00.252592,592.274120,RX,0x000,128,00 38 9B 71 80 02 00 00,.8.q....,False,False,False
2026-02-11T14:54:00.252592,592.274120,RX,0x000,0,,,False,False,False
2026-02-11T14:54:00.252592,592.274120,RX,0x1E0,0,,,False,False,False
2026-02-11T14:54:00.252592,592.274120,RX,0x000,128,E0 01 00 00 00 00 00 00,........,False,True,True
2026-02-11T14:54:00.252592,592.274120,RX,0x000,128,00 38 9B 71 80 02 00 00,.8.q....,False,False,False
2026-02-11T14:54:00.252592,592.274120,RX,0x000,0,,,False,False,False
2026-02-11T14:54:00.252592,592.274120,RX,0x1E0,0,,,False,False,False
2026-02-11T14:54:00.252592,592.274120,RX,0x000,128,E0 01 00 00 00 00 00 00,........,False,True,True
2026-02-11T14:54:00.252592,592.274120,RX,0x000,128,00 38 9B 71 80 02 00 00,.8.q....,False,False,False
2026-02-11T14:54:00.253592,592.275120,RX,0x000,0,,,False,False,False
2026-02-11T14:54:00.253592,592.275120,RX,0x1E0,0,,,False,False,False
2026-02-11T14:54:00.253592,592.275120,RX,0x000,128,E0 01 00 00 00 00 00 00,........,False,True,True
2026-02-11T14:54:00.253592,592.275120,RX,0x000,128,00 38 9B 71 80 02 00 00,.8.q....,False,False,False
2026-02-11T14:54:00.253592,592.275120,RX,0x000,0,,,False,False,False
2026-02-11T14:54:00.253592,592.275120,RX,0x1E0,0,,,False,False,False
2026-02-11T14:54:00.253592,592.275120,RX,0x000,128,E0 01 00 00 00 00 00 00,........,False,True,True
2026-02-11T14:54:00.253592,592.275120,RX,0x000,128,00 38 9B 71 80 02 00 00,.8.q....,False,False,False
2026-02-11T14:54:00.253592,592.275120,RX,0x000,0,,,False,False,False
2026-02-11T14:54:00.253592,592.275120,RX,0x1E0,0,,,False,False,False
2026-02-11T14:54:00.253592,592.275120,RX,0x000,128,E0 01 00 00 00 00 00 00,........,False,True,True
2026-02-11T14:54:00.253592,592.275120,RX,0x000,128,00 38 9B 71 80 02 00 00,.8.q....,False,False,False
2026-02-11T14:54:00.253592,592.275120,RX,0x000,0,,,False,False,False
2026-02-11T14:54:00.253592,592.275120,RX,0x1E0,0,,,False,False,False
2026-02-11T14:54:00.253592,592.275120,RX,0x000,128,E0 01 00 00 00 00 00 00,........,False,True,True
2026-02-11T14:54:00.253592,592.275120,RX,0x000,128,00 38 9B 71 80 02 00 00,.8.q....,False,False,False
2026-02-11T14:54:00.254593,592.276121,RX,0x000,0,,,False,False,False
2026-02-11T14:54:00.254593,592.276121,RX,0x1E0,0,,,False,False,False
2026-02-11T14:54:00.254593,592.276121,RX,0x000,128,E0 01 00 00 00 00 00 00,........,False,True,True
2026-02-11T14:54:00.254593,592.276121,RX,0x000,128,00 38 9B 71 80 02 00 00,.8.q....,False,False,False
2026-02-11T14:54:00.254593,592.276121,RX,0x000,0,,,False,False,False
2026-02-11T14:54:00.254593,592.276121,RX,0x1E0,0,,,False,False,False
2026-02-11T14:54:00.254593,592.276121,RX,0x000,128,E0 01 00 00 00 00 00 00,........,False,True,True
2026-02-11T14:54:00.254593,592.276121,RX,0x000,128,00 38 9B 71 80 02 00 00,.8.q....,False,False,False
2026-02-11T14:54:00.254593,592.276121,RX,0x000,0,,,False,False,False
2026-02-11T14:54:00.254593,592.276121,RX,0x1E0,0,,,False,False,False
2026-02-11T14:54:00.254593,592.276121,RX,0x000,128,E0 01 00 00 00 00 00 00,........,False,True,True
2026-02-11T14:54:00.254593,592.276121,RX,0x000,128,00 38 9B 71 80 02 00 00,.8.q....,False,False,False
2026-02-11T14:54:00.254593,592.276121,RX,0x000,0,,,False,False,False
2026-02-11T14:54:00.254593,592.276121,RX,0x1E0,0,,,False,False,False
2026-02-11T14:54:00.254593,592.276121,RX,0x000,128,E0 01 00 00 00 00 00 00,........,False,True,True
2026-02-11T14:54:00.254593,592.276121,RX,0x000,128,00 38 9B 71 80 02 00 00,.8.q....,False,False,False
2026-02-11T14:54:00.254593,592.276121,RX,0x000,0,,,False,False,False
2026-02-11T14:54:00.254593,592.276121,RX,0x1E0,0,,,False,False,False
2026-02-11T14:54:00.255591,592.277119,RX,0x000,128,E0 01 00 00 00 00 00 00,........,False,True,True
2026-02-11T14:54:00.255591,592.277119,RX,0x000,128,00 38 9B 71 80 02 00 00,.8.q....,False,False,False
2026-02-11T14:54:00.255591,592.277119,RX,0x000,0,,,False,False,False
2026-02-11T14:54:00.255591,592.277119,RX,0x1E0,0,,,False,False,False
2026-02-11T14:54:00.255591,592.277119,RX,0x000,128,E0 01 00 00 00 00 00 00,........,False,True,True
2026-02-11T14:54:00.255591,592.277119,RX,0x000,128,00 38 9B 71 80 02 00 00,.8.q....,False,False,False
2026-02-11T14:54:00.255591,592.277119,RX,0x000,0,,,False,False,False
2026-02-11T14:54:00.255591,592.277119,RX,0x1E0,0,,,False,False,False
2026-02-11T14:54:00.255591,592.277119,RX,0x000,128,E0 01 00 00 00 00 00 00,........,False,True,True
2026-02-11T14:54:00.255591,592.277119,RX,0x000,128,00 38 9B 71 80 02 00 00,.8.q....,False,False,False
2026-02-11T14:54:00.255591,592.277119,RX,0x000,0,,,False,False,False
2026-02-11T14:54:00.255591,592.277119,RX,0x1E0,0,,,False,False,False
2026-02-11T14:54:00.255591,592.277119,RX,0x000,128,E0 01 00 00 00 00 00 00,........,False,True,True
2026-02-11T14:54:00.255591,592.277119,RX,0x000,128,00 38 9B 71 80 02 00 00,.8.q....,False,False,False
2026-02-11T14:54:00.255591,592.277119,RX,0x000,0,,,False,False,False
2026-02-11T14:54:00.255591,592.277119,RX,0x1E0,0,,,False,False,False
2026-02-11T14:54:00.255591,592.277119,RX,0x000,128,E0 01 00 00 00 00 00 00,........,False,True,True
2026-02-11T14:54:00.255591,592.277119,RX,0x000,128,00 38 9B 71 80 02 00 00,.8.q....,False,False,False
2026-02-11T14:54:00.255591,592.277119,RX,0x000,0,,,False,False,False
2026-02-11T14:54:00.256591,592.277119,RX,0x1E0,0,,,False,False,False
2026-02-11T14:54:00.256591,592.278119,RX,0x000,128,E0 01 00 00 00 00 00 00,........,False,True,True
2026-02-11T14:54:00.256591,592.278119,RX,0x000,128,00 38 9B 71 80 02 00 00,.8.q....,False,False,False
2026-02-11T14:54:00.256591,592.278119,RX,0x000,0,,,False,False,False
2026-02-11T14:54:00.256591,592.278119,RX,0x1E0,0,,,False,False,False
2026-02-11T14:54:00.256591,592.278119,RX,0x000,128,E0 01 00 00 00 00 00 00,........,False,True,True
2026-02-11T14:54:00.256591,592.278119,RX,0x000,128,00 38 9B 71 80 02 00 00,.8.q....,False,False,False
2026-02-11T14:54:00.256591,592.278119,RX,0x000,0,,,False,False,False
2026-02-11T14:54:00.256591,592.278119,RX,0x1E0,0,,,False,False,False
2026-02-11T14:54:00.256591,592.278119,RX,0x000,128,E0 01 00 00 00 00 00 00,........,False,True,True
2026-02-11T14:54:00.256591,592.278119,RX,0x000,128,00 38 9B 71 80 02 00 00,.8.q....,False,False,False
2026-02-11T14:54:00.256591,592.278119,RX,0x000,0,,,False,False,False
2026-02-11T14:54:00.256591,592.278119,RX,0x1E0,0,,,False,False,False
2026-02-11T14:54:00.256591,592.278119,RX,0x000,128,E0 01 00 00 00 00 00 00,........,False,True,True
2026-02-11T14:54:00.256591,592.278119,RX,0x000,128,00 38 9B 71 80 02 00 00,.8.q....,False,False,False
2026-02-11T14:54:00.256591,592.278119,RX,0x000,0,,,False,False,False
2026-02-11T14:54:00.256591,592.278119,RX,0x1E0,0,,,False,False,False
2026-02-11T14:54:00.256591,592.278119,RX,0x000,128,E0 01 00 00 00 00 00 00,........,False,True,True
2026-02-11T14:54:00.256591,592.278119,RX,0x000,128,00 38 9B 71 80 02 00 00,.8.q....,False,False,False
2026-02-11T14:54:00.256591,592.278119,RX,0x000,0,,,False,False,False
2026-02-11T14:54:00.256591,592.278119,RX,0x1E0,0,,,False,False,False
2026-02-11T14:54:00.256591,592.278119,RX,0x000,128,E0 01 00 00 00 00 00 00,........,False,True,True
2026-02-11T14:54:00.256591,592.278119,RX,0x000,128,00 38 9B 71 80 02 00 00,.8.q....,False,False,False
2026-02-11T14:54:00.256591,592.278119,RX,0x000,0,,,False,False,False
2026-02-11T14:54:00.256591,592.278119,RX,0x1E0,0,,,False,False,False
2026-02-11T14:54:00.256591,592.278119,RX,0x000,128,E0 01 00 00 00 00 00 00,........,False,True,True
2026-02-11T14:54:00.256591,592.278119,RX,0x000,128,00 38 9B 71 80 02 00 00,.8.q....,False,False,False
2026-02-11T14:54:00.258255,592.279783,RX,0x000,0,,,False,False,False
2026-02-11T14:54:00.258255,592.279783,RX,0x1E0,0,,,False,False,False
2026-02-11T14:54:00.258255,592.279783,RX,0x000,128,E0 01 00 00 00 00 00 00,........,False,True,True
2026-02-11T14:54:00.258255,592.279783,RX,0x000,128,00 38 9B 71 80 02 00 00,.8.q....,False,False,False
2026-02-11T14:54:00.258255,592.279783,RX,0x000,0,,,False,False,False
2026-02-11T14:54:00.258255,592.279783,RX,0x1E0,0,,,False,False,False
2026-02-11T14:54:00.258255,592.279783,RX,0x000,128,E0 01 00 00 00 00 00 00,........,False,True,True
2026-02-11T14:54:00.258255,592.279783,RX,0x000,128,00 38 9B 71 80 02 00 00,.8.q....,False,False,False
2026-02-11T14:54:00.258255,592.279783,RX,0x000,0,,,False,False,False
2026-02-11T14:54:00.258255,592.279783,RX,0x1E0,0,,,False,False,False
2026-02-11T14:54:00.258255,592.279783,RX,0x000,128,E0 01 00 00 00 00 00 00,........,False,True,True
2026-02-11T14:54:00.258255,592.279783,RX,0x000,128,00 38 9B 71 80 02 00 00,.8.q....,False,False,False
2026-02-11T14:54:00.259363,592.280891,RX,0x000,0,,,False,False,False
2026-02-11T14:54:00.259363,592.280891,RX,0x1E0,0,,,False,False,False
2026-02-11T14:54:00.259363,592.280891,RX,0x000,128,E0 01 00 00 00 00 00 00,........,False,True,True
2026-02-11T14:54:00.259363,592.280891,RX,0x000,128,00 38 9B 71 80 02 00 00,.8.q....,False,False,False
2026-02-11T14:54:00.259363,592.280891,RX,0x000,0,,,False,False,False
2026-02-11T14:54:00.259363,592.280891,RX,0x1E0,0,,,False,False,False
2026-02-11T14:54:00.259363,592.280891,RX,0x000,128,E0 01 00 00 00 00 00 00,........,False,True,True
2026-02-11T14:54:00.259363,592.280891,RX,0x000,128,00 38 9B 71 80 02 00 00,.8.q....,False,False,False
2026-02-11T14:54:00.259363,592.280891,RX,0x000,0,,,False,False,False
2026-02-11T14:54:00.259363,592.280891,RX,0x1E0,0,,,False,False,False
2026-02-11T14:54:00.259363,592.280891,RX,0x000,128,E0 01 00 00 00 00 00 00,........,False,True,True
2026-02-11T14:54:00.259363,592.280891,RX,0x000,128,00 38 9B 71 80 02 00 00,.8.q....,False,False,False
2026-02-11T14:54:00.259363,592.280891,RX,0x000,0,,,False,False,False
2026-02-11T14:54:00.259363,592.280891,RX,0x1E0,0,,,False,False,False
2026-02-11T14:54:00.259363,592.280891,RX,0x000,128,E0 01 00 00 00 00 00 00,........,False,True,True
2026-02-11T14:54:00.259363,592.280891,RX,0x000,128,00 38 9B 71 80 02 00 00,.8.q....,False,False,False
2026-02-11T14:54:00.259363,592.280891,RX,0x000,0,,,False,False,False
2026-02-11T14:54:00.259363,592.280891,RX,0x1E0,0,,,False,False,False
2026-02-11T14:54:00.259363,592.280891,RX,0x000,128,E0 01 00 00 00 00 00 00,........,False,True,True
2026-02-11T14:54:00.259363,592.280891,RX,0x000,128,00 38 9B 71 80 02 00 00,.8.q....,False,False,False
2026-02-11T14:54:00.259363,592.280891,RX,0x000,0,,,False,False,False
2026-02-11T14:54:00.260885,592.282413,RX,0x1E0,0,,,False,False,False
2026-02-11T14:54:00.260885,592.282413,RX,0x000,128,E0 01 00 00 00 00 00 00,........,False,True,True
2026-02-11T14:54:00.260885,592.282413,RX,0x000,128,00 38 9B 71 80 02 00 00,.8.q....,False,False,False
2026-02-11T14:54:00.260885,592.282413,RX,0x000,0,,,False,False,False
2026-02-11T14:54:00.260885,592.282413,RX,0x1E0,0,,,False,False,False
2026-02-11T14:54:00.260885,592.282413,RX,0x000,128,E0 01 00 00 00 00 00 00,........,False,True,True
2026-02-11T14:54:00.260885,592.282413,RX,0x000,128,00 38 9B 71 80 02 00 00,.8.q....,False,False,False
2026-02-11T14:54:00.260885,592.282413,RX,0x000,0,,,False,False,False
2026-02-11T14:54:00.260885,592.282413,RX,0x1E0,0,,,False,False,False
2026-02-11T14:54:00.260885,592.282413,RX,0x000,128,E0 01 00 00 00 00 00 00,........,False,True,True
2026-02-11T14:54:00.260885,592.282413,RX,0x000,128,00 38 9B 71 80 02 00 00,.8.q....,False,False,False
2026-02-11T14:54:00.260885,592.282413,RX,0x000,0,,,False,False,False
2026-02-11T14:54:00.260885,592.282413,RX,0x1E0,0,,,False,False,False
2026-02-11T14:54:00.260885,592.282413,RX,0x000,128,E0 01 00 00 00 00 00 00,........,False,True,True
2026-02-11T14:54:00.260885,592.282413,RX,0x000,128,00 38 9B 71 80 02 00 00,.8.q....,False,False,False
2026-02-11T14:54:00.261901,592.283429,RX,0x000,0,,,False,False,False
2026-02-11T14:54:00.261901,592.283429,RX,0x1E0,0,,,False,False,False
2026-02-11T14:54:00.261901,592.283429,RX,0x000,128,E0 01 00 00 00 00 00 00,........,False,True,True
2026-02-11T14:54:00.261901,592.283429,RX,0x000,128,00 38 9B 71 80 02 00 00,.8.q....,False,False,False
2026-02-11T14:54:00.261901,592.283429,RX,0x000,0,,,False,False,False
2026-02-11T14:54:00.261901,592.283429,RX,0x1E0,0,,,False,False,False
2026-02-11T14:54:00.261901,592.283429,RX,0x000,128,E0 01 00 00 00 00 00 00,........,False,True,True
2026-02-11T14:54:00.261901,592.283429,RX,0x000,128,00 38 9B 71 80 02 00 00,.8.q....,False,False,False
2026-02-11T14:54:00.261901,592.283429,RX,0x000,0,,,False,False,False
2026-02-11T14:54:00.261901,592.283429,RX,0x1E0,0,,,False,False,False
2026-02-11T14:54:00.261901,592.283429,RX,0x000,128,E0 01 00 00 00 00 00 00,........,False,True,True
2026-02-11T14:54:00.261901,592.283429,RX,0x000,128,00 38 9B 71 80 02 00 00,.8.q....,False,False,False
2026-02-11T14:54:00.261901,592.283429,RX,0x000,0,,,False,False,False
2026-02-11T14:54:00.261901,592.283429,RX,0x1E0,0,,,False,False,False
2026-02-11T14:54:00.261901,592.283429,RX,0x000,128,E0 01 00 00 00 00 00 00,........,False,True,True
2026-02-11T14:54:00.261901,592.283429,RX,0x000,128,00 38 9B 71 80 02 00 00,.8.q....,False,False,False
2026-02-11T14:54:00.261901,592.283429,RX,0x000,0,,,False,False,False
2026-02-11T14:54:00.262909,592.284437,RX,0x1E0,0,,,False,False,False
2026-02-11T14:54:00.262909,592.284437,RX,0x000,128,E0 01 00 00 00 00 00 00,........,False,True,True
2026-02-11T14:54:00.262909,592.284437,RX,0x000,128,00 38 9B 71 80 02 00 00,.8.q....,False,False,False
2026-02-11T14:54:00.262909,592.284437,RX,0x000,0,,,False,False,False
2026-02-11T14:54:00.262909,592.284437,RX,0x1E0,0,,,False,False,False
2026-02-11T14:54:00.262909,592.284437,RX,0x000,128,E0 01 00 00 00 00 00 00,........,False,True,True
2026-02-11T14:54:00.262909,592.284437,RX,0x000,128,00 38 9B 71 80 02 00 00,.8.q....,False,False,False
2026-02-11T14:54:00.262909,592.284437,RX,0x000,0,,,False,False,False
2026-02-11T14:54:00.262909,592.284437,RX,0x1E0,0,,,False,False,False
2026-02-11T14:54:00.262909,592.284437,RX,0x000,128,E0 01 00 00 00 00 00 00,........,False,True,True
2026-02-11T14:54:00.262909,592.284437,RX,0x000,128,00 38 9B 71 80 02 00 00,.8.q....,False,False,False
2026-02-11T14:54:00.262909,592.284437,RX,0x000,0,,,False,False,False
2026-02-11T14:54:00.262909,592.284437,RX,0x1E0,0,,,False,False,False
2026-02-11T14:54:00.262909,592.284437,RX,0x000,128,E0 01 00 00 00 00 00 00,........,False,True,True
2026-02-11T14:54:00.262909,592.284437,RX,0x000,128,00 38 9B 71 80 02 00 00,.8.q....,False,False,False
2026-02-11T14:54:00.262909,592.284437,RX,0x000,0,,,False,False,False
2026-02-11T14:54:00.262909,592.284437,RX,0x1E0,0,,,False,False,False
2026-02-11T14:54:00.263919,592.285447,RX,0x000,128,E0 01 00 00 00 00 00 00,........,False,True,True
2026-02-11T14:54:00.263919,592.285447,RX,0x000,128,00 38 9B 71 80 02 00 00,.8.q....,False,False,False
2026-02-11T14:54:00.263919,592.285447,RX,0x000,0,,,False,False,False
2026-02-11T14:54:00.263919,592.285447,RX,0x1E0,0,,,False,False,False
2026-02-11T14:54:00.263919,592.285447,RX,0x000,128,E0 01 00 00 00 00 00 00,........,False,True,True
2026-02-11T14:54:00.263919,592.285447,RX,0x000,128,00 38 9B 71 80 02 00 00,.8.q....,False,False,False
2026-02-11T14:54:00.263919,592.285447,RX,0x000,0,,,False,False,False
2026-02-11T14:54:00.263919,592.285447,RX,0x1E0,0,,,False,False,False
2026-02-11T14:54:00.265079,592.286607,RX,0x000,128,E0 01 00 00 00 00 00 00,........,False,True,True
2026-02-11T14:54:00.265079,592.286607,RX,0x000,128,00 38 9B 71 80 02 00 00,.8.q....,False,False,False
2026-02-11T14:54:00.265079,592.286607,RX,0x000,0,,,False,False,False
2026-02-11T14:54:00.265079,592.286607,RX,0x1E0,0,,,False,False,False
2026-02-11T14:54:00.265079,592.286607,RX,0x000,128,E0 01 00 00 00 00 00 00,........,False,True,True
2026-02-11T14:54:00.265079,592.286607,RX,0x000,128,00 38 9B 71 80 02 00 00,.8.q....,False,False,False
2026-02-11T14:54:00.265079,592.286607,RX,0x000,0,,,False,False,False
2026-02-11T14:54:00.265079,592.286607,RX,0x1E0,0,,,False,False,False
2026-02-11T14:54:00.265079,592.286607,RX,0x000,128,E0 01 00 00 00 00 00 00,........,False,True,True
2026-02-11T14:54:00.265079,592.286607,RX,0x000,128,00 38 9B 71 80 02 00 00,.8.q....,False,False,False
2026-02-11T14:54:00.265079,592.286607,RX,0x000,0,,,False,False,False
2026-02-11T14:54:00.265079,592.286607,RX,0x1E0,0,,,False,False,False
2026-02-11T14:54:00.265079,592.286607,RX,0x000,128,E0 01 00 00 00 00 00 00,........,False,True,True
2026-02-11T14:54:00.265079,592.286607,RX,0x000,128,00 38 9B 71 80 02 00 00,.8.q....,False,False,False
2026-02-11T14:54:00.265079,592.286607,RX,0x000,0,,,False,False,False
2026-02-11T14:54:00.266105,592.287633,RX,0x1E0,0,,,False,False,False
2026-02-11T14:54:00.266105,592.287633,RX,0x000,128,E0 01 00 00 00 00 00 00,........,False,True,True
2026-02-11T14:54:00.266105,592.287633,RX,0x000,128,00 38 9B 71 80 02 00 00,.8.q....,False,False,False
2026-02-11T14:54:00.266105,592.287633,RX,0x000,0,,,False,False,False
2026-02-11T14:54:00.266105,592.287633,RX,0x1E0,0,,,False,False,False
2026-02-11T14:54:00.266105,592.287633,RX,0x000,128,E0 01 00 00 00 00 00 00,........,False,True,True
2026-02-11T14:54:00.266105,592.287633,RX,0x000,128,00 38 9B 71 80 02 00 00,.8.q....,False,False,False
2026-02-11T14:54:00.266105,592.287633,RX,0x000,0,,,False,False,False
2026-02-11T14:54:00.266105,592.287633,RX,0x1E0,0,,,False,False,False
2026-02-11T14:54:00.266105,592.287633,RX,0x000,128,E0 01 00 00 00 00 00 00,........,False,True,True
2026-02-11T14:54:00.266105,592.287633,RX,0x000,128,00 38 9B 71 80 02 00 00,.8.q....,False,False,False
2026-02-11T14:54:00.266105,592.287633,RX,0x000,0,,,False,False,False
2026-02-11T14:54:00.266105,592.287633,RX,0x1E0,0,,,False,False,False
2026-02-11T14:54:00.266105,592.287633,RX,0x000,128,E0 01 00 00 00 00 00 00,........,False,True,True
2026-02-11T14:54:00.266105,592.287633,RX,0x000,128,00 38 9B 71 80 02 00 00,.8.q....,False,False,False
2026-02-11T14:54:00.266105,592.287633,RX,0x000,0,,,False,False,False
2026-02-11T14:54:00.266105,592.287633,RX,0x1E0,0,,,False,False,False
2026-02-11T14:54:00.266105,592.287633,RX,0x000,128,E0 01 00 00 00 00 00 00,........,False,True,True
2026-02-11T14:54:00.266105,592.287633,RX,0x000,128,00 38 9B 71 80 02 00 00,.8.q....,False,False,False
2026-02-11T14:54:00.266105,592.287633,RX,0x000,0,,,False,False,False
2026-02-11T14:54:00.267185,592.288713,RX,0x1E0,0,,,False,False,False
2026-02-11T14:54:00.267185,592.288713,RX,0x000,128,E0 01 00 00 00 00 00 00,........,False,True,True
2026-02-11T14:54:00.267185,592.288713,RX,0x000,128,00 38 9B 71 80 02 00 00,.8.q....,False,False,False
2026-02-11T14:54:00.267185,592.288713,RX,0x000,0,,,False,False,False
2026-02-11T14:54:00.267185,592.288713,RX,0x1E0,0,,,False,False,False
2026-02-11T14:54:00.267185,592.288713,RX,0x000,128,E0 01 00 00 00 00 00 00,........,False,True,True
2026-02-11T14:54:00.267185,592.288713,RX,0x000,128,00 38 9B 71 80 02 00 00,.8.q....,False,False,False
2026-02-11T14:54:00.267185,592.288713,RX,0x000,0,,,False,False,False
2026-02-11T14:54:00.267185,592.288713,RX,0x1E0,0,,,False,False,False
2026-02-11T14:54:00.267185,592.288713,RX,0x000,128,E0 01 00 00 00 00 00 00,........,False,True,True
2026-02-11T14:54:00.267185,592.288713,RX,0x000,128,00 38 9B 71 80 02 00 00,.8.q....,False,False,False
2026-02-11T14:54:00.267185,592.288713,RX,0x000,0,,,False,False,False
2026-02-11T14:54:00.267185,592.288713,RX,0x1E0,0,,,False,False,False
2026-02-11T14:54:00.267185,592.288713,RX,0x000,128,E0 01 00 00 00 00 00 00,........,False,True,True
2026-02-11T14:54:00.267185,592.288713,RX,0x000,128,00 38 9B 71 80 02 00 00,.8.q....,False,False,False
2026-02-11T14:54:00.267185,592.288713,RX,0x000,0,,,False,False,False
2026-02-11T14:54:00.267185,592.288713,RX,0x1E0,0,,,False,False,False
2026-02-11T14:54:00.267185,592.288713,RX,0x000,128,E0 01 00 00 00 00 00 00,........,False,True,True
2026-02-11T14:54:00.268121,592.289649,RX,0x000,128,00 38 9B 71 80 02 00 00,.8.q....,False,False,False
2026-02-11T14:54:00.268121,592.289649,RX,0x000,0,,,False,False,False
2026-02-11T14:54:00.268121,592.289649,RX,0x1E0,0,,,False,False,False
2026-02-11T14:54:00.268121,592.289649,RX,0x000,128,E0 01 00 00 00 00 00 00,........,False,True,True
2026-02-11T14:54:00.268121,592.289649,RX,0x000,128,00 38 9B 71 80 02 00 00,.8.q....,False,False,False
2026-02-11T14:54:00.268121,592.289649,RX,0x000,0,,,False,False,False
2026-02-11T14:54:00.268121,592.289649,RX,0x1E0,0,,,False,False,False
2026-02-11T14:54:00.268121,592.289649,RX,0x000,128,E0 01 00 00 00 00 00 00,........,False,True,True
2026-02-11T14:54:00.268121,592.289649,RX,0x000,128,00 38 9B 71 80 02 00 00,.8.q....,False,False,False
2026-02-11T14:54:00.268121,592.289649,RX,0x000,0,,,False,False,False
2026-02-11T14:54:00.268121,592.289649,RX,0x1E0,0,,,False,False,False
2026-02-11T14:54:00.268708,592.290236,RX,0x000,128,E0 01 00 00 00 00 00 00,........,False,True,True
2026-02-11T14:54:00.268708,592.290236,RX,0x000,128,00 38 9B 71 80 02 00 00,.8.q....,False,False,False
2026-02-11T14:54:00.268708,592.290236,RX,0x000,0,,,False,False,False
2026-02-11T14:54:00.268708,592.290236,RX,0x1E0,0,,,False,False,False
2026-02-11T14:54:00.268708,592.290236,RX,0x000,128,E0 01 00 00 00 00 00 00,........,False,True,True
2026-02-11T14:54:00.268708,592.290236,RX,0x000,128,00 38 9B 71 80 02 00 00,.8.q....,False,False,False
2026-02-11T14:54:00.268708,592.290236,RX,0x000,0,,,False,False,False
2026-02-11T14:54:00.268708,592.290236,RX,0x1E0,0,,,False,False,False
2026-02-11T14:54:00.268708,592.290236,RX,0x000,128,E0 01 00 00 00 00 00 00,........,False,True,True
2026-02-11T14:54:00.268708,592.290236,RX,0x000,128,00 38 9B 71 80 02 00 00,.8.q....,False,False,False
2026-02-11T14:54:00.268708,592.290236,RX,0x000,0,,,False,False,False
2026-02-11T14:54:00.268708,592.290236,RX,0x1E0,0,,,False,False,False
2026-02-11T14:54:00.268708,592.290236,RX,0x000,128,E0 01 00 00 00 00 00 00,........,False,True,True
2026-02-11T14:54:00.268708,592.290236,RX,0x000,128,00 38 9B 71 80 02 00 00,.8.q....,False,False,False
2026-02-11T14:54:00.269791,592.291319,RX,0x000,0,,,False,False,False
2026-02-11T14:54:00.269791,592.291319,RX,0x1E0,0,,,False,False,False
2026-02-11T14:54:00.269791,592.291319,RX,0x000,128,E0 01 00 00 00 00 00 00,........,False,True,True
2026-02-11T14:54:00.269791,592.291319,RX,0x000,128,00 38 9B 71 80 02 00 00,.8.q....,False,False,False
2026-02-11T14:54:00.269791,592.291319,RX,0x000,0,,,False,False,False
2026-02-11T14:54:00.269791,592.291319,RX,0x1E0,0,,,False,False,False
2026-02-11T14:54:00.269791,592.291319,RX,0x000,128,E0 01 00 00 00 00 00 00,........,False,True,True
2026-02-11T14:54:00.269791,592.291319,RX,0x000,128,00 38 9B 71 80 02 00 00,.8.q....,False,False,False
2026-02-11T14:54:00.269791,592.291319,RX,0x000,0,,,False,False,False
2026-02-11T14:54:00.269791,592.291319,RX,0x1E0,0,,,False,False,False
2026-02-11T14:54:00.269791,592.291319,RX,0x000,128,E0 01 00 00 00 00 00 00,........,False,True,True
2026-02-11T14:54:00.269791,592.291319,RX,0x000,128,00 38 9B 71 80 02 00 00,.8.q....,False,False,False
2026-02-11T14:54:00.269791,592.291319,RX,0x000,0,,,False,False,False
2026-02-11T14:54:00.269791,592.291319,RX,0x1E0,0,,,False,False,False
2026-02-11T14:54:00.269791,592.291319,RX,0x000,128,E0 01 00 00 00 00 00 00,........,False,True,True
2026-02-11T14:54:00.269791,592.291319,RX,0x000,128,00 38 9B 71 80 02 00 00,.8.q....,False,False,False
2026-02-11T14:54:00.269791,592.291319,RX,0x000,0,,,False,False,False
2026-02-11T14:54:00.269791,592.291319,RX,0x1E0,0,,,False,False,False
2026-02-11T14:54:00.271303,592.292831,RX,0x000,128,E0 01 00 00 00 00 00 00,........,False,True,True
2026-02-11T14:54:00.271303,592.292831,RX,0x000,128,00 38 9B 71 80 02 00 00,.8.q....,False,False,False
2026-02-11T14:54:00.271303,592.292831,RX,0x000,0,,,False,False,False
2026-02-11T14:54:00.271303,592.292831,RX,0x1E0,0,,,False,False,False
2026-02-11T14:54:00.271303,592.292831,RX,0x000,128,E0 01 00 00 00 00 00 00,........,False,True,True
2026-02-11T14:54:00.271303,592.292831,RX,0x000,128,00 38 9B 71 80 02 00 00,.8.q....,False,False,False
2026-02-11T14:54:00.271303,592.292831,RX,0x000,0,,,False,False,False
2026-02-11T14:54:00.271303,592.292831,RX,0x1E0,0,,,False,False,False
2026-02-11T14:54:00.271303,592.292831,RX,0x000,128,E0 01 00 00 00 00 00 00,........,False,True,True
2026-02-11T14:54:00.271303,592.292831,RX,0x000,128,00 38 9B 71 80 02 00 00,.8.q....,False,False,False
2026-02-11T14:54:00.271303,592.292831,RX,0x000,0,,,False,False,False
2026-02-11T14:54:00.271303,592.292831,RX,0x1E0,0,,,False,False,False
2026-02-11T14:54:00.271303,592.292831,RX,0x000,128,E0 01 00 00 00 00 00 00,........,False,True,True
2026-02-11T14:54:00.272320,592.293848,RX,0x000,128,00 38 9B 71 80 02 00 00,.8.q....,False,False,False
2026-02-11T14:54:00.272320,592.293848,RX,0x000,0,,,False,False,False
2026-02-11T14:54:00.272320,592.293848,RX,0x1E0,0,,,False,False,False
2026-02-11T14:54:00.272320,592.293848,RX,0x000,128,E0 01 00 00 00 00 00 00,........,False,True,True
2026-02-11T14:54:00.272320,592.293848,RX,0x000,128,00 38 9B 71 80 02 00 00,.8.q....,False,False,False
2026-02-11T14:54:00.272320,592.293848,RX,0x000,0,,,False,False,False
2026-02-11T14:54:00.272320,592.293848,RX,0x1E0,0,,,False,False,False
2026-02-11T14:54:00.272320,592.293848,RX,0x000,128,E0 01 00 00 00 00 00 00,........,False,True,True
2026-02-11T14:54:00.272320,592.293848,RX,0x000,128,00 38 9B 71 80 02 00 00,.8.q....,False,False,False
2026-02-11T14:54:00.272320,592.293848,RX,0x000,0,,,False,False,False
2026-02-11T14:54:00.272320,592.293848,RX,0x1E0,0,,,False,False,False
2026-02-11T14:54:00.272320,592.293848,RX,0x000,128,E0 01 00 00 00 00 00 00,........,False,True,True
2026-02-11T14:54:00.272320,592.293848,RX,0x000,128,00 38 9B 71 80 02 00 00,.8.q....,False,False,False
2026-02-11T14:54:00.272320,592.293848,RX,0x000,0,,,False,False,False
2026-02-11T14:54:00.272320,592.293848,RX,0x1E0,0,,,False,False,False
2026-02-11T14:54:00.272320,592.293848,RX,0x000,128,E0 01 00 00 00 00 00 00,........,False,True,True
2026-02-11T14:54:00.272320,592.293848,RX,0x000,128,00 38 9B 71 80 02 00 00,.8.q....,False,False,False
2026-02-11T14:54:00.272320,592.293848,RX,0x000,0,,,False,False,False
2026-02-11T14:54:00.272320,592.293848,RX,0x1E0,0,,,False,False,False
2026-02-11T14:54:00.272320,592.293848,RX,0x000,128,E0 01 00 00 00 00 00 00,........,False,True,True
2026-02-11T14:54:00.273345,592.294873,RX,0x000,128,00 38 9B 71 80 02 00 00,.8.q....,False,False,False
2026-02-11T14:54:00.273345,592.294873,RX,0x000,0,,,False,False,False
2026-02-11T14:54:00.273345,592.294873,RX,0x1E0,0,,,False,False,False
2026-02-11T14:54:00.273345,592.294873,RX,0x000,128,E0 01 00 00 00 00 00 00,........,False,True,True
2026-02-11T14:54:00.273345,592.294873,RX,0x000,128,00 38 9B 71 80 02 00 00,.8.q....,False,False,False
2026-02-11T14:54:00.273345,592.294873,RX,0x000,0,,,False,False,False
2026-02-11T14:54:00.273345,592.294873,RX,0x1E0,0,,,False,False,False
2026-02-11T14:54:00.273345,592.294873,RX,0x000,128,E0 01 00 00 00 00 00 00,........,False,True,True
2026-02-11T14:54:00.273345,592.294873,RX,0x000,128,00 38 9B 71 80 02 00 00,.8.q....,False,False,False
2026-02-11T14:54:00.273345,592.294873,RX,0x000,0,,,False,False,False
2026-02-11T14:54:00.273345,592.294873,RX,0x1E0,0,,,False,False,False
2026-02-11T14:54:00.273345,592.294873,RX,0x000,128,E0 01 00 00 00 00 00 00,........,False,True,True
2026-02-11T14:54:00.273345,592.294873,RX,0x000,128,00 38 9B 71 80 02 00 00,.8.q....,False,False,False
2026-02-11T14:54:00.273345,592.294873,RX,0x000,0,,,False,False,False
2026-02-11T14:54:00.273345,592.294873,RX,0x1E0,0,,,False,False,False
2026-02-11T14:54:00.273345,592.294873,RX,0x000,128,E0 01 00 00 00 00 00 00,........,False,True,True
2026-02-11T14:54:00.273345,592.294873,RX,0x000,128,00 38 9B 71 80 02 00 00,.8.q....,False,False,False
2026-02-11T14:54:00.273345,592.294873,RX,0x000,0,,,False,False,False
2026-02-11T14:54:00.274362,592.295890,RX,0x1E0,0,,,False,False,False
2026-02-11T14:54:00.274362,592.295890,RX,0x000,128,E0 01 00 00 00 00 00 00,........,False,True,True
2026-02-11T14:54:00.274362,592.295890,RX,0x000,128,00 38 9B 71 80 02 00 00,.8.q....,False,False,False
2026-02-11T14:54:00.274362,592.295890,RX,0x000,0,,,False,False,False
2026-02-11T14:54:00.274362,592.295890,RX,0x1E0,0,,,False,False,False
2026-02-11T14:54:00.274362,592.295890,RX,0x000,128,E0 01 00 00 00 00 00 00,........,False,True,True
2026-02-11T14:54:00.274362,592.295890,RX,0x000,128,00 38 9B 71 80 02 00 00,.8.q....,False,False,False
2026-02-11T14:54:00.274362,592.295890,RX,0x000,0,,,False,False,False
2026-02-11T14:54:00.274362,592.295890,RX,0x1E0,0,,,False,False,False
2026-02-11T14:54:00.274362,592.295890,RX,0x000,128,E0 01 00 00 00 00 00 00,........,False,True,True
2026-02-11T14:54:00.274362,592.295890,RX,0x000,128,00 38 9B 71 80 02 00 00,.8.q....,False,False,False
2026-02-11T14:54:00.274362,592.295890,RX,0x000,0,,,False,False,False
2026-02-11T14:54:00.274362,592.295890,RX,0x1E0,0,,,False,False,False
2026-02-11T14:54:00.274362,592.295890,RX,0x000,128,E0 01 00 00 00 00 00 00,........,False,True,True
2026-02-11T14:54:00.274362,592.295890,RX,0x000,128,00 38 9B 71 80 02 00 00,.8.q....,False,False,False
2026-02-11T14:54:00.274362,592.295890,RX,0x000,0,,,False,False,False
2026-02-11T14:54:00.274362,592.295890,RX,0x1E0,0,,,False,False,False
2026-02-11T14:54:00.274362,592.295890,RX,0x000,128,E0 01 00 00 00 00 00 00,........,False,True,True
2026-02-11T14:54:00.274362,592.295890,RX,0x000,128,00 38 9B 71 80 02 00 00,.8.q....,False,False,False
2026-02-11T14:54:00.275375,592.296903,RX,0x000,0,,,False,False,False
2026-02-11T14:54:00.275375,592.296903,RX,0x1E0,0,,,False,False,False
2026-02-11T14:54:00.275375,592.296903,RX,0x000,128,E0 01 00 00 00 00 00 00,........,False,True,True
2026-02-11T14:54:00.275375,592.296903,RX,0x000,128,00 38 9B 71 80 02 00 00,.8.q....,False,False,False
2026-02-11T14:54:00.275375,592.296903,RX,0x000,0,,,False,False,False
2026-02-11T14:54:00.275375,592.296903,RX,0x1E0,0,,,False,False,False
2026-02-11T14:54:00.275375,592.296903,RX,0x000,128,E0 01 00 00 00 00 00 00,........,False,True,True
2026-02-11T14:54:00.275375,592.296903,RX,0x000,128,00 38 9B 71 80 02 00 00,.8.q....,False,False,False
2026-02-11T14:54:00.275375,592.296903,RX,0x000,0,,,False,False,False
2026-02-11T14:54:00.275375,592.296903,RX,0x1E0,0,,,False,False,False
2026-02-11T14:54:00.275375,592.296903,RX,0x000,128,E0 01 00 00 00 00 00 00,........,False,True,True
2026-02-11T14:54:00.275375,592.296903,RX,0x000,128,00 38 9B 71 80 02 00 00,.8.q....,False,False,False
2026-02-11T14:54:00.275375,592.296903,RX,0x000,0,,,False,False,False
2026-02-11T14:54:00.275375,592.296903,RX,0x1E0,0,,,False,False,False
2026-02-11T14:54:00.275375,592.296903,RX,0x000,128,E0 01 00 00 00 00 00 00,........,False,True,True
2026-02-11T14:54:00.275375,592.296903,RX,0x000,128,00 38 9B 71 80 02 00 00,.8.q....,False,False,False
2026-02-11T14:54:00.275375,592.296903,RX,0x000,0,,,False,False,False
2026-02-11T14:54:00.275375,592.296903,RX,0x1E0,0,,,False,False,False
2026-02-11T14:54:00.275375,592.296903,RX,0x000,128,E0 01 00 00 00 00 00 00,........,False,True,True
2026-02-11T14:54:00.275375,592.296903,RX,0x000,128,00 38 9B 71 80 02 00 00,.8.q....,False,False,False
2026-02-11T14:54:00.275375,592.296903,RX,0x000,0,,,False,False,False
2026-02-11T14:54:00.275375,592.296903,RX,0x1E0,0,,,False,False,False
2026-02-11T14:54:00.275375,592.296903,RX,0x000,128,E0 01 00 00 00 00 00 00,........,False,True,True
2026-02-11T14:54:00.275375,592.296903,RX,0x000,128,00 38 9B 71 80 02 00 00,.8.q....,False,False,False
2026-02-11T14:54:00.275375,592.296903,RX,0x000,0,,,False,False,False
2026-02-11T14:54:00.275375,592.296903,RX,0x1E0,0,,,False,False,False
2026-02-11T14:54:00.275375,592.296903,RX,0x000,128,E0 01 00 00 00 00 00 00,........,False,True,True
2026-02-11T14:54:00.275375,592.296903,RX,0x000,128,00 38 9B 71 80 02 00 00,.8.q....,False,False,False
2026-02-11T14:54:00.276884,592.298412,RX,0x000,0,,,False,False,False
2026-02-11T14:54:00.276884,592.298412,RX,0x1E0,0,,,False,False,False
2026-02-11T14:54:00.276884,592.298412,RX,0x000,128,E0 01 00 00 00 00 00 00,........,False,True,True
2026-02-11T14:54:00.276884,592.298412,RX,0x000,128,00 38 9B 71 80 02 00 00,.8.q....,False,False,False
2026-02-11T14:54:00.276884,592.298412,RX,0x000,0,,,False,False,False
2026-02-11T14:54:00.276884,592.298412,RX,0x1E0,0,,,False,False,False
2026-02-11T14:54:00.276884,592.298412,RX,0x000,128,E0 01 00 00 00 00 00 00,........,False,True,True
2026-02-11T14:54:00.276884,592.298412,RX,0x000,128,00 38 9B 71 80 02 00 00,.8.q....,False,False,False
2026-02-11T14:54:00.276884,592.298412,RX,0x000,0,,,False,False,False
2026-02-11T14:54:00.276884,592.298412,RX,0x1E0,0,,,False,False,False
2026-02-11T14:54:00.276884,592.298412,RX,0x000,128,E0 01 00 00 00 00 00 00,........,False,True,True
2026-02-11T14:54:00.276884,592.298412,RX,0x000,128,00 38 9B 71 80 02 00 00,.8.q....,False,False,False
2026-02-11T14:54:00.276884,592.298412,RX,0x000,0,,,False,False,False
2026-02-11T14:54:00.276884,592.298412,RX,0x1E0,0,,,False,False,False
2026-02-11T14:54:00.276884,592.298412,RX,0x000,128,E0 01 00 00 00 00 00 00,........,False,True,True
2026-02-11T14:54:00.277902,592.299430,RX,0x000,128,00 38 9B 71 80 02 00 00,.8.q....,False,False,False
2026-02-11T14:54:00.277902,592.299430,RX,0x000,0,,,False,False,False
2026-02-11T14:54:00.277902,592.299430,RX,0x1E0,0,,,False,False,False
2026-02-11T14:54:00.277902,592.299430,RX,0x000,128,E0 01 00 00 00 00 00 00,........,False,True,True
2026-02-11T14:54:00.277902,592.299430,RX,0x000,128,00 38 9B 71 80 02 00 00,.8.q....,False,False,False
2026-02-11T14:54:00.277902,592.299430,RX,0x000,0,,,False,False,False
2026-02-11T14:54:00.277902,592.299430,RX,0x1E0,0,,,False,False,False
2026-02-11T14:54:00.277902,592.299430,RX,0x000,128,E0 01 00 00 00 00 00 00,........,False,True,True
2026-02-11T14:54:00.277902,592.299430,RX,0x000,128,00 38 9B 71 80 02 00 00,.8.q....,False,False,False
2026-02-11T14:54:00.278412,592.299940,RX,0x000,0,,,False,False,False
2026-02-11T14:54:00.278412,592.299940,RX,0x1E0,0,,,False,False,False
2026-02-11T14:54:00.278412,592.299940,RX,0x000,128,E0 01 00 00 00 00 00 00,........,False,True,True
2026-02-11T14:54:00.278412,592.299940,RX,0x000,128,00 38 9B 71 80 02 00 00,.8.q....,False,False,False
2026-02-11T14:54:00.278412,592.299940,RX,0x000,0,,,False,False,False
2026-02-11T14:54:00.278412,592.299940,RX,0x1E0,0,,,False,False,False
2026-02-11T14:54:00.278412,592.299940,RX,0x000,128,E0 01 00 00 00 00 00 00,........,False,True,True
2026-02-11T14:54:00.278412,592.299940,RX,0x000,128,00 38 9B 71 80 02 00 00,.8.q....,False,False,False
2026-02-11T14:54:00.278412,592.299940,RX,0x000,0,,,False,False,False
2026-02-11T14:54:00.278412,592.299940,RX,0x1E0,0,,,False,False,False
2026-02-11T14:54:00.278412,592.299940,RX,0x000,128,E0 01 00 00 00 00 00 00,........,False,True,True
2026-02-11T14:54:00.278412,592.299940,RX,0x000,128,00 38 9B 71 80 02 00 00,.8.q....,False,False,False
2026-02-11T14:54:00.278412,592.299940,RX,0x000,0,,,False,False,False
2026-02-11T14:54:00.278412,592.299940,RX,0x1E0,0,,,False,False,False
2026-02-11T14:54:00.278412,592.299940,RX,0x000,128,E0 01 00 00 00 00 00 00,........,False,True,True
2026-02-11T14:54:00.278412,592.299940,RX,0x000,128,00 38 9B 71 80 02 00 00,.8.q....,False,False,False
2026-02-11T14:54:00.279433,592.300961,RX,0x000,0,,,False,False,False
2026-02-11T14:54:00.279433,592.300961,RX,0x1E0,0,,,False,False,False
2026-02-11T14:54:00.279433,592.300961,RX,0x000,128,E0 01 00 00 00 00 00 00,........,False,True,True
2026-02-11T14:54:00.279433,592.300961,RX,0x000,128,00 38 9B 71 80 02 00 00,.8.q....,False,False,False
2026-02-11T14:54:00.279433,592.300961,RX,0x000,0,,,False,False,False
2026-02-11T14:54:00.279433,592.300961,RX,0x1E0,0,,,False,False,False
2026-02-11T14:54:00.279433,592.300961,RX,0x000,128,E0 01 00 00 00 00 00 00,........,False,True,True
2026-02-11T14:54:00.279433,592.300961,RX,0x000,128,00 38 9B 71 80 02 00 00,.8.q....,False,False,False
2026-02-11T14:54:00.279433,592.300961,RX,0x000,0,,,False,False,False
2026-02-11T14:54:00.279433,592.300961,RX,0x1E0,0,,,False,False,False
2026-02-11T14:54:00.279433,592.300961,RX,0x000,128,E0 01 00 00 00 00 00 00,........,False,True,True
2026-02-11T14:54:00.279433,592.300961,RX,0x000,128,00 38 9B 71 80 02 00 00,.8.q....,False,False,False
2026-02-11T14:54:00.279433,592.300961,RX,0x000,0,,,False,False,False
2026-02-11T14:54:00.279433,592.300961,RX,0x1E0,0,,,False,False,False
2026-02-11T14:54:00.279433,592.300961,RX,0x000,128,E0 01 00 00 00 00 00 00,........,False,True,True
2026-02-11T14:54:00.279433,592.300961,RX,0x000,128,00 38 9B 71 80 02 00 00,.8.q....,False,False,False
2026-02-11T14:54:00.279433,592.300961,RX,0x000,0,,,False,False,False
2026-02-11T14:54:00.279433,592.300961,RX,0x1E0,0,,,False,False,False
2026-02-11T14:54:00.279433,592.300961,RX,0x000,128,E0 01 00 00 00 00 00 00,........,False,True,True
2026-02-11T14:54:00.279433,592.300961,RX,0x000,128,00 38 9B 71 80 02 00 00,.8.q....,False,False,False
2026-02-11T14:54:00.279433,592.300961,RX,0x000,0,,,False,False,False
2026-02-11T14:54:00.279433,592.300961,RX,0x1E0,0,,,False,False,False
2026-02-11T14:54:00.280945,592.302474,RX,0x000,128,E0 01 00 00 00 00 00 00,........,False,True,True
2026-02-11T14:54:00.280945,592.302474,RX,0x000,128,00 38 9B 71 80 02 00 00,.8.q....,False,False,False
2026-02-11T14:54:00.280945,592.302474,RX,0x000,0,,,False,False,False
2026-02-11T14:54:00.280945,592.302474,RX,0x1E0,0,,,False,False,False
2026-02-11T14:54:00.280945,592.302474,RX,0x000,128,E0 01 00 00 00 00 00 00,........,False,True,True
2026-02-11T14:54:00.280945,592.302474,RX,0x000,128,00 38 9B 71 80 02 00 00,.8.q....,False,False,False
2026-02-11T14:54:00.280945,592.302474,RX,0x000,0,,,False,False,False
2026-02-11T14:54:00.280945,592.302474,RX,0x1E0,0,,,False,False,False
2026-02-11T14:54:00.280945,592.302474,RX,0x000,128,E0 01 00 00 00 00 00 00,........,False,True,True
2026-02-11T14:54:00.280945,592.302474,RX,0x000,128,00 38 9B 71 80 02 00 00,.8.q....,False,False,False
2026-02-11T14:54:00.280945,592.302474,RX,0x000,0,,,False,False,False
2026-02-11T14:54:00.280945,592.302474,RX,0x1E0,0,,,False,False,False
2026-02-11T14:54:00.280945,592.302474,RX,0x000,128,E0 01 00 00 00 00 00 00,........,False,True,True
2026-02-11T14:54:00.280945,592.302474,RX,0x000,128,00 38 9B 71 80 02 00 00,.8.q....,False,False,False
2026-02-11T14:54:00.280945,592.302474,RX,0x000,0,,,False,False,False
2026-02-11T14:54:00.280945,592.302474,RX,0x1E0,0,,,False,False,False
2026-02-11T14:54:00.280945,592.302474,RX,0x000,128,E0 01 00 00 00 00 00 00,........,False,True,True
2026-02-11T14:54:00.281956,592.303484,RX,0x000,128,00 38 9B 71 80 02 00 00,.8.q....,False,False,False
2026-02-11T14:54:00.281956,592.303484,RX,0x000,0,,,False,False,False
2026-02-11T14:54:00.281956,592.303484,RX,0x1E0,0,,,False,False,False
2026-02-11T14:54:00.281956,592.303484,RX,0x000,128,E0 01 00 00 00 00 00 00,........,False,True,True
2026-02-11T14:54:00.281956,592.303484,RX,0x000,128,00 38 9B 71 80 02 00 00,.8.q....,False,False,False
2026-02-11T14:54:00.281956,592.303484,RX,0x000,0,,,False,False,False
2026-02-11T14:54:00.281956,592.303484,RX,0x1E0,0,,,False,False,False
2026-02-11T14:54:00.281956,592.303484,RX,0x000,128,E0 01 00 00 00 00 00 00,........,False,True,True
2026-02-11T14:54:00.281956,592.303484,RX,0x000,128,00 38 9B 71 80 02 00 00,.8.q....,False,False,False
2026-02-11T14:54:00.281956,592.303484,RX,0x000,0,,,False,False,False
2026-02-11T14:54:00.281956,592.303484,RX,0x1E0,0,,,False,False,False
2026-02-11T14:54:00.281956,592.303484,RX,0x000,128,E0 01 00 00 00 00 00 00,........,False,True,True
2026-02-11T14:54:00.281956,592.303484,RX,0x000,128,00 38 9B 71 80 02 00 00,.8.q....,False,False,False
2026-02-11T14:54:00.281956,592.303484,RX,0x000,0,,,False,False,False
2026-02-11T14:54:00.281956,592.303484,RX,0x1E0,0,,,False,False,False
2026-02-11T14:54:00.281956,592.303484,RX,0x000,128,E0 01 00 00 00 00 00 00,........,False,True,True
2026-02-11T14:54:00.281956,592.303484,RX,0x000,128,00 38 9B 71 80 02 00 00,.8.q....,False,False,False
2026-02-11T14:54:00.282965,592.304492,RX,0x000,0,,,False,False,False
2026-02-11T14:54:00.282965,592.304492,RX,0x1E0,0,,,False,False,False
2026-02-11T14:54:00.282965,592.304492,RX,0x000,128,E0 01 00 00 00 00 00 00,........,False,True,True
2026-02-11T14:54:00.282965,592.304492,RX,0x000,128,00 38 9B 71 80 02 00 00,.8.q....,False,False,False
2026-02-11T14:54:00.282965,592.304492,RX,0x000,0,,,False,False,False
2026-02-11T14:54:00.282965,592.304492,RX,0x1E0,0,,,False,False,False
2026-02-11T14:54:00.282965,592.304492,RX,0x000,128,E0 01 00 00 00 00 00 00,........,False,True,True
2026-02-11T14:54:00.282965,592.304492,RX,0x000,128,00 38 9B 71 80 02 00 00,.8.q....,False,False,False
2026-02-11T14:54:00.282965,592.304492,RX,0x000,0,,,False,False,False
2026-02-11T14:54:00.282965,592.304492,RX,0x1E0,0,,,False,False,False
2026-02-11T14:54:00.284018,592.305546,RX,0x000,128,E0 01 00 00 00 00 00 00,........,False,True,True
2026-02-11T14:54:00.284018,592.305546,RX,0x000,128,00 38 9B 71 80 02 00 00,.8.q....,False,False,False
2026-02-11T14:54:00.284018,592.305546,RX,0x000,0,,,False,False,False
2026-02-11T14:54:00.284018,592.305546,RX,0x1E0,0,,,False,False,False
2026-02-11T14:54:00.284018,592.305546,RX,0x000,128,E0 01 00 00 00 00 00 00,........,False,True,True
2026-02-11T14:54:00.284018,592.305546,RX,0x000,128,00 38 9B 71 80 02 00 00,.8.q....,False,False,False
2026-02-11T14:54:00.284018,592.305546,RX,0x000,0,,,False,False,False
2026-02-11T14:54:00.284018,592.305546,RX,0x1E0,0,,,False,False,False
2026-02-11T14:54:00.284018,592.305546,RX,0x000,128,E0 01 00 00 00 00 00 00,........,False,True,True
2026-02-11T14:54:00.284018,592.305546,RX,0x000,128,00 38 9B 71 80 02 00 00,.8.q....,False,False,False
2026-02-11T14:54:00.284018,592.305546,RX,0x000,0,,,False,False,False
2026-02-11T14:54:00.284018,592.305546,RX,0x1E0,0,,,False,False,False
2026-02-11T14:54:00.284018,592.305546,RX,0x000,128,E0 01 00 00 00 00 00 00,........,False,True,True
2026-02-11T14:54:00.284018,592.305546,RX,0x000,128,00 38 9B 71 80 02 00 00,.8.q....,False,False,False
2026-02-11T14:54:00.284018,592.305546,RX,0x000,0,,,False,False,False
2026-02-11T14:54:00.284018,592.305546,RX,0x1E0,0,,,False,False,False
2026-02-11T14:54:00.284018,592.305546,RX,0x000,128,E0 01 00 00 00 00 00 00,........,False,True,True
2026-02-11T14:54:00.284018,592.305546,RX,0x000,128,00 38 9B 71 80 02 00 00,.8.q....,False,False,False
2026-02-11T14:54:00.284018,592.305546,RX,0x000,0,,,False,False,False
2026-02-11T14:54:00.284018,592.305546,RX,0x1E0,0,,,False,False,False
2026-02-11T14:54:00.285201,592.306730,RX,0x000,128,E0 01 00 00 00 00 00 00,........,False,True,True
2026-02-11T14:54:00.285201,592.306730,RX,0x000,128,00 38 9B 71 80 02 00 00,.8.q....,False,False,False
2026-02-11T14:54:00.285201,592.306730,RX,0x000,0,,,False,False,False
2026-02-11T14:54:00.285201,592.306730,RX,0x1E0,0,,,False,False,False
2026-02-11T14:54:00.285201,592.306730,RX,0x000,128,E0 01 00 00 00 00 00 00,........,False,True,True
2026-02-11T14:54:00.285201,592.306730,RX,0x000,128,00 38 9B 71 80 02 00 00,.8.q....,False,False,False
2026-02-11T14:54:00.285201,592.306730,RX,0x000,0,,,False,False,False
2026-02-11T14:54:00.285201,592.306730,RX,0x1E0,0,,,False,False,False
2026-02-11T14:54:00.285201,592.306730,RX,0x000,128,E0 01 00 00 00 00 00 00,........,False,True,True
2026-02-11T14:54:00.285201,592.306730,RX,0x000,128,00 38 9B 71 80 02 00 00,.8.q....,False,False,False
2026-02-11T14:54:00.285201,592.306730,RX,0x000,0,,,False,False,False
2026-02-11T14:54:00.285201,592.306730,RX,0x1E0,0,,,False,False,False
2026-02-11T14:54:00.285201,592.306730,RX,0x000,128,E0 01 00 00 00 00 00 00,........,False,True,True
2026-02-11T14:54:00.285201,592.306730,RX,0x000,128,00 38 9B 71 80 02 00 00,.8.q....,False,False,False
2026-02-11T14:54:00.285201,592.306730,RX,0x000,0,,,False,False,False
2026-02-11T14:54:00.285201,592.306730,RX,0x1E0,0,,,False,False,False
2026-02-11T14:54:00.285201,592.306730,RX,0x000,128,E0 01 00 00 00 00 00 00,........,False,True,True
2026-02-11T14:54:00.285201,592.306730,RX,0x000,128,00 38 9B 71 80 02 00 00,.8.q....,False,False,False
2026-02-11T14:54:00.286224,592.307752,RX,0x000,0,,,False,False,False
2026-02-11T14:54:00.286224,592.307752,RX,0x1E0,0,,,False,False,False
2026-02-11T14:54:00.286224,592.307752,RX,0x000,128,E0 01 00 00 00 00 00 00,........,False,True,True
2026-02-11T14:54:00.286224,592.307752,RX,0x000,128,00 38 9B 71 80 02 00 00,.8.q....,False,False,False
2026-02-11T14:54:00.286224,592.307752,RX,0x000,0,,,False,False,False
2026-02-11T14:54:00.286224,592.307752,RX,0x1E0,0,,,False,False,False
2026-02-11T14:54:00.286224,592.307752,RX,0x000,128,E0 01 00 00 00 00 00 00,........,False,True,True
2026-02-11T14:54:00.286224,592.307752,RX,0x000,128,00 38 9B 71 80 02 00 00,.8.q....,False,False,False
2026-02-11T14:54:00.286224,592.307752,RX,0x000,0,,,False,False,False
2026-02-11T14:54:00.286224,592.307752,RX,0x1E0,0,,,False,False,False
2026-02-11T14:54:00.286224,592.307752,RX,0x000,128,E0 01 00 00 00 00 00 00,........,False,True,True
2026-02-11T14:54:00.286224,592.307752,RX,0x000,128,00 38 9B 71 80 02 00 00,.8.q....,False,False,False
2026-02-11T14:54:00.286224,592.307752,RX,0x000,0,,,False,False,False
2026-02-11T14:54:00.286224,592.307752,RX,0x1E0,0,,,False,False,False
2026-02-11T14:54:00.286224,592.307752,RX,0x000,128,E0 01 00 00 00 00 00 00,........,False,True,True
2026-02-11T14:54:00.286224,592.307752,RX,0x000,128,00 38 9B 71 80 02 00 00,.8.q....,False,False,False
2026-02-11T14:54:00.286224,592.307752,RX,0x000,0,,,False,False,False
2026-02-11T14:54:00.287240,592.308768,RX,0x1E0,0,,,False,False,False
2026-02-11T14:54:00.287240,592.308768,RX,0x000,128,E0 01 00 00 00 00 00 00,........,False,True,True
2026-02-11T14:54:00.287240,592.308768,RX,0x000,128,00 38 9B 71 80 02 00 00,.8.q....,False,False,False
2026-02-11T14:54:00.287240,592.308768,RX,0x000,0,,,False,False,False
2026-02-11T14:54:00.287240,592.308768,RX,0x1E0,0,,,False,False,False
2026-02-11T14:54:00.287240,592.308768,RX,0x000,128,E0 01 00 00 00 00 00 00,........,False,True,True
2026-02-11T14:54:00.287240,592.308768,RX,0x000,128,00 38 9B 71 80 02 00 00,.8.q....,False,False,False
2026-02-11T14:54:00.287240,592.308768,RX,0x000,0,,,False,False,False
2026-02-11T14:54:00.287240,592.308768,RX,0x1E0,0,,,False,False,False
2026-02-11T14:54:00.287240,592.308768,RX,0x000,128,E0 01 00 00 00 00 00 00,........,False,True,True
2026-02-11T14:54:00.287240,592.308768,RX,0x000,128,00 38 9B 71 80 02 00 00,.8.q....,False,False,False
2026-02-11T14:54:00.287240,592.308768,RX,0x000,0,,,False,False,False
2026-02-11T14:54:00.287240,592.308768,RX,0x1E0,0,,,False,False,False
2026-02-11T14:54:00.287240,592.308768,RX,0x000,128,E0 01 00 00 00 00 00 00,........,False,True,True
2026-02-11T14:54:00.287240,592.308768,RX,0x000,128,00 38 9B 71 80 02 00 00,.8.q....,False,False,False
2026-02-11T14:54:00.288238,592.309766,RX,0x000,0,,,False,False,False
2026-02-11T14:54:00.288238,592.309766,RX,0x1E0,0,,,False,False,False
2026-02-11T14:54:00.288238,592.309766,RX,0x000,128,E0 01 00 00 00 00 00 00,........,False,True,True
2026-02-11T14:54:00.288238,592.309766,RX,0x000,128,00 38 9B 71 80 02 00 00,.8.q....,False,False,False
2026-02-11T14:54:00.288238,592.309766,RX,0x000,0,,,False,False,False
2026-02-11T14:54:00.288238,592.309766,RX,0x1E0,0,,,False,False,False
2026-02-11T14:54:00.288238,592.309766,RX,0x000,128,E0 01 00 00 00 00 00 00,........,False,True,True
2026-02-11T14:54:00.288238,592.309766,RX,0x000,128,00 38 9B 71 80 02 00 00,.8.q....,False,False,False
2026-02-11T14:54:00.288750,592.310278,RX,0x000,0,,,False,False,False
2026-02-11T14:54:00.288750,592.310278,RX,0x1E0,0,,,False,False,False
2026-02-11T14:54:00.288750,592.310278,RX,0x000,128,E0 01 00 00 00 00 00 00,........,False,True,True
2026-02-11T14:54:00.288750,592.310278,RX,0x000,128,00 38 9B 71 80 02 00 00,.8.q....,False,False,False
2026-02-11T14:54:00.288750,592.310278,RX,0x000,0,,,False,False,False
2026-02-11T14:54:00.288750,592.310278,RX,0x1E0,0,,,False,False,False
2026-02-11T14:54:00.288750,592.310278,RX,0x000,128,E0 01 00 00 00 00 00 00,........,False,True,True
2026-02-11T14:54:00.288750,592.310278,RX,0x000,128,00 38 9B 71 80 02 00 00,.8.q....,False,False,False
2026-02-11T14:54:00.288750,592.310278,RX,0x000,0,,,False,False,False
2026-02-11T14:54:00.288750,592.310278,RX,0x1E0,0,,,False,False,False
2026-02-11T14:54:00.288750,592.310278,RX,0x000,128,E0 01 00 00 00 00 00 00,........,False,True,True
2026-02-11T14:54:00.288750,592.310278,RX,0x000,128,00 38 9B 71 80 02 00 00,.8.q....,False,False,False
2026-02-11T14:54:00.288750,592.310278,RX,0x000,0,,,False,False,False
2026-02-11T14:54:00.288750,592.310278,RX,0x1E0,0,,,False,False,False
2026-02-11T14:54:00.288750,592.310278,RX,0x000,128,E0 01 00 00 00 00 00 00,........,False,True,True
2026-02-11T14:54:00.288750,592.310278,RX,0x000,128,00 38 9B 71 80 02 00 00,.8.q....,False,False,False
2026-02-11T14:54:00.289763,592.311291,RX,0x000,0,,,False,False,False
2026-02-11T14:54:00.289763,592.311291,RX,0x1E0,0,,,False,False,False
2026-02-11T14:54:00.289763,592.311291,RX,0x000,128,E0 01 00 00 00 00 00 00,........,False,True,True
2026-02-11T14:54:00.289763,592.311291,RX,0x000,128,00 38 9B 71 80 02 00 00,.8.q....,False,False,False
2026-02-11T14:54:00.289763,592.311291,RX,0x000,0,,,False,False,False
2026-02-11T14:54:00.289763,592.311291,RX,0x1E0,0,,,False,False,False
2026-02-11T14:54:00.289763,592.311291,RX,0x000,128,E0 01 00 00 00 00 00 00,........,False,True,True
2026-02-11T14:54:00.289763,592.311291,RX,0x000,128,00 38 9B 71 80 02 00 00,.8.q....,False,False,False
2026-02-11T14:54:00.289763,592.311291,RX,0x000,0,,,False,False,False
2026-02-11T14:54:00.289763,592.311291,RX,0x1E0,0,,,False,False,False
2026-02-11T14:54:00.289763,592.311291,RX,0x000,128,E0 01 00 00 00 00 00 00,........,False,True,True
2026-02-11T14:54:00.289763,592.311291,RX,0x000,128,00 38 9B 71 80 02 00 00,.8.q....,False,False,False
2026-02-11T14:54:00.289763,592.311291,RX,0x000,0,,,False,False,False
2026-02-11T14:54:00.289763,592.311291,RX,0x1E0,0,,,False,False,False
2026-02-11T14:54:00.289763,592.311291,RX,0x000,128,E0 01 00 00 00 00 00 00,........,False,True,True
2026-02-11T14:54:00.289763,592.311291,RX,0x000,128,00 38 9B 71 80 02 00 00,.8.q....,False,False,False
2026-02-11T14:54:00.289763,592.311291,RX,0x000,0,,,False,False,False
2026-02-11T14:54:00.291261,592.312789,RX,0x1E0,0,,,False,False,False
2026-02-11T14:54:00.291261,592.312789,RX,0x000,128,E0 01 00 00 00 00 00 00,........,False,True,True
2026-02-11T14:54:00.291261,592.312789,RX,0x000,128,00 38 9B 71 80 02 00 00,.8.q....,False,False,False
2026-02-11T14:54:00.293299,592.314827,RX,0x000,0,,,False,False,False
2026-02-11T14:54:00.294326,592.315854,RX,0x1E0,0,,,False,False,False
2026-02-11T14:54:00.294326,592.315854,RX,0x000,128,E0 01 00 00 00 00 00 00,........,False,True,True
2026-02-11T14:54:00.294326,592.315854,RX,0x000,128,00 38 9B 71 80 02 00 00,.8.q....,False,False,False
2026-02-11T14:54:00.294326,592.315854,RX,0x000,0,,,False,False,False
2026-02-11T14:54:00.294326,592.315854,RX,0x1E0,0,,,False,False,False
2026-02-11T14:54:00.294326,592.315854,RX,0x000,128,E0 01 00 00 00 00 00 00,........,False,True,True
2026-02-11T14:54:00.294326,592.315854,RX,0x000,128,00 38 9B 71 80 02 00 00,.8.q....,False,False,False
2026-02-11T14:54:00.294326,592.315854,RX,0x000,0,,,False,False,False
2026-02-11T14:54:00.295348,592.315854,RX,0x1E0,0,,,False,False,False
2026-02-11T14:54:00.295348,592.316876,RX,0x000,128,E0 01 00 00 00 00 00 00,........,False,True,True
2026-02-11T14:54:00.295348,592.316876,RX,0x000,128,00 38 9B 71 80 02 00 00,.8.q....,False,False,False
2026-02-11T14:54:00.295348,592.316876,RX,0x000,0,,,False,False,False
2026-02-11T14:54:00.295348,592.316876,RX,0x1E0,0,,,False,False,False
2026-02-11T14:54:00.295348,592.316876,RX,0x000,128,E0 01 00 00 00 00 00 00,........,False,True,True
2026-02-11T14:54:00.295348,592.316876,RX,0x000,128,00 38 9B 71 80 02 00 00,.8.q....,False,False,False
2026-02-11T14:54:00.295348,592.316876,RX,0x000,0,,,False,False,False
2026-02-11T14:54:00.295348,592.316876,RX,0x1E0,0,,,False,False,False
2026-02-11T14:54:00.295348,592.316876,RX,0x000,128,E0 01 00 00 00 00 00 00,........,False,True,True
2026-02-11T14:54:00.295348,592.316876,RX,0x000,128,00 38 9B 71 80 02 00 00,.8.q....,False,False,False
2026-02-11T14:54:00.295348,592.316876,RX,0x000,0,,,False,False,False
2026-02-11T14:54:00.296503,592.318031,RX,0x1E0,0,,,False,False,False
2026-02-11T14:54:00.296503,592.318031,RX,0x000,128,E0 01 00 00 00 00 00 00,........,False,True,True
2026-02-11T14:54:00.296503,592.318031,RX,0x000,128,00 38 9B 71 80 02 00 00,.8.q....,False,False,False
2026-02-11T14:54:00.296503,592.318031,RX,0x000,0,,,False,False,False
2026-02-11T14:54:00.296503,592.318031,RX,0x1E0,0,,,False,False,False
2026-02-11T14:54:00.296503,592.318031,RX,0x000,128,E0 01 00 00 00 00 00 00,........,False,True,True
2026-02-11T14:54:00.296503,592.318031,RX,0x000,128,00 38 9B 71 80 02 00 00,.8.q....,False,False,False
2026-02-11T14:54:00.296503,592.318031,RX,0x000,0,,,False,False,False
2026-02-11T14:54:00.296503,592.318031,RX,0x1E0,0,,,False,False,False
2026-02-11T14:54:00.296503,592.318031,RX,0x000,128,E0 01 00 00 00 00 00 00,........,False,True,True
2026-02-11T14:54:00.296503,592.318031,RX,0x000,128,00 38 9B 71 80 02 00 00,.8.q....,False,False,False
2026-02-11T14:54:00.296503,592.318031,RX,0x000,0,,,False,False,False
2026-02-11T14:54:00.296503,592.318031,RX,0x1E0,0,,,False,False,False
2026-02-11T14:54:00.296503,592.318031,RX,0x000,128,E0 01 00 00 00 00 00 00,........,False,True,True
2026-02-11T14:54:00.296503,592.318031,RX,0x000,128,00 38 9B 71 80 02 00 00,.8.q....,False,False,False
2026-02-11T14:54:00.296503,592.318031,RX,0x000,0,,,False,False,False
2026-02-11T14:54:00.296503,592.318031,RX,0x1E0,0,,,False,False,False
2026-02-11T14:54:00.298012,592.319540,RX,0x000,128,E0 01 00 00 00 00 00 00,........,False,True,True
2026-02-11T14:54:00.298012,592.319540,RX,0x000,128,00 38 9B 71 80 02 00 00,.8.q....,False,False,False
2026-02-11T14:54:00.298012,592.319540,RX,0x000,0,,,False,False,False
2026-02-11T14:54:00.298012,592.319540,RX,0x1E0,0,,,False,False,False
2026-02-11T14:54:00.298012,592.319540,RX,0x000,128,E0 01 00 00 00 00 00 00,........,False,True,True
2026-02-11T14:54:00.298012,592.319540,RX,0x000,128,00 38 9B 71 80 02 00 00,.8.q....,False,False,False
2026-02-11T14:54:00.298012,592.319540,RX,0x000,0,,,False,False,False
2026-02-11T14:54:00.299057,592.320585,RX,0x1E0,0,,,False,False,False
2026-02-11T14:54:00.299057,592.320585,RX,0x000,128,E0 01 00 00 00 00 00 00,........,False,True,True
2026-02-11T14:54:00.299057,592.320585,RX,0x000,128,00 38 9B 71 80 02 00 00,.8.q....,False,False,False
2026-02-11T14:54:00.300078,592.321606,RX,0x000,0,,,False,False,False
2026-02-11T14:54:00.300078,592.321606,RX,0x1E0,0,,,False,False,False
2026-02-11T14:54:00.300078,592.321606,RX,0x000,128,E0 01 00 00 00 00 00 00,........,False,True,True
2026-02-11T14:54:00.300078,592.321606,RX,0x000,128,00 38 9B 71 80 02 00 00,.8.q....,False,False,False
2026-02-11T14:54:00.300078,592.321606,RX,0x000,0,,,False,False,False
2026-02-11T14:54:00.301084,592.322612,RX,0x1E0,0,,,False,False,False
2026-02-11T14:54:00.301084,592.322612,RX,0x000,128,E0 01 00 00 00 00 00 00,........,False,True,True
2026-02-11T14:54:00.301084,592.322612,RX,0x000,128,00 38 9B 71 80 02 00 00,.8.q....,False,False,False
2026-02-11T14:54:00.301084,592.322612,RX,0x000,0,,,False,False,False
2026-02-11T14:54:00.301084,592.322612,RX,0x1E0,0,,,False,False,False
2026-02-11T14:54:00.302152,592.323680,RX,0x000,128,E0 01 00 00 00 00 00 00,........,False,True,True
2026-02-11T14:54:00.302152,592.323680,RX,0x000,128,00 38 9B 71 80 02 00 00,.8.q....,False,False,False
2026-02-11T14:54:00.302152,592.323680,RX,0x000,0,,,False,False,False
2026-02-11T14:54:00.302152,592.323680,RX,0x1E0,0,,,False,False,False
2026-02-11T14:54:00.302152,592.323680,RX,0x000,128,E0 01 00 00 00 00 00 00,........,False,True,True
2026-02-11T14:54:00.302152,592.323680,RX,0x000,128,00 38 9B 71 80 02 00 00,.8.q....,False,False,False
2026-02-11T14:54:00.302152,592.323680,RX,0x000,0,,,False,False,False
2026-02-11T14:54:00.302152,592.323680,RX,0x1E0,0,,,False,False,False
2026-02-11T14:54:00.302152,592.323680,RX,0x000,128,E0 01 00 00 00 00 00 00,........,False,True,True
2026-02-11T14:54:00.303174,592.324702,RX,0x000,128,00 38 9B 71 80 02 00 00,.8.q....,False,False,False
2026-02-11T14:54:00.303174,592.324702,RX,0x000,0,,,False,False,False
2026-02-11T14:54:00.303174,592.324702,RX,0x1E0,0,,,False,False,False
2026-02-11T14:54:00.303174,592.324702,RX,0x000,128,E0 01 00 00 00 00 00 00,........,False,True,True
2026-02-11T14:54:00.303174,592.324702,RX,0x000,128,00 38 9B 71 80 02 00 00,.8.q....,False,False,False
2026-02-11T14:54:00.303174,592.324702,RX,0x000,0,,,False,False,False
2026-02-11T14:54:00.303174,592.324702,RX,0x1E0,0,,,False,False,False
2026-02-11T14:54:00.303174,592.324702,RX,0x000,128,E0 01 00 00 00 00 00 00,........,False,True,True
2026-02-11T14:54:00.303174,592.324702,RX,0x000,128,00 38 9B 71 80 02 00 00,.8.q....,False,False,False
2026-02-11T14:54:00.304182,592.325710,RX,0x000,0,,,False,False,False
2026-02-11T14:54:00.304182,592.325710,RX,0x1E0,0,,,False,False,False
2026-02-11T14:54:00.304182,592.325710,RX,0x000,128,E0 01 00 00 00 00 00 00,........,False,True,True
2026-02-11T14:54:00.304182,592.325710,RX,0x000,128,00 38 9B 71 80 02 00 00,.8.q....,False,False,False
2026-02-11T14:54:00.304182,592.325710,RX,0x000,0,,,False,False,False
2026-02-11T14:54:00.304182,592.325710,RX,0x1E0,0,,,False,False,False
2026-02-11T14:54:00.305197,592.326725,RX,0x000,128,E0 01 00 00 00 00 00 00,........,False,True,True
2026-02-11T14:54:00.305197,592.326725,RX,0x000,128,00 38 9B 71 80 02 00 00,.8.q....,False,False,False
2026-02-11T14:54:00.305197,592.326725,RX,0x000,0,,,False,False,False
2026-02-11T14:54:00.305197,592.326725,RX,0x1E0,0,,,False,False,False
2026-02-11T14:54:00.305197,592.326725,RX,0x000,128,E0 01 00 00 00 00 00 00,........,False,True,True
2026-02-11T14:54:00.305197,592.326725,RX,0x000,128,00 38 9B 71 80 02 00 00,.8.q....,False,False,False
2026-02-11T14:54:00.305197,592.326725,RX,0x000,0,,,False,False,False
2026-02-11T14:54:00.305197,592.326725,RX,0x1E0,0,,,False,False,False
2026-02-11T14:54:00.306215,592.327743,RX,0x000,128,E0 01 00 00 00 00 00 00,........,False,True,True
2026-02-11T14:54:00.306215,592.327743,RX,0x000,128,00 38 9B 71 80 02 00 00,.8.q....,False,False,False
2026-02-11T14:54:00.306215,592.327743,RX,0x000,0,,,False,False,False
2026-02-11T14:54:00.306215,592.327743,RX,0x1E0,0,,,False,False,False
2026-02-11T14:54:00.307235,592.328763,RX,0x000,128,E0 01 00 00 00 00 00 00,........,False,True,True
2026-02-11T14:54:00.307235,592.328763,RX,0x000,128,00 38 9B 71 80 02 00 00,.8.q....,False,False,False
2026-02-11T14:54:00.307235,592.328763,RX,0x000,0,,,False,False,False
2026-02-11T14:54:00.307235,592.328763,RX,0x1E0,0,,,False,False,False
2026-02-11T14:54:00.307235,592.328763,RX,0x000,128,E0 01 00 00 00 00 00 00,........,False,True,True
2026-02-11T14:54:00.307235,592.328763,RX,0x000,128,00 38 9B 71 80 02 00 00,.8.q....,False,False,False
2026-02-11T14:54:00.307235,592.328763,RX,0x000,0,,,False,False,False
2026-02-11T14:54:00.308234,592.329762,RX,0x1E0,0,,,False,False,False
2026-02-11T14:54:00.308234,592.329762,RX,0x000,128,E0 01 00 00 00 00 00 00,........,False,True,True
2026-02-11T14:54:00.308234,592.329762,RX,0x000,128,00 38 9B 71 80 02 00 00,.8.q....,False,False,False
2026-02-11T14:54:00.308234,592.329762,RX,0x000,0,,,False,False,False
2026-02-11T14:54:00.308234,592.329762,RX,0x1E0,0,,,False,False,False
2026-02-11T14:54:00.308234,592.329762,RX,0x000,128,E0 01 00 00 00 00 00 00,........,False,True,True
2026-02-11T14:54:00.308748,592.329762,RX,0x000,128,00 38 9B 71 80 02 00 00,.8.q....,False,False,False
2026-02-11T14:54:00.308748,592.330276,RX,0x000,0,,,False,False,False
2026-02-11T14:54:00.308748,592.330276,RX,0x1E0,0,,,False,False,False
2026-02-11T14:54:00.308748,592.330276,RX,0x000,128,E0 01 00 00 00 00 00 00,........,False,True,True
2026-02-11T14:54:00.308748,592.330276,RX,0x000,128,00 38 9B 71 80 02 00 00,.8.q....,False,False,False
2026-02-11T14:54:00.308748,592.330276,RX,0x000,0,,,False,False,False
2026-02-11T14:54:00.308748,592.330276,RX,0x1E0,0,,,False,False,False
2026-02-11T14:54:00.309768,592.331296,RX,0x000,128,E0 01 00 00 00 00 00 00,........,False,True,True
2026-02-11T14:54:00.309768,592.331296,RX,0x000,128,00 38 9B 71 80 02 00 00,.8.q....,False,False,False
2026-02-11T14:54:00.309768,592.331296,RX,0x000,0,,,False,False,False
2026-02-11T14:54:00.309768,592.331296,RX,0x1E0,0,,,False,False,False
2026-02-11T14:54:00.309768,592.331296,RX,0x000,128,E0 01 00 00 00 00 00 00,........,False,True,True
2026-02-11T14:54:00.309768,592.331296,RX,0x000,128,00 38 9B 71 80 02 00 00,.8.q....,False,False,False
2026-02-11T14:54:00.309768,592.331296,RX,0x000,0,,,False,False,False
2026-02-11T14:54:00.309768,592.331296,RX,0x1E0,0,,,False,False,False
2026-02-11T14:54:00.309768,592.331296,RX,0x000,128,E0 01 00 00 00 00 00 00,........,False,True,True
2026-02-11T14:54:00.309768,592.331296,RX,0x000,128,00 38 9B 71 80 02 00 00,.8.q....,False,False,False
2026-02-11T14:54:00.310785,592.332313,RX,0x000,0,,,False,False,False
2026-02-11T14:54:00.310785,592.332313,RX,0x1E0,0,,,False,False,False
2026-02-11T14:54:00.310785,592.332313,RX,0x000,128,E0 01 00 00 00 00 00 00,........,False,True,True
2026-02-11T14:54:00.310785,592.332313,RX,0x000,128,00 38 9B 71 80 02 00 00,.8.q....,False,False,False
2026-02-11T14:54:00.311916,592.333444,RX,0x000,0,,,False,False,False
2026-02-11T14:54:00.311916,592.333444,RX,0x1E0,0,,,False,False,False
2026-02-11T14:54:00.311916,592.333444,RX,0x000,128,E0 01 00 00 00 00 00 00,........,False,True,True
2026-02-11T14:54:00.311916,592.333444,RX,0x000,128,00 38 9B 71 80 02 00 00,.8.q....,False,False,False
2026-02-11T14:54:00.311916,592.333444,RX,0x000,0,,,False,False,False
2026-02-11T14:54:00.311916,592.333444,RX,0x1E0,0,,,False,False,False
2026-02-11T14:54:00.311916,592.333444,RX,0x000,128,E0 01 00 00 00 00 00 00,........,False,True,True
2026-02-11T14:54:00.312928,592.334456,RX,0x000,128,00 38 9B 71 80 02 00 00,.8.q....,False,False,False
2026-02-11T14:54:00.312928,592.334456,RX,0x000,0,,,False,False,False
2026-02-11T14:54:00.312928,592.334456,RX,0x1E0,0,,,False,False,False
2026-02-11T14:54:00.312928,592.334456,RX,0x000,128,E0 01 00 00 00 00 00 00,........,False,True,True
2026-02-11T14:54:00.312928,592.334456,RX,0x000,128,00 38 9B 71 80 02 00 00,.8.q....,False,False,False
2026-02-11T14:54:00.312928,592.334456,RX,0x000,0,,,False,False,False
2026-02-11T14:54:00.313963,592.335490,RX,0x1E0,0,,,False,False,False
2026-02-11T14:54:00.313963,592.335490,RX,0x000,128,E0 01 00 00 00 00 00 00,........,False,True,True
2026-02-11T14:54:00.313963,592.335490,RX,0x000,128,00 38 9B 71 80 02 00 00,.8.q....,False,False,False
2026-02-11T14:54:00.313963,592.335490,RX,0x000,0,,,False,False,False
2026-02-11T14:54:00.313963,592.335490,RX,0x1E0,0,,,False,False,False
2026-02-11T14:54:00.313963,592.335490,RX,0x000,128,E0 01 00 00 00 00 00 00,........,False,True,True
2026-02-11T14:54:00.313963,592.335490,RX,0x000,128,00 38 9B 71 80 02 00 00,.8.q....,False,False,False
2026-02-11T14:54:00.314988,592.336516,RX,0x000,0,,,False,False,False
2026-02-11T14:54:00.314988,592.336516,RX,0x1E0,0,,,False,False,False
2026-02-11T14:54:00.314988,592.336516,RX,0x000,128,E0 01 00 00 00 00 00 00,........,False,True,True
2026-02-11T14:54:00.314988,592.336516,RX,0x000,128,00 38 9B 71 80 02 00 00,.8.q....,False,False,False
2026-02-11T14:54:00.316005,592.337533,RX,0x000,0,,,False,False,False
2026-02-11T14:54:00.316005,592.337533,RX,0x1E0,0,,,False,False,False
2026-02-11T14:54:00.316005,592.337533,RX,0x000,128,E0 01 00 00 00 00 00 00,........,False,True,True
2026-02-11T14:54:00.316005,592.337533,RX,0x000,128,00 38 9B 71 80 02 00 00,.8.q....,False,False,False
2026-02-11T14:54:00.316005,592.337533,RX,0x000,0,,,False,False,False
2026-02-11T14:54:00.316005,592.337533,RX,0x1E0,0,,,False,False,False
2026-02-11T14:54:00.316005,592.337533,RX,0x000,128,E0 01 00 00 00 00 00 00,........,False,True,True
2026-02-11T14:54:00.316005,592.337533,RX,0x000,128,00 38 9B 71 80 02 00 00,.8.q....,False,False,False
2026-02-11T14:54:00.316005,592.337533,RX,0x000,0,,,False,False,False
2026-02-11T14:54:00.316005,592.337533,RX,0x1E0,0,,,False,False,False
2026-02-11T14:54:00.317021,592.338548,RX,0x000,128,E0 01 00 00 00 00 00 00,........,False,True,True
2026-02-11T14:54:00.317021,592.338548,RX,0x000,128,00 38 9B 71 80 02 00 00,.8.q....,False,False,False
2026-02-11T14:54:00.317021,592.338548,RX,0x000,0,,,False,False,False
2026-02-11T14:54:00.317021,592.338548,RX,0x1E0,0,,,False,False,False
2026-02-11T14:54:00.317021,592.338548,RX,0x000,128,E0 01 00 00 00 00 00 00,........,False,True,True
2026-02-11T14:54:00.317021,592.338548,RX,0x000,128,00 38 9B 71 80 02 00 00,.8.q....,False,False,False
2026-02-11T14:54:00.317021,592.338548,RX,0x000,0,,,False,False,False
2026-02-11T14:54:00.317021,592.338548,RX,0x1E0,0,,,False,False,False
2026-02-11T14:54:00.317021,592.338548,RX,0x000,128,E0 01 00 00 00 00 00 00,........,False,True,True
2026-02-11T14:54:00.317021,592.338548,RX,0x000,128,00 38 9B 71 80 02 00 00,.8.q....,False,False,False
2026-02-11T14:54:00.318021,592.339549,RX,0x000,0,,,False,False,False
2026-02-11T14:54:00.318021,592.339549,RX,0x1E0,0,,,False,False,False
2026-02-11T14:54:00.318021,592.339549,RX,0x000,128,E0 01 00 00 00 00 00 00,........,False,True,True
2026-02-11T14:54:00.318531,592.339549,RX,0x000,128,00 38 9B 71 80 02 00 00,.8.q....,False,False,False
2026-02-11T14:54:00.318531,592.340059,RX,0x000,0,,,False,False,False
2026-02-11T14:54:00.318531,592.340059,RX,0x1E0,0,,,False,False,False
2026-02-11T14:54:00.318531,592.340059,RX,0x000,128,E0 01 00 00 00 00 00 00,........,False,True,True
2026-02-11T14:54:00.318531,592.340059,RX,0x000,128,00 38 9B 71 80 02 00 00,.8.q....,False,False,False
2026-02-11T14:54:00.318531,592.340059,RX,0x000,0,,,False,False,False
2026-02-11T14:54:00.318531,592.340059,RX,0x1E0,0,,,False,False,False
2026-02-11T14:54:00.318531,592.340059,RX,0x000,128,E0 01 00 00 00 00 00 00,........,False,True,True
2026-02-11T14:54:00.319560,592.341088,RX,0x000,128,00 38 9B 71 80 02 00 00,.8.q....,False,False,False
2026-02-11T14:54:00.319560,592.341088,RX,0x000,0,,,False,False,False
2026-02-11T14:54:00.319560,592.341088,RX,0x1E0,0,,,False,False,False
2026-02-11T14:54:00.319560,592.341088,RX,0x000,128,E0 01 00 00 00 00 00 00,........,False,True,True
2026-02-11T14:54:00.319560,592.341088,RX,0x000,128,00 38 9B 71 80 02 00 00,.8.q....,False,False,False
2026-02-11T14:54:00.319560,592.341088,RX,0x000,0,,,False,False,False
2026-02-11T14:54:00.319560,592.341088,RX,0x1E0,0,,,False,False,False
2026-02-11T14:54:00.319560,592.341088,RX,0x000,128,E0 01 00 00 00 00 00 00,........,False,True,True
2026-02-11T14:54:00.319560,592.341088,RX,0x000,128,00 38 9B 71 80 02 00 00,.8.q....,False,False,False
2026-02-11T14:54:00.321075,592.342603,RX,0x000,0,,,False,False,False
2026-02-11T14:54:00.321075,592.342603,RX,0x1E0,0,,,False,False,False
2026-02-11T14:54:00.321075,592.342603,RX,0x000,128,E0 01 00 00 00 00 00 00,........,False,True,True
2026-02-11T14:54:00.321075,592.342603,RX,0x000,128,00 38 9B 71 80 02 00 00,.8.q....,False,False,False
2026-02-11T14:54:00.321075,592.342603,RX,0x000,0,,,False,False,False
2026-02-11T14:54:00.321075,592.342603,RX,0x1E0,0,,,False,False,False
2026-02-11T14:54:00.321075,592.342603,RX,0x000,128,E0 01 00 00 00 00 00 00,........,False,True,True
2026-02-11T14:54:00.321075,592.342603,RX,0x000,128,00 38 9B 71 80 02 00 00,.8.q....,False,False,False
2026-02-11T14:54:00.321075,592.342603,RX,0x000,0,,,False,False,False
2026-02-11T14:54:00.321075,592.342603,RX,0x1E0,0,,,False,False,False
2026-02-11T14:54:00.322099,592.343627,RX,0x000,128,E0 01 00 00 00 00 00 00,........,False,True,True
2026-02-11T14:54:00.322099,592.343627,RX,0x000,128,00 38 9B 71 80 02 00 00,.8.q....,False,False,False
2026-02-11T14:54:00.322099,592.343627,RX,0x000,0,,,False,False,False
2026-02-11T14:54:00.322099,592.343627,RX,0x1E0,0,,,False,False,False
2026-02-11T14:54:00.322099,592.343627,RX,0x000,128,E0 01 00 00 00 00 00 00,........,False,True,True
2026-02-11T14:54:00.322099,592.343627,RX,0x000,128,00 38 9B 71 80 02 00 00,.8.q....,False,False,False
2026-02-11T14:54:00.322099,592.343627,RX,0x000,0,,,False,False,False
2026-02-11T14:54:00.323128,592.344656,RX,0x1E0,0,,,False,False,False
2026-02-11T14:54:00.323128,592.344656,RX,0x000,128,E0 01 00 00 00 00 00 00,........,False,True,True
2026-02-11T14:54:00.323128,592.344656,RX,0x000,128,00 38 9B 71 80 02 00 00,.8.q....,False,False,False
2026-02-11T14:54:00.323128,592.344656,RX,0x000,0,,,False,False,False
2026-02-11T14:54:00.323128,592.344656,RX,0x1E0,0,,,False,False,False
2026-02-11T14:54:00.323128,592.344656,RX,0x000,128,E0 01 00 00 00 00 00 00,........,False,True,True
2026-02-11T14:54:00.323128,592.344656,RX,0x000,128,00 38 9B 71 80 02 00 00,.8.q....,False,False,False
2026-02-11T14:54:00.323128,592.344656,RX,0x000,0,,,False,False,False
2026-02-11T14:54:00.323128,592.344656,RX,0x1E0,0,,,False,False,False
2026-02-11T14:54:00.323128,592.344656,RX,0x000,128,E0 01 00 00 00 00 00 00,........,False,True,True
2026-02-11T14:54:00.323128,592.344656,RX,0x000,128,00 38 9B 71 80 02 00 00,.8.q....,False,False,False
2026-02-11T14:54:00.323128,592.344656,RX,0x000,0,,,False,False,False
2026-02-11T14:54:00.323128,592.344656,RX,0x1E0,0,,,False,False,False
2026-02-11T14:54:00.323128,592.344656,RX,0x000,128,E0 01 00 00 00 00 00 00,........,False,True,True
2026-02-11T14:54:00.323128,592.344656,RX,0x000,128,00 38 9B 71 80 02 00 00,.8.q....,False,False,False
2026-02-11T14:54:00.323128,592.344656,RX,0x000,0,,,False,False,False
2026-02-11T14:54:00.324147,592.345675,RX,0x1E0,0,,,False,False,False
2026-02-11T14:54:00.324147,592.345675,RX,0x000,128,E0 01 00 00 00 00 00 00,........,False,True,True
2026-02-11T14:54:00.324147,592.345675,RX,0x000,128,00 38 9B 71 80 02 00 00,.8.q....,False,False,False
2026-02-11T14:54:00.324147,592.345675,RX,0x000,0,,,False,False,False
2026-02-11T14:54:00.324147,592.345675,RX,0x1E0,0,,,False,False,False
2026-02-11T14:54:00.324147,592.345675,RX,0x000,128,E0 01 00 00 00 00 00 00,........,False,True,True
2026-02-11T14:54:00.324147,592.345675,RX,0x000,128,00 38 9B 71 80 02 00 00,.8.q....,False,False,False
2026-02-11T14:54:00.324147,592.345675,RX,0x000,0,,,False,False,False
2026-02-11T14:54:00.324147,592.345675,RX,0x1E0,0,,,False,False,False
2026-02-11T14:54:00.324147,592.345675,RX,0x000,128,E0 01 00 00 00 00 00 00,........,False,True,True
2026-02-11T14:54:00.324147,592.345675,RX,0x000,128,00 38 9B 71 80 02 00 00,.8.q....,False,False,False
2026-02-11T14:54:00.324147,592.345675,RX,0x000,0,,,False,False,False
2026-02-11T14:54:00.324147,592.345675,RX,0x1E0,0,,,False,False,False
2026-02-11T14:54:00.324147,592.345675,RX,0x000,128,E0 01 00 00 00 00 00 00,........,False,True,True
2026-02-11T14:54:00.324147,592.345675,RX,0x000,128,00 38 9B 71 80 02 00 00,.8.q....,False,False,False
2026-02-11T14:54:00.324147,592.345675,RX,0x000,0,,,False,False,False
2026-02-11T14:54:00.324147,592.345675,RX,0x1E0,0,,,False,False,False
2026-02-11T14:54:00.325173,592.346700,RX,0x000,128,E0 01 00 00 00 00 00 00,........,False,True,True
2026-02-11T14:54:00.325173,592.346700,RX,0x000,128,00 38 9B 71 80 02 00 00,.8.q....,False,False,False
2026-02-11T14:54:00.325173,592.346700,RX,0x000,0,,,False,False,False
2026-02-11T14:54:00.325173,592.346700,RX,0x1E0,0,,,False,False,False
2026-02-11T14:54:00.325173,592.346700,RX,0x000,128,E0 01 00 00 00 00 00 00,........,False,True,True
2026-02-11T14:54:00.325173,592.346700,RX,0x000,128,00 38 9B 71 80 02 00 00,.8.q....,False,False,False
2026-02-11T14:54:00.325173,592.346700,RX,0x000,0,,,False,False,False
2026-02-11T14:54:00.325173,592.346700,RX,0x1E0,0,,,False,False,False
2026-02-11T14:54:00.325173,592.346700,RX,0x000,128,E0 01 00 00 00 00 00 00,........,False,True,True
2026-02-11T14:54:00.325173,592.346700,RX,0x000,128,00 38 9B 71 80 02 00 00,.8.q....,False,False,False
2026-02-11T14:54:00.325173,592.346700,RX,0x000,0,,,False,False,False
2026-02-11T14:54:00.325173,592.346700,RX,0x1E0,0,,,False,False,False
2026-02-11T14:54:00.325173,592.346700,RX,0x000,128,E0 01 00 00 00 00 00 00,........,False,True,True
2026-02-11T14:54:00.325173,592.346700,RX,0x000,128,00 38 9B 71 80 02 00 00,.8.q....,False,False,False
2026-02-11T14:54:00.325173,592.346700,RX,0x000,0,,,False,False,False
2026-02-11T14:54:00.325173,592.346700,RX,0x1E0,0,,,False,False,False
2026-02-11T14:54:00.325173,592.346700,RX,0x000,128,E0 01 00 00 00 00 00 00,........,False,True,True
2026-02-11T14:54:00.326190,592.346700,RX,0x000,128,00 38 9B 71 80 02 00 00,.8.q....,False,False,False
2026-02-11T14:54:00.326190,592.347718,RX,0x000,0,,,False,False,False
2026-02-11T14:54:00.326190,592.347718,RX,0x1E0,0,,,False,False,False
2026-02-11T14:54:00.326190,592.347718,RX,0x000,128,E0 01 00 00 00 00 00 00,........,False,True,True
2026-02-11T14:54:00.326190,592.347718,RX,0x000,128,00 38 9B 71 80 02 00 00,.8.q....,False,False,False
2026-02-11T14:54:00.326190,592.347718,RX,0x000,0,,,False,False,False
2026-02-11T14:54:00.326190,592.347718,RX,0x1E0,0,,,False,False,False
2026-02-11T14:54:00.326190,592.347718,RX,0x000,128,E0 01 00 00 00 00 00 00,........,False,True,True
2026-02-11T14:54:00.326190,592.347718,RX,0x000,128,00 38 9B 71 80 02 00 00,.8.q....,False,False,False
2026-02-11T14:54:00.326190,592.347718,RX,0x000,0,,,False,False,False
2026-02-11T14:54:00.326190,592.347718,RX,0x1E0,0,,,False,False,False
2026-02-11T14:54:00.326190,592.347718,RX,0x000,128,E0 01 00 00 00 00 00 00,........,False,True,True
2026-02-11T14:54:00.326190,592.347718,RX,0x000,128,00 38 9B 71 80 02 00 00,.8.q....,False,False,False
2026-02-11T14:54:00.326190,592.347718,RX,0x000,0,,,False,False,False
2026-02-11T14:54:00.326190,592.347718,RX,0x1E0,0,,,False,False,False
2026-02-11T14:54:00.327499,592.349027,RX,0x000,128,E0 01 00 00 00 00 00 00,........,False,True,True
2026-02-11T14:54:00.327499,592.349027,RX,0x000,128,00 38 9B 71 80 02 00 00,.8.q....,False,False,False
2026-02-11T14:54:00.327499,592.349027,RX,0x000,0,,,False,False,False
2026-02-11T14:54:00.328012,592.349540,RX,0x1E0,0,,,False,False,False
2026-02-11T14:54:00.328012,592.349540,RX,0x000,128,E0 01 00 00 00 00 00 00,........,False,True,True
2026-02-11T14:54:00.328012,592.349540,RX,0x000,128,00 38 9B 71 80 02 00 00,.8.q....,False,False,False
2026-02-11T14:54:00.328012,592.349540,RX,0x000,0,,,False,False,False
2026-02-11T14:54:00.328012,592.349540,RX,0x1E0,0,,,False,False,False
2026-02-11T14:54:00.328012,592.349540,RX,0x000,128,E0 01 00 00 00 00 00 00,........,False,True,True
2026-02-11T14:54:00.329052,592.350580,RX,0x000,128,00 38 9B 71 80 02 00 00,.8.q....,False,False,False
2026-02-11T14:54:00.329052,592.350580,RX,0x000,0,,,False,False,False
2026-02-11T14:54:00.329052,592.350580,RX,0x1E0,0,,,False,False,False
2026-02-11T14:54:00.329052,592.350580,RX,0x000,128,E0 01 00 00 00 00 00 00,........,False,True,True
2026-02-11T14:54:00.329052,592.350580,RX,0x000,128,00 38 9B 71 80 02 00 00,.8.q....,False,False,False
2026-02-11T14:54:00.329052,592.350580,RX,0x000,0,,,False,False,False
2026-02-11T14:54:00.329052,592.350580,RX,0x1E0,0,,,False,False,False
2026-02-11T14:54:00.329052,592.350580,RX,0x000,128,E0 01 00 00 00 00 00 00,........,False,True,True
2026-02-11T14:54:00.329052,592.350580,RX,0x000,128,00 38 9B 71 80 02 00 00,.8.q....,False,False,False
2026-02-11T14:54:00.329052,592.350580,RX,0x000,0,,,False,False,False
2026-02-11T14:54:00.329052,592.350580,RX,0x1E0,0,,,False,False,False
2026-02-11T14:54:00.329052,592.350580,RX,0x000,128,E0 01 00 00 00 00 00 00,........,False,True,True
2026-02-11T14:54:00.329052,592.350580,RX,0x000,128,00 38 9B 71 80 02 00 00,.8.q....,False,False,False
2026-02-11T14:54:00.329052,592.350580,RX,0x000,0,,,False,False,False
2026-02-11T14:54:00.330061,592.351589,RX,0x1E0,0,,,False,False,False
2026-02-11T14:54:00.330061,592.351589,RX,0x000,128,E0 01 00 00 00 00 00 00,........,False,True,True
2026-02-11T14:54:00.330061,592.351589,RX,0x000,128,00 38 9B 71 80 02 00 00,.8.q....,False,False,False
2026-02-11T14:54:00.330061,592.351589,RX,0x000,0,,,False,False,False
2026-02-11T14:54:00.330061,592.351589,RX,0x1E0,0,,,False,False,False
2026-02-11T14:54:00.330061,592.351589,RX,0x000,128,E0 01 00 00 00 00 00 00,........,False,True,True
2026-02-11T14:54:00.330061,592.351589,RX,0x000,128,00 38 9B 71 80 02 00 00,.8.q....,False,False,False
2026-02-11T14:54:00.330061,592.351589,RX,0x000,0,,,False,False,False
2026-02-11T14:54:00.330061,592.351589,RX,0x1E0,0,,,False,False,False
2026-02-11T14:54:00.330061,592.351589,RX,0x000,128,E0 01 00 00 00 00 00 00,........,False,True,True
2026-02-11T14:54:00.330061,592.351589,RX,0x000,128,00 38 9B 71 80 02 00 00,.8.q....,False,False,False
2026-02-11T14:54:00.330061,592.351589,RX,0x000,0,,,False,False,False
2026-02-11T14:54:00.330061,592.351589,RX,0x1E0,0,,,False,False,False
2026-02-11T14:54:00.330061,592.351589,RX,0x000,128,E0 01 00 00 00 00 00 00,........,False,True,True
2026-02-11T14:54:00.330061,592.351589,RX,0x000,128,00 38 9B 71 80 02 00 00,.8.q....,False,False,False
2026-02-11T14:54:00.331065,592.352593,RX,0x000,0,,,False,False,False
2026-02-11T14:54:00.331065,592.352593,RX,0x1E0,0,,,False,False,False
2026-02-11T14:54:00.331065,592.352593,RX,0x000,128,E0 01 00 00 00 00 00 00,........,False,True,True
2026-02-11T14:54:00.331065,592.352593,RX,0x000,128,00 38 9B 71 80 02 00 00,.8.q....,False,False,False
2026-02-11T14:54:00.331579,592.353107,RX,0x000,0,,,False,False,False
2026-02-11T14:54:00.331579,592.353107,RX,0x1E0,0,,,False,False,False
2026-02-11T14:54:00.331579,592.353107,RX,0x000,128,E0 01 00 00 00 00 00 00,........,False,True,True
2026-02-11T14:54:00.331579,592.353107,RX,0x000,128,00 38 9B 71 80 02 00 00,.8.q....,False,False,False
2026-02-11T14:54:00.331579,592.353107,RX,0x000,0,,,False,False,False
2026-02-11T14:54:00.331579,592.353107,RX,0x1E0,0,,,False,False,False
2026-02-11T14:54:00.331579,592.353107,RX,0x000,128,E0 01 00 00 00 00 00 00,........,False,True,True
2026-02-11T14:54:00.331579,592.353107,RX,0x000,128,00 38 9B 71 80 02 00 00,.8.q....,False,False,False
2026-02-11T14:54:00.331579,592.353107,RX,0x000,0,,,False,False,False
2026-02-11T14:54:00.331579,592.353107,RX,0x1E0,0,,,False,False,False
2026-02-11T14:54:00.331579,592.353107,RX,0x000,128,E0 01 00 00 00 00 00 00,........,False,True,True
2026-02-11T14:54:00.331579,592.353107,RX,0x000,128,00 38 9B 71 80 02 00 00,.8.q....,False,False,False
2026-02-11T14:54:00.331579,592.353107,RX,0x000,0,,,False,False,False
2026-02-11T14:54:00.332595,592.354123,RX,0x1E0,0,,,False,False,False
2026-02-11T14:54:00.332595,592.354123,RX,0x000,128,E0 01 00 00 00 00 00 00,........,False,True,True
2026-02-11T14:54:00.332595,592.354123,RX,0x000,128,00 38 9B 71 80 02 00 00,.8.q....,False,False,False
2026-02-11T14:54:00.332595,592.354123,RX,0x000,0,,,False,False,False
2026-02-11T14:54:00.332595,592.354123,RX,0x1E0,0,,,False,False,False
2026-02-11T14:54:00.332595,592.354123,RX,0x000,128,E0 01 00 00 00 00 00 00,........,False,True,True
2026-02-11T14:54:00.332595,592.354123,RX,0x000,128,00 38 9B 71 80 02 00 00,.8.q....,False,False,False
2026-02-11T14:54:00.332595,592.354123,RX,0x000,0,,,False,False,False
2026-02-11T14:54:00.332595,592.354123,RX,0x1E0,0,,,False,False,False
2026-02-11T14:54:00.332595,592.354123,RX,0x000,128,E0 01 00 00 00 00 00 00,........,False,True,True
2026-02-11T14:54:00.332595,592.354123,RX,0x000,128,00 38 9B 71 80 02 00 00,.8.q....,False,False,False
2026-02-11T14:54:00.332595,592.354123,RX,0x000,0,,,False,False,False
2026-02-11T14:54:00.332595,592.354123,RX,0x1E0,0,,,False,False,False
2026-02-11T14:54:00.332595,592.354123,RX,0x000,128,E0 01 00 00 00 00 00 00,........,False,True,True
2026-02-11T14:54:00.333621,592.355149,RX,0x000,128,00 38 9B 71 80 02 00 00,.8.q....,False,False,False
2026-02-11T14:54:00.333621,592.355149,RX,0x000,0,,,False,False,False
2026-02-11T14:54:00.333621,592.355149,RX,0x1E0,0,,,False,False,False
2026-02-11T14:54:00.333621,592.355149,RX,0x000,128,E0 01 00 00 00 00 00 00,........,False,True,True
2026-02-11T14:54:00.333621,592.355149,RX,0x000,128,00 38 9B 71 80 02 00 00,.8.q....,False,False,False
2026-02-11T14:54:00.333621,592.355149,RX,0x000,0,,,False,False,False
2026-02-11T14:54:00.333621,592.355149,RX,0x1E0,0,,,False,False,False
2026-02-11T14:54:00.333621,592.355149,RX,0x000,128,E0 01 00 00 00 00 00 00,........,False,True,True
2026-02-11T14:54:00.333621,592.355149,RX,0x000,128,00 38 9B 71 80 02 00 00,.8.q....,False,False,False
2026-02-11T14:54:00.333621,592.355149,RX,0x000,0,,,False,False,False
2026-02-11T14:54:00.333621,592.355149,RX,0x1E0,0,,,False,False,False
2026-02-11T14:54:00.333621,592.355149,RX,0x000,128,E0 01 00 00 00 00 00 00,........,False,True,True
2026-02-11T14:54:00.333621,592.355149,RX,0x000,128,00 38 9B 71 80 02 00 00,.8.q....,False,False,False
2026-02-11T14:54:00.333621,592.355149,RX,0x000,0,,,False,False,False
2026-02-11T14:54:00.333621,592.355149,RX,0x1E0,0,,,False,False,False
2026-02-11T14:54:00.334655,592.356183,RX,0x000,128,E0 01 00 00 00 00 00 00,........,False,True,True
2026-02-11T14:54:00.334655,592.356183,RX,0x000,128,00 38 9B 71 80 02 00 00,.8.q....,False,False,False
2026-02-11T14:54:00.334655,592.356183,RX,0x000,0,,,False,False,False
2026-02-11T14:54:00.334655,592.356183,RX,0x1E0,0,,,False,False,False
2026-02-11T14:54:00.334655,592.356183,RX,0x000,128,E0 01 00 00 00 00 00 00,........,False,True,True
2026-02-11T14:54:00.334655,592.356183,RX,0x000,128,00 38 9B 71 80 02 00 00,.8.q....,False,False,False
2026-02-11T14:54:00.334655,592.356183,RX,0x000,0,,,False,False,False
2026-02-11T14:54:00.334655,592.356183,RX,0x1E0,0,,,False,False,False
2026-02-11T14:54:00.334655,592.356183,RX,0x000,128,E0 01 00 00 00 00 00 00,........,False,True,True
2026-02-11T14:54:00.334655,592.356183,RX,0x000,128,00 38 9B 71 80 02 00 00,.8.q....,False,False,False
2026-02-11T14:54:00.334655,592.356183,RX,0x000,0,,,False,False,False
2026-02-11T14:54:00.334655,592.356183,RX,0x1E0,0,,,False,False,False
2026-02-11T14:54:00.334655,592.356183,RX,0x000,128,E0 01 00 00 00 00 00 00,........,False,True,True
2026-02-11T14:54:00.335667,592.357195,RX,0x000,128,00 38 9B 71 80 02 00 00,.8.q....,False,False,False
2026-02-11T14:54:00.335667,592.357195,RX,0x000,0,,,False,False,False
2026-02-11T14:54:00.335667,592.357195,RX,0x1E0,0,,,False,False,False
2026-02-11T14:54:00.335667,592.357195,RX,0x000,128,E0 01 00 00 00 00 00 00,........,False,True,True
2026-02-11T14:54:00.335667,592.357195,RX,0x000,128,00 38 9B 71 80 02 00 00,.8.q....,False,False,False
2026-02-11T14:54:00.335667,592.357195,RX,0x000,0,,,False,False,False
2026-02-11T14:54:00.335667,592.357195,RX,0x1E0,0,,,False,False,False
2026-02-11T14:54:00.335667,592.357195,RX,0x000,128,E0 01 00 00 00 00 00 00,........,False,True,True
2026-02-11T14:54:00.335667,592.357195,RX,0x000,128,00 38 9B 71 80 02 00 00,.8.q....,False,False,False
2026-02-11T14:54:00.335667,592.357195,RX,0x000,0,,,False,False,False
2026-02-11T14:54:00.335667,592.357195,RX,0x1E0,0,,,False,False,False
2026-02-11T14:54:00.336677,592.358205,RX,0x000,128,E0 01 00 00 00 00 00 00,........,False,True,True
2026-02-11T14:54:00.336677,592.358205,RX,0x000,128,00 38 9B 71 80 02 00 00,.8.q....,False,False,False
2026-02-11T14:54:00.336677,592.358205,RX,0x000,0,,,False,False,False
2026-02-11T14:54:00.336677,592.358205,RX,0x1E0,0,,,False,False,False
2026-02-11T14:54:00.336677,592.358205,RX,0x000,128,E0 01 00 00 00 00 00 00,........,False,True,True
2026-02-11T14:54:00.336677,592.358205,RX,0x000,128,00 38 9B 71 80 02 00 00,.8.q....,False,False,False
2026-02-11T14:54:00.336677,592.358205,RX,0x000,0,,,False,False,False
2026-02-11T14:54:00.336677,592.358205,RX,0x1E0,0,,,False,False,False
2026-02-11T14:54:00.336677,592.358205,RX,0x000,128,E0 01 00 00 00 00 00 00,........,False,True,True
2026-02-11T14:54:00.336677,592.358205,RX,0x000,128,00 38 9B 71 80 02 00 00,.8.q....,False,False,False
2026-02-11T14:54:00.336677,592.358205,RX,0x000,0,,,False,False,False
2026-02-11T14:54:00.336677,592.358205,RX,0x1E0,0,,,False,False,False
2026-02-11T14:54:00.336677,592.358205,RX,0x000,128,E0 01 00 00 00 00 00 00,........,False,True,True
2026-02-11T14:54:00.336677,592.358205,RX,0x000,128,00 38 9B 71 80 02 00 00,.8.q....,False,False,False
2026-02-11T14:54:00.336677,592.358205,RX,0x000,0,,,False,False,False
2026-02-11T14:54:00.336677,592.358205,RX,0x1E0,0,,,False,False,False
2026-02-11T14:54:00.336677,592.358205,RX,0x000,128,E0 01 00 00 00 00 00 00,........,False,True,True
2026-02-11T14:54:00.336677,592.358205,RX,0x000,128,00 38 9B 71 80 02 00 00,.8.q....,False,False,False
2026-02-11T14:54:00.336677,592.358205,RX,0x000,0,,,False,False,False
2026-02-11T14:54:00.336677,592.358205,RX,0x1E0,0,,,False,False,False
2026-02-11T14:54:00.336677,592.358205,RX,0x000,128,E0 01 00 00 00 00 00 00,........,False,True,True
2026-02-11T14:54:00.336677,592.358205,RX,0x000,128,00 38 9B 71 80 02 00 00,.8.q....,False,False,False
2026-02-11T14:54:00.336677,592.358205,RX,0x000,0,,,False,False,False
2026-02-11T14:54:00.336677,592.358205,RX,0x1E0,0,,,False,False,False
2026-02-11T14:54:00.338188,592.359715,RX,0x000,128,E0 01 00 00 00 00 00 00,........,False,True,True
2026-02-11T14:54:00.338188,592.359715,RX,0x000,128,00 38 9B 71 80 02 00 00,.8.q....,False,False,False
2026-02-11T14:54:00.338188,592.359715,RX,0x000,0,,,False,False,False
2026-02-11T14:54:00.338188,592.359715,RX,0x1E0,0,,,False,False,False
2026-02-11T14:54:00.338188,592.359715,RX,0x000,128,E0 01 00 00 00 00 00 00,........,False,True,True
2026-02-11T14:54:00.338188,592.359715,RX,0x000,128,00 38 9B 71 80 02 00 00,.8.q....,False,False,False
2026-02-11T14:54:00.338188,592.359715,RX,0x000,0,,,False,False,False
2026-02-11T14:54:00.338188,592.359715,RX,0x1E0,0,,,False,False,False
2026-02-11T14:54:00.338188,592.359715,RX,0x000,128,E0 01 00 00 00 00 00 00,........,False,True,True
2026-02-11T14:54:00.338188,592.359715,RX,0x000,128,00 38 9B 71 80 02 00 00,.8.q....,False,False,False
2026-02-11T14:54:00.339231,592.359715,RX,0x000,0,,,False,False,False
2026-02-11T14:54:00.339231,592.360759,RX,0x1E0,0,,,False,False,False
2026-02-11T14:54:00.339231,592.360759,RX,0x000,128,E0 01 00 00 00 00 00 00,........,False,True,True
2026-02-11T14:54:00.339231,592.360759,RX,0x000,128,00 38 9B 71 80 02 00 00,.8.q....,False,False,False
2026-02-11T14:54:00.339231,592.360759,RX,0x000,0,,,False,False,False
2026-02-11T14:54:00.340246,592.361774,RX,0x1E0,0,,,False,False,False
2026-02-11T14:54:00.340246,592.361774,RX,0x000,128,E0 01 00 00 00 00 00 00,........,False,True,True
2026-02-11T14:54:00.340246,592.361774,RX,0x000,128,00 38 9B 71 80 02 00 00,.8.q....,False,False,False
2026-02-11T14:54:00.340246,592.361774,RX,0x000,0,,,False,False,False
2026-02-11T14:54:00.340246,592.361774,RX,0x1E0,0,,,False,False,False
2026-02-11T14:54:00.341286,592.362814,RX,0x000,128,E0 01 00 00 00 00 00 00,........,False,True,True
2026-02-11T14:54:00.341286,592.362814,RX,0x000,128,00 38 9B 71 80 02 00 00,.8.q....,False,False,False
2026-02-11T14:54:00.341286,592.362814,RX,0x000,0,,,False,False,False
2026-02-11T14:54:00.341286,592.362814,RX,0x1E0,0,,,False,False,False
2026-02-11T14:54:00.341286,592.362814,RX,0x000,128,E0 01 00 00 00 00 00 00,........,False,True,True
2026-02-11T14:54:00.341286,592.362814,RX,0x000,128,00 38 9B 71 80 02 00 00,.8.q....,False,False,False
2026-02-11T14:54:00.341286,592.362814,RX,0x000,0,,,False,False,False
2026-02-11T14:54:00.342287,592.363815,RX,0x1E0,0,,,False,False,False
2026-02-11T14:54:00.342287,592.363815,RX,0x000,128,E0 01 00 00 00 00 00 00,........,False,True,True
2026-02-11T14:54:00.342287,592.363815,RX,0x000,128,00 38 9B 71 80 02 00 00,.8.q....,False,False,False
2026-02-11T14:54:00.342287,592.363815,RX,0x000,0,,,False,False,False
2026-02-11T14:54:00.342287,592.363815,RX,0x1E0,0,,,False,False,False
2026-02-11T14:54:00.342287,592.363815,RX,0x000,128,E0 01 00 00 00 00 00 00,........,False,True,True
2026-02-11T14:54:00.342287,592.363815,RX,0x000,128,00 38 9B 71 80 02 00 00,.8.q....,False,False,False
2026-02-11T14:54:00.342287,592.363815,RX,0x000,0,,,False,False,False
2026-02-11T14:54:00.342796,592.364324,RX,0x1E0,0,,,False,False,False
2026-02-11T14:54:00.343819,592.365347,RX,0x000,128,E0 01 00 00 00 00 00 00,........,False,True,True
2026-02-11T14:54:00.343819,592.365347,RX,0x000,128,00 38 9B 71 80 02 00 00,.8.q....,False,False,False
2026-02-11T14:54:00.343819,592.365347,RX,0x000,0,,,False,False,False
2026-02-11T14:54:00.343819,592.365347,RX,0x1E0,0,,,False,False,False
2026-02-11T14:54:00.343819,592.365347,RX,0x000,128,E0 01 00 00 00 00 00 00,........,False,True,True
2026-02-11T14:54:00.343819,592.365347,RX,0x000,128,00 38 9B 71 80 02 00 00,.8.q....,False,False,False
2026-02-11T14:54:00.343819,592.365347,RX,0x000,0,,,False,False,False
2026-02-11T14:54:00.343819,592.365347,RX,0x1E0,0,,,False,False,False
2026-02-11T14:54:00.343819,592.365347,RX,0x000,128,E0 01 00 00 00 00 00 00,........,False,True,True
2026-02-11T14:54:00.344882,592.366410,RX,0x000,128,00 38 9B 71 80 02 00 00,.8.q....,False,False,False
2026-02-11T14:54:00.344882,592.366410,RX,0x000,0,,,False,False,False
2026-02-11T14:54:00.344882,592.366410,RX,0x1E0,0,,,False,False,False
2026-02-11T14:54:00.344882,592.366410,RX,0x000,128,E0 01 00 00 00 00 00 00,........,False,True,True
2026-02-11T14:54:00.345913,592.367441,RX,0x000,128,00 38 9B 71 80 02 00 00,.8.q....,False,False,False
2026-02-11T14:54:00.345913,592.367441,RX,0x000,0,,,False,False,False
2026-02-11T14:54:00.345913,592.367441,RX,0x1E0,0,,,False,False,False
2026-02-11T14:54:00.345913,592.367441,RX,0x000,128,E0 01 00 00 00 00 00 00,........,False,True,True
2026-02-11T14:54:00.345913,592.367441,RX,0x000,128,00 38 9B 71 80 02 00 00,.8.q....,False,False,False
2026-02-11T14:54:00.345913,592.367441,RX,0x000,0,,,False,False,False
2026-02-11T14:54:00.345913,592.367441,RX,0x1E0,0,,,False,False,False
2026-02-11T14:54:00.347029,592.368557,RX,0x000,128,E0 01 00 00 00 00 00 00,........,False,True,True
2026-02-11T14:54:00.347029,592.368557,RX,0x000,128,00 38 9B 71 80 02 00 00,.8.q....,False,False,False
2026-02-11T14:54:00.347029,592.368557,RX,0x000,0,,,False,False,False
2026-02-11T14:54:00.347029,592.368557,RX,0x1E0,0,,,False,False,False
2026-02-11T14:54:00.347029,592.368557,RX,0x000,128,E0 01 00 00 00 00 00 00,........,False,True,True
2026-02-11T14:54:00.347029,592.368557,RX,0x000,128,00 38 9B 71 80 02 00 00,.8.q....,False,False,False
2026-02-11T14:54:00.347029,592.368557,RX,0x000,0,,,False,False,False
2026-02-11T14:54:00.347029,592.368557,RX,0x1E0,0,,,False,False,False
2026-02-11T14:54:00.347029,592.368557,RX,0x000,128,E0 01 00 00 00 00 00 00,........,False,True,True
2026-02-11T14:54:00.347029,592.368557,RX,0x000,128,00 38 9B 71 80 02 00 00,.8.q....,False,False,False
2026-02-11T14:54:00.347029,592.368557,RX,0x000,0,,,False,False,False
2026-02-11T14:54:00.347029,592.368557,RX,0x1E0,0,,,False,False,False
2026-02-11T14:54:00.347029,592.368557,RX,0x000,128,E0 01 00 00 00 00 00 00,........,False,True,True
2026-02-11T14:54:00.347029,592.368557,RX,0x000,128,00 38 9B 71 80 02 00 00,.8.q....,False,False,False
2026-02-11T14:54:00.348028,592.369556,RX,0x000,0,,,False,False,False
2026-02-11T14:54:00.348028,592.369556,RX,0x1E0,0,,,False,False,False
2026-02-11T14:54:00.348028,592.369556,RX,0x000,128,E0 01 00 00 00 00 00 00,........,False,True,True
2026-02-11T14:54:00.348028,592.369556,RX,0x000,128,00 38 9B 71 80 02 00 00,.8.q....,False,False,False
2026-02-11T14:54:00.348028,592.369556,RX,0x000,0,,,False,False,False
2026-02-11T14:54:00.348028,592.369556,RX,0x1E0,0,,,False,False,False
2026-02-11T14:54:00.348543,592.370071,RX,0x000,128,E0 01 00 00 00 00 00 00,........,False,True,True
2026-02-11T14:54:00.348543,592.370071,RX,0x000,128,00 38 9B 71 80 02 00 00,.8.q....,False,False,False
2026-02-11T14:54:00.348543,592.370071,RX,0x000,0,,,False,False,False
2026-02-11T14:54:00.348543,592.370071,RX,0x1E0,0,,,False,False,False
2026-02-11T14:54:00.348543,592.370071,RX,0x000,128,E0 01 00 00 00 00 00 00,........,False,True,True
2026-02-11T14:54:00.348543,592.370071,RX,0x000,128,00 38 9B 71 80 02 00 00,.8.q....,False,False,False
2026-02-11T14:54:00.348543,592.370071,RX,0x000,0,,,False,False,False
2026-02-11T14:54:00.348543,592.370071,RX,0x1E0,0,,,False,False,False
2026-02-11T14:54:00.348543,592.370071,RX,0x000,128,E0 01 00 00 00 00 00 00,........,False,True,True
2026-02-11T14:54:00.348543,592.370071,RX,0x000,128,00 38 9B 71 80 02 00 00,.8.q....,False,False,False
2026-02-11T14:54:00.348543,592.370071,RX,0x000,0,,,False,False,False
2026-02-11T14:54:00.348543,592.370071,RX,0x1E0,0,,,False,False,False
2026-02-11T14:54:00.348543,592.370071,RX,0x000,128,E0 01 00 00 00 00 00 00,........,False,True,True
2026-02-11T14:54:00.348543,592.370071,RX,0x000,128,00 38 9B 71 80 02 00 00,.8.q....,False,False,False
2026-02-11T14:54:00.349561,592.371089,RX,0x000,0,,,False,False,False
2026-02-11T14:54:00.349561,592.371089,RX,0x1E0,0,,,False,False,False
2026-02-11T14:54:00.349561,592.371089,RX,0x000,128,E0 01 00 00 00 00 00 00,........,False,True,True
2026-02-11T14:54:00.349561,592.371089,RX,0x000,128,00 38 9B 71 80 02 00 00,.8.q....,False,False,False
2026-02-11T14:54:00.349561,592.371089,RX,0x000,0,,,False,False,False
2026-02-11T14:54:00.349561,592.371089,RX,0x1E0,0,,,False,False,False
2026-02-11T14:54:00.349561,592.371089,RX,0x000,128,E0 01 00 00 00 00 00 00,........,False,True,True
2026-02-11T14:54:00.349561,592.371089,RX,0x000,128,00 38 9B 71 80 02 00 00,.8.q....,False,False,False
2026-02-11T14:54:00.349561,592.371089,RX,0x000,0,,,False,False,False
2026-02-11T14:54:00.349561,592.371089,RX,0x1E0,0,,,False,False,False
2026-02-11T14:54:00.349561,592.371089,RX,0x000,128,E0 01 00 00 00 00 00 00,........,False,True,True
2026-02-11T14:54:00.349561,592.371089,RX,0x000,128,00 38 9B 71 80 02 00 00,.8.q....,False,False,False
2026-02-11T14:54:00.349561,592.371089,RX,0x000,0,,,False,False,False
2026-02-11T14:54:00.349561,592.371089,RX,0x1E0,0,,,False,False,False
2026-02-11T14:54:00.349561,592.371089,RX,0x000,128,E0 01 00 00 00 00 00 00,........,False,True,True
2026-02-11T14:54:00.349561,592.371089,RX,0x000,128,00 38 9B 71 80 02 00 00,.8.q....,False,False,False
2026-02-11T14:54:00.349561,592.371089,RX,0x000,0,,,False,False,False
2026-02-11T14:54:00.349561,592.371089,RX,0x1E0,0,,,False,False,False
2026-02-11T14:54:00.349561,592.371089,RX,0x000,128,E0 01 00 00 00 00 00 00,........,False,True,True
2026-02-11T14:54:00.351079,592.372607,RX,0x000,128,00 38 9B 71 80 02 00 00,.8.q....,False,False,False
2026-02-11T14:54:00.351079,592.372607,RX,0x000,0,,,False,False,False
2026-02-11T14:54:00.351079,592.372607,RX,0x1E0,0,,,False,False,False
2026-02-11T14:54:00.351079,592.372607,RX,0x000,128,E0 01 00 00 00 00 00 00,........,False,True,True
2026-02-11T14:54:00.351079,592.372607,RX,0x000,128,00 38 9B 71 80 02 00 00,.8.q....,False,False,False
2026-02-11T14:54:00.351079,592.372607,RX,0x000,0,,,False,False,False
2026-02-11T14:54:00.351079,592.372607,RX,0x1E0,0,,,False,False,False
2026-02-11T14:54:00.351079,592.372607,RX,0x000,128,E0 01 00 00 00 00 00 00,........,False,True,True
2026-02-11T14:54:00.351079,592.372607,RX,0x000,128,00 38 9B 71 80 02 00 00,.8.q....,False,False,False
2026-02-11T14:54:00.351079,592.372607,RX,0x000,0,,,False,False,False
2026-02-11T14:54:00.351079,592.372607,RX,0x1E0,0,,,False,False,False
2026-02-11T14:54:00.351079,592.372607,RX,0x000,128,E0 01 00 00 00 00 00 00,........,False,True,True
2026-02-11T14:54:00.351079,592.372607,RX,0x000,128,00 38 9B 71 80 02 00 00,.8.q....,False,False,False
2026-02-11T14:54:00.351079,592.372607,RX,0x000,0,,,False,False,False
2026-02-11T14:54:00.351079,592.372607,RX,0x1E0,0,,,False,False,False
2026-02-11T14:54:00.351079,592.372607,RX,0x000,128,E0 01 00 00 00 00 00 00,........,False,True,True
2026-02-11T14:54:00.351079,592.372607,RX,0x000,128,00 38 9B 71 80 02 00 00,.8.q....,False,False,False
2026-02-11T14:54:00.352111,592.373639,RX,0x000,0,,,False,False,False
2026-02-11T14:54:00.352111,592.373639,RX,0x1E0,0,,,False,False,False
2026-02-11T14:54:00.352111,592.373639,RX,0x000,128,E0 01 00 00 00 00 00 00,........,False,True,True
2026-02-11T14:54:00.352111,592.373639,RX,0x000,128,00 38 9B 71 80 02 00 00,.8.q....,False,False,False
2026-02-11T14:54:00.352111,592.373639,RX,0x000,0,,,False,False,False
2026-02-11T14:54:00.352111,592.373639,RX,0x1E0,0,,,False,False,False
2026-02-11T14:54:00.352111,592.373639,RX,0x000,128,E0 01 00 00 00 00 00 00,........,False,True,True
2026-02-11T14:54:00.352111,592.373639,RX,0x000,128,00 38 9B 71 80 02 00 00,.8.q....,False,False,False
2026-02-11T14:54:00.352111,592.373639,RX,0x000,0,,,False,False,False
2026-02-11T14:54:00.352111,592.373639,RX,0x1E0,0,,,False,False,False
2026-02-11T14:54:00.352111,592.373639,RX,0x000,128,E0 01 00 00 00 00 00 00,........,False,True,True
2026-02-11T14:54:00.352111,592.373639,RX,0x000,128,00 38 9B 71 80 02 00 00,.8.q....,False,False,False
2026-02-11T14:54:00.352111,592.373639,RX,0x000,0,,,False,False,False
2026-02-11T14:54:00.352111,592.373639,RX,0x1E0,0,,,False,False,False
2026-02-11T14:54:00.352111,592.373639,RX,0x000,128,E0 01 00 00 00 00 00 00,........,False,True,True
2026-02-11T14:54:00.352111,592.373639,RX,0x000,128,00 38 9B 71 80 02 00 00,.8.q....,False,False,False
2026-02-11T14:54:00.353146,592.374674,RX,0x000,0,,,False,False,False
2026-02-11T14:54:00.353146,592.374674,RX,0x1E0,0,,,False,False,False
2026-02-11T14:54:00.353146,592.374674,RX,0x000,128,E0 01 00 00 00 00 00 00,........,False,True,True
2026-02-11T14:54:00.353146,592.374674,RX,0x000,128,00 38 9B 71 80 02 00 00,.8.q....,False,False,False
2026-02-11T14:54:00.353146,592.374674,RX,0x000,0,,,False,False,False
2026-02-11T14:54:00.353146,592.374674,RX,0x1E0,0,,,False,False,False
2026-02-11T14:54:00.353146,592.374674,RX,0x000,128,E0 01 00 00 00 00 00 00,........,False,True,True
2026-02-11T14:54:00.353146,592.374674,RX,0x000,128,00 38 9B 71 80 02 00 00,.8.q....,False,False,False
2026-02-11T14:54:00.353146,592.374674,RX,0x000,0,,,False,False,False
2026-02-11T14:54:00.353146,592.374674,RX,0x1E0,0,,,False,False,False
2026-02-11T14:54:00.353146,592.374674,RX,0x000,128,E0 01 00 00 00 00 00 00,........,False,True,True
2026-02-11T14:54:00.353146,592.374674,RX,0x000,128,00 38 9B 71 80 02 00 00,.8.q....,False,False,False
2026-02-11T14:54:00.353146,592.374674,RX,0x000,0,,,False,False,False
2026-02-11T14:54:00.353146,592.374674,RX,0x1E0,0,,,False,False,False
2026-02-11T14:54:00.353146,592.374674,RX,0x000,128,E0 01 00 00 00 00 00 00,........,False,True,True
2026-02-11T14:54:00.353146,592.374674,RX,0x000,128,00 38 9B 71 80 02 00 00,.8.q....,False,False,False
2026-02-11T14:54:00.353146,592.374674,RX,0x000,0,,,False,False,False
2026-02-11T14:54:00.353146,592.374674,RX,0x1E0,0,,,False,False,False
2026-02-11T14:54:00.353146,592.374674,RX,0x000,128,E0 01 00 00 00 00 00 00,........,False,True,True
2026-02-11T14:54:00.353146,592.374674,RX,0x000,128,00 38 9B 71 80 02 00 00,.8.q....,False,False,False
2026-02-11T14:54:00.354183,592.375711,RX,0x000,0,,,False,False,False
2026-02-11T14:54:00.354183,592.375711,RX,0x1E0,0,,,False,False,False
2026-02-11T14:54:00.354183,592.375711,RX,0x000,128,E0 01 00 00 00 00 00 00,........,False,True,True
2026-02-11T14:54:00.354183,592.375711,RX,0x000,128,00 38 9B 71 80 02 00 00,.8.q....,False,False,False
2026-02-11T14:54:00.354183,592.375711,RX,0x000,0,,,False,False,False
2026-02-11T14:54:00.354183,592.375711,RX,0x1E0,0,,,False,False,False
2026-02-11T14:54:00.354183,592.375711,RX,0x000,128,E0 01 00 00 00 00 00 00,........,False,True,True
2026-02-11T14:54:00.354183,592.375711,RX,0x000,128,00 38 9B 71 80 02 00 00,.8.q....,False,False,False
2026-02-11T14:54:00.354183,592.375711,RX,0x000,0,,,False,False,False
2026-02-11T14:54:00.354183,592.375711,RX,0x1E0,0,,,False,False,False
2026-02-11T14:54:00.354183,592.375711,RX,0x000,128,E0 01 00 00 00 00 00 00,........,False,True,True
2026-02-11T14:54:00.354183,592.375711,RX,0x000,128,00 38 9B 71 80 02 00 00,.8.q....,False,False,False
2026-02-11T14:54:00.354183,592.375711,RX,0x000,0,,,False,False,False
2026-02-11T14:54:00.354183,592.375711,RX,0x1E0,0,,,False,False,False
2026-02-11T14:54:00.355249,592.376777,RX,0x000,128,E0 01 00 00 00 00 00 00,........,False,True,True
2026-02-11T14:54:00.355249,592.376777,RX,0x000,128,00 38 9B 71 80 02 00 00,.8.q....,False,False,False
2026-02-11T14:54:00.355249,592.376777,RX,0x000,0,,,False,False,False
2026-02-11T14:54:00.355249,592.376777,RX,0x1E0,0,,,False,False,False
2026-02-11T14:54:00.355249,592.376777,RX,0x000,128,E0 01 00 00 00 00 00 00,........,False,True,True
2026-02-11T14:54:00.355249,592.376777,RX,0x000,128,00 38 9B 71 80 02 00 00,.8.q....,False,False,False
2026-02-11T14:54:00.355249,592.376777,RX,0x000,0,,,False,False,False
2026-02-11T14:54:00.355249,592.376777,RX,0x1E0,0,,,False,False,False
2026-02-11T14:54:00.355249,592.376777,RX,0x000,128,E0 01 00 00 00 00 00 00,........,False,True,True
2026-02-11T14:54:00.355249,592.376777,RX,0x000,128,00 38 9B 71 80 02 00 00,.8.q....,False,False,False
2026-02-11T14:54:00.355249,592.376777,RX,0x000,0,,,False,False,False
2026-02-11T14:54:00.355249,592.376777,RX,0x1E0,0,,,False,False,False
2026-02-11T14:54:00.355249,592.376777,RX,0x000,128,E0 01 00 00 00 00 00 00,........,False,True,True
2026-02-11T14:54:00.355249,592.376777,RX,0x000,128,00 38 9B 71 80 02 00 00,.8.q....,False,False,False
2026-02-11T14:54:00.355249,592.376777,RX,0x000,0,,,False,False,False
2026-02-11T14:54:00.355249,592.376777,RX,0x1E0,0,,,False,False,False
2026-02-11T14:54:00.355249,592.376777,RX,0x000,128,E0 01 00 00 00 00 00 00,........,False,True,True
2026-02-11T14:54:00.356275,592.377803,RX,0x000,128,00 38 9B 71 80 02 00 00,.8.q....,False,False,False
2026-02-11T14:54:00.356275,592.377803,RX,0x000,0,,,False,False,False
2026-02-11T14:54:00.356275,592.377803,RX,0x1E0,0,,,False,False,False
2026-02-11T14:54:00.356275,592.377803,RX,0x000,128,E0 01 00 00 00 00 00 00,........,False,True,True
2026-02-11T14:54:00.356275,592.377803,RX,0x000,128,00 38 9B 71 80 02 00 00,.8.q....,False,False,False
2026-02-11T14:54:00.356275,592.377803,RX,0x000,0,,,False,False,False
2026-02-11T14:54:00.356275,592.377803,RX,0x1E0,0,,,False,False,False
2026-02-11T14:54:00.356275,592.377803,RX,0x000,128,E0 01 00 00 00 00 00 00,........,False,True,True
2026-02-11T14:54:00.356275,592.377803,RX,0x000,128,00 38 9B 71 80 02 00 00,.8.q....,False,False,False
2026-02-11T14:54:00.356275,592.377803,RX,0x000,0,,,False,False,False
2026-02-11T14:54:00.356275,592.377803,RX,0x1E0,0,,,False,False,False
2026-02-11T14:54:00.356275,592.377803,RX,0x000,128,E0 01 00 00 00 00 00 00,........,False,True,True
2026-02-11T14:54:00.356275,592.377803,RX,0x000,128,00 38 9B 71 80 02 00 00,.8.q....,False,False,False
2026-02-11T14:54:00.356275,592.377803,RX,0x000,0,,,False,False,False
2026-02-11T14:54:00.356275,592.377803,RX,0x1E0,0,,,False,False,False
2026-02-11T14:54:00.356275,592.377803,RX,0x000,128,E0 01 00 00 00 00 00 00,........,False,True,True
2026-02-11T14:54:00.356275,592.377803,RX,0x000,128,00 38 9B 71 80 02 00 00,.8.q....,False,False,False
2026-02-11T14:54:00.356275,592.377803,RX,0x000,0,,,False,False,False
2026-02-11T14:54:00.356275,592.377803,RX,0x1E0,0,,,False,False,False
2026-02-11T14:54:00.357302,592.377803,RX,0x000,128,E0 01 00 00 00 00 00 00,........,False,True,True
2026-02-11T14:54:00.357302,592.378830,RX,0x000,128,00 38 9B 71 80 02 00 00,.8.q....,False,False,False
2026-02-11T14:54:00.357302,592.378830,RX,0x000,0,,,False,False,False
2026-02-11T14:54:00.357302,592.378830,RX,0x1E0,0,,,False,False,False
2026-02-11T14:54:00.357302,592.378830,RX,0x000,128,E0 01 00 00 00 00 00 00,........,False,True,True
2026-02-11T14:54:00.357302,592.378830,RX,0x000,128,00 38 9B 71 80 02 00 00,.8.q....,False,False,False
2026-02-11T14:54:00.357302,592.378830,RX,0x000,0,,,False,False,False
2026-02-11T14:54:00.358302,592.379830,RX,0x1E0,0,,,False,False,False
2026-02-11T14:54:00.358302,592.379830,RX,0x000,128,E0 01 00 00 00 00 00 00,........,False,True,True
2026-02-11T14:54:00.358302,592.379830,RX,0x000,128,00 38 9B 71 80 02 00 00,.8.q....,False,False,False
2026-02-11T14:54:00.358302,592.379830,RX,0x000,0,,,False,False,False
2026-02-11T14:54:00.358302,592.379830,RX,0x1E0,0,,,False,False,False
2026-02-11T14:54:00.358302,592.379830,RX,0x000,128,E0 01 00 00 00 00 00 00,........,False,True,True
2026-02-11T14:54:00.358810,592.380338,RX,0x000,128,00 38 9B 71 80 02 00 00,.8.q....,False,False,False
2026-02-11T14:54:00.358810,592.380338,RX,0x000,0,,,False,False,False
2026-02-11T14:54:00.358810,592.380338,RX,0x1E0,0,,,False,False,False
2026-02-11T14:54:00.358810,592.380338,RX,0x000,128,E0 01 00 00 00 00 00 00,........,False,True,True
2026-02-11T14:54:00.358810,592.380338,RX,0x000,128,00 38 9B 71 80 02 00 00,.8.q....,False,False,False
2026-02-11T14:54:00.358810,592.380338,RX,0x000,0,,,False,False,False
2026-02-11T14:54:00.358810,592.380338,RX,0x1E0,0,,,False,False,False
2026-02-11T14:54:00.358810,592.380338,RX,0x000,128,E0 01 00 00 00 00 00 00,........,False,True,True
2026-02-11T14:54:00.358810,592.380338,RX,0x000,128,00 38 9B 71 80 02 00 00,.8.q....,False,False,False
2026-02-11T14:54:00.358810,592.380338,RX,0x000,0,,,False,False,False
2026-02-11T14:54:00.358810,592.380338,RX,0x1E0,0,,,False,False,False
2026-02-11T14:54:00.358810,592.380338,RX,0x000,128,E0 01 00 00 00 00 00 00,........,False,True,True
2026-02-11T14:54:00.358810,592.380338,RX,0x000,128,00 38 9B 71 80 02 00 00,.8.q....,False,False,False
2026-02-11T14:54:00.359834,592.381362,RX,0x000,0,,,False,False,False
2026-02-11T14:54:00.359834,592.381362,RX,0x1E0,0,,,False,False,False
2026-02-11T14:54:00.359834,592.381362,RX,0x000,128,E0 01 00 00 00 00 00 00,........,False,True,True
2026-02-11T14:54:00.359834,592.381362,RX,0x000,128,00 38 9B 71 80 02 00 00,.8.q....,False,False,False
2026-02-11T14:54:00.359834,592.381362,RX,0x000,0,,,False,False,False
2026-02-11T14:54:00.359834,592.381362,RX,0x1E0,0,,,False,False,False
2026-02-11T14:54:00.359834,592.381362,RX,0x000,128,E0 01 00 00 00 00 00 00,........,False,True,True
2026-02-11T14:54:00.359834,592.381362,RX,0x000,128,00 38 9B 71 80 02 00 00,.8.q....,False,False,False
2026-02-11T14:54:00.359834,592.381362,RX,0x000,0,,,False,False,False
2026-02-11T14:54:00.359834,592.381362,RX,0x1E0,0,,,False,False,False
2026-02-11T14:54:00.360856,592.382384,RX,0x000,128,E0 01 00 00 00 00 00 00,........,False,True,True
2026-02-11T14:54:00.360856,592.382384,RX,0x000,128,00 38 9B 71 80 02 00 00,.8.q....,False,False,False
2026-02-11T14:54:00.360856,592.382384,RX,0x000,0,,,False,False,False
2026-02-11T14:54:00.360856,592.382384,RX,0x1E0,0,,,False,False,False
2026-02-11T14:54:00.360856,592.382384,RX,0x000,128,E0 01 00 00 00 00 00 00,........,False,True,True
2026-02-11T14:54:00.360856,592.382384,RX,0x000,128,00 38 9B 71 80 02 00 00,.8.q....,False,False,False
2026-02-11T14:54:00.360856,592.382384,RX,0x000,0,,,False,False,False
2026-02-11T14:54:00.360856,592.382384,RX,0x1E0,0,,,False,False,False
2026-02-11T14:54:00.360856,592.382384,RX,0x000,128,E0 01 00 00 00 00 00 00,........,False,True,True
2026-02-11T14:54:00.360856,592.382384,RX,0x000,128,00 38 9B 71 80 02 00 00,.8.q....,False,False,False
2026-02-11T14:54:00.360856,592.382384,RX,0x000,0,,,False,False,False
2026-02-11T14:54:00.360856,592.382384,RX,0x1E0,0,,,False,False,False
2026-02-11T14:54:00.360856,592.382384,RX,0x000,128,E0 01 00 00 00 00 00 00,........,False,True,True
2026-02-11T14:54:00.360856,592.382384,RX,0x000,128,00 38 9B 71 80 02 00 00,.8.q....,False,False,False
2026-02-11T14:54:00.360856,592.382384,RX,0x000,0,,,False,False,False
2026-02-11T14:54:00.360856,592.382384,RX,0x1E0,0,,,False,False,False
2026-02-11T14:54:00.361896,592.382384,RX,0x000,128,E0 01 00 00 00 00 00 00,........,False,True,True
2026-02-11T14:54:00.361896,592.383424,RX,0x000,128,00 38 9B 71 80 02 00 00,.8.q....,False,False,False
2026-02-11T14:54:00.361896,592.383424,RX,0x000,0,,,False,False,False
2026-02-11T14:54:00.361896,592.383424,RX,0x1E0,0,,,False,False,False
2026-02-11T14:54:00.361896,592.383424,RX,0x000,128,E0 01 00 00 00 00 00 00,........,False,True,True
2026-02-11T14:54:00.361896,592.383424,RX,0x000,128,00 38 9B 71 80 02 00 00,.8.q....,False,False,False
2026-02-11T14:54:00.361896,592.383424,RX,0x000,0,,,False,False,False
2026-02-11T14:54:00.361896,592.383424,RX,0x1E0,0,,,False,False,False
2026-02-11T14:54:00.361896,592.383424,RX,0x000,128,E0 01 00 00 00 00 00 00,........,False,True,True
2026-02-11T14:54:00.361896,592.383424,RX,0x000,128,00 38 9B 71 80 02 00 00,.8.q....,False,False,False
2026-02-11T14:54:00.361896,592.383424,RX,0x000,0,,,False,False,False
2026-02-11T14:54:00.361896,592.383424,RX,0x1E0,0,,,False,False,False
2026-02-11T14:54:00.362908,592.384436,RX,0x000,128,E0 01 00 00 00 00 00 00,........,False,True,True
2026-02-11T14:54:00.362908,592.384436,RX,0x000,128,00 38 9B 71 80 02 00 00,.8.q....,False,False,False
2026-02-11T14:54:00.362908,592.384436,RX,0x000,0,,,False,False,False
2026-02-11T14:54:00.362908,592.384436,RX,0x1E0,0,,,False,False,False
2026-02-11T14:54:00.362908,592.384436,RX,0x000,128,E0 01 00 00 00 00 00 00,........,False,True,True
2026-02-11T14:54:00.362908,592.384436,RX,0x000,128,00 38 9B 71 80 02 00 00,.8.q....,False,False,False
2026-02-11T14:54:00.362908,592.384436,RX,0x000,0,,,False,False,False
2026-02-11T14:54:00.362908,592.384436,RX,0x1E0,0,,,False,False,False
2026-02-11T14:54:00.362908,592.384436,RX,0x000,128,E0 01 00 00 00 00 00 00,........,False,True,True
2026-02-11T14:54:00.362908,592.384436,RX,0x000,128,00 38 9B 71 80 02 00 00,.8.q....,False,False,False
2026-02-11T14:54:00.362908,592.384436,RX,0x000,0,,,False,False,False
2026-02-11T14:54:00.362908,592.384436,RX,0x1E0,0,,,False,False,False
2026-02-11T14:54:00.362908,592.384436,RX,0x000,128,E0 01 00 00 00 00 00 00,........,False,True,True
2026-02-11T14:54:00.362908,592.384436,RX,0x000,128,00 38 9B 71 80 02 00 00,.8.q....,False,False,False
2026-02-11T14:54:00.362908,592.384436,RX,0x000,0,,,False,False,False
2026-02-11T14:54:00.362908,592.384436,RX,0x1E0,0,,,False,False,False
2026-02-11T14:54:00.362908,592.384436,RX,0x000,128,E0 01 00 00 00 00 00 00,........,False,True,True
2026-02-11T14:54:00.363930,592.385458,RX,0x000,128,00 38 9B 71 80 02 00 00,.8.q....,False,False,False
2026-02-11T14:54:00.363930,592.385458,RX,0x000,0,,,False,False,False
2026-02-11T14:54:00.363930,592.385458,RX,0x1E0,0,,,False,False,False
2026-02-11T14:54:00.363930,592.385458,RX,0x000,128,E0 01 00 00 00 00 00 00,........,False,True,True
2026-02-11T14:54:00.363930,592.385458,RX,0x000,128,00 38 9B 71 80 02 00 00,.8.q....,False,False,False
2026-02-11T14:54:00.363930,592.385458,RX,0x000,0,,,False,False,False
2026-02-11T14:54:00.363930,592.385458,RX,0x1E0,0,,,False,False,False
2026-02-11T14:54:00.363930,592.385458,RX,0x000,128,E0 01 00 00 00 00 00 00,........,False,True,True
2026-02-11T14:54:00.363930,592.385458,RX,0x000,128,00 38 9B 71 80 02 00 00,.8.q....,False,False,False
2026-02-11T14:54:00.363930,592.385458,RX,0x000,0,,,False,False,False
2026-02-11T14:54:00.363930,592.385458,RX,0x1E0,0,,,False,False,False
2026-02-11T14:54:00.363930,592.385458,RX,0x000,128,E0 01 00 00 00 00 00 00,........,False,True,True
2026-02-11T14:54:00.363930,592.385458,RX,0x000,128,00 38 9B 71 80 02 00 00,.8.q....,False,False,False
2026-02-11T14:54:00.363930,592.385458,RX,0x000,0,,,False,False,False
2026-02-11T14:54:00.363930,592.385458,RX,0x1E0,0,,,False,False,False
2026-02-11T14:54:00.363930,592.385458,RX,0x000,128,E0 01 00 00 00 00 00 00,........,False,True,True
2026-02-11T14:54:00.363930,592.385458,RX,0x000,128,00 38 9B 71 80 02 00 00,.8.q....,False,False,False
2026-02-11T14:54:00.363930,592.385458,RX,0x000,0,,,False,False,False
2026-02-11T14:54:00.363930,592.385458,RX,0x1E0,0,,,False,False,False
2026-02-11T14:54:00.364957,592.386485,RX,0x000,128,E0 01 00 00 00 00 00 00,........,False,True,True
2026-02-11T14:54:00.364957,592.386485,RX,0x000,128,00 38 9B 71 80 02 00 00,.8.q....,False,False,False
2026-02-11T14:54:00.364957,592.386485,RX,0x000,0,,,False,False,False
2026-02-11T14:54:00.364957,592.386485,RX,0x1E0,0,,,False,False,False
2026-02-11T14:54:00.364957,592.386485,RX,0x000,128,E0 01 00 00 00 00 00 00,........,False,True,True
2026-02-11T14:54:00.364957,592.386485,RX,0x000,128,00 38 9B 71 80 02 00 00,.8.q....,False,False,False
2026-02-11T14:54:00.364957,592.386485,RX,0x000,0,,,False,False,False
2026-02-11T14:54:00.364957,592.386485,RX,0x1E0,0,,,False,False,False
2026-02-11T14:54:00.364957,592.386485,RX,0x000,128,E0 01 00 00 00 00 00 00,........,False,True,True
2026-02-11T14:54:00.364957,592.386485,RX,0x000,128,00 38 9B 71 80 02 00 00,.8.q....,False,False,False
2026-02-11T14:54:00.364957,592.386485,RX,0x000,0,,,False,False,False
2026-02-11T14:54:00.364957,592.386485,RX,0x1E0,0,,,False,False,False
2026-02-11T14:54:00.364957,592.386485,RX,0x000,128,E0 01 00 00 00 00 00 00,........,False,True,True
2026-02-11T14:54:00.364957,592.386485,RX,0x000,128,00 38 9B 71 80 02 00 00,.8.q....,False,False,False
2026-02-11T14:54:00.364957,592.386485,RX,0x000,0,,,False,False,False
2026-02-11T14:54:00.364957,592.386485,RX,0x1E0,0,,,False,False,False
2026-02-11T14:54:00.364957,592.386485,RX,0x000,128,E0 01 00 00 00 00 00 00,........,False,True,True
2026-02-11T14:54:00.364957,592.386485,RX,0x000,128,00 38 9B 71 80 02 00 00,.8.q....,False,False,False
2026-02-11T14:54:00.364957,592.386485,RX,0x000,0,,,False,False,False
2026-02-11T14:54:00.365974,592.387502,RX,0x1E0,0,,,False,False,False
2026-02-11T14:54:00.365974,592.387502,RX,0x000,128,E0 01 00 00 00 00 00 00,........,False,True,True
2026-02-11T14:54:00.365974,592.387502,RX,0x000,128,00 38 9B 71 80 02 00 00,.8.q....,False,False,False
2026-02-11T14:54:00.365974,592.387502,RX,0x000,0,,,False,False,False
2026-02-11T14:54:00.365974,592.387502,RX,0x1E0,0,,,False,False,False
2026-02-11T14:54:00.365974,592.387502,RX,0x000,128,E0 01 00 00 00 00 00 00,........,False,True,True
2026-02-11T14:54:00.365974,592.387502,RX,0x000,128,00 38 9B 71 80 02 00 00,.8.q....,False,False,False
2026-02-11T14:54:00.365974,592.387502,RX,0x000,0,,,False,False,False
2026-02-11T14:54:00.365974,592.387502,RX,0x1E0,0,,,False,False,False
2026-02-11T14:54:00.365974,592.387502,RX,0x000,128,E0 01 00 00 00 00 00 00,........,False,True,True
2026-02-11T14:54:00.365974,592.387502,RX,0x000,128,00 38 9B 71 80 02 00 00,.8.q....,False,False,False
2026-02-11T14:54:00.365974,592.387502,RX,0x000,0,,,False,False,False
2026-02-11T14:54:00.365974,592.387502,RX,0x1E0,0,,,False,False,False
2026-02-11T14:54:00.365974,592.387502,RX,0x000,128,E0 01 00 00 00 00 00 00,........,False,True,True
2026-02-11T14:54:00.365974,592.387502,RX,0x000,128,00 38 9B 71 80 02 00 00,.8.q....,False,False,False
2026-02-11T14:54:00.365974,592.387502,RX,0x000,0,,,False,False,False
2026-02-11T14:54:00.365974,592.387502,RX,0x1E0,0,,,False,False,False
2026-02-11T14:54:00.365974,592.387502,RX,0x000,128,E0 01 00 00 00 00 00 00,........,False,True,True
2026-02-11T14:54:00.365974,592.387502,RX,0x000,128,00 38 9B 71 80 02 00 00,.8.q....,False,False,False
2026-02-11T14:54:00.366986,592.388514,RX,0x000,0,,,False,False,False
2026-02-11T14:54:00.366986,592.388514,RX,0x1E0,0,,,False,False,False
2026-02-11T14:54:00.366986,592.388514,RX,0x000,128,E0 01 00 00 00 00 00 00,........,False,True,True
2026-02-11T14:54:00.366986,592.388514,RX,0x000,128,00 38 9B 71 80 02 00 00,.8.q....,False,False,False
2026-02-11T14:54:00.366986,592.388514,RX,0x000,0,,,False,False,False
2026-02-11T14:54:00.366986,592.388514,RX,0x1E0,0,,,False,False,False
2026-02-11T14:54:00.366986,592.388514,RX,0x000,128,E0 01 00 00 00 00 00 00,........,False,True,True
2026-02-11T14:54:00.366986,592.388514,RX,0x000,128,00 38 9B 71 80 02 00 00,.8.q....,False,False,False
2026-02-11T14:54:00.366986,592.388514,RX,0x000,0,,,False,False,False
2026-02-11T14:54:00.366986,592.388514,RX,0x1E0,0,,,False,False,False
2026-02-11T14:54:00.366986,592.388514,RX,0x000,128,E0 01 00 00 00 00 00 00,........,False,True,True
2026-02-11T14:54:00.366986,592.388514,RX,0x000,128,00 38 9B 71 80 02 00 00,.8.q....,False,False,False
2026-02-11T14:54:00.366986,592.388514,RX,0x000,0,,,False,False,False
2026-02-11T14:54:00.366986,592.388514,RX,0x1E0,0,,,False,False,False
2026-02-11T14:54:00.366986,592.388514,RX,0x000,128,E0 01 00 00 00 00 00 00,........,False,True,True
2026-02-11T14:54:00.366986,592.388514,RX,0x000,128,00 38 9B 71 80 02 00 00,.8.q....,False,False,False
2026-02-11T14:54:00.366986,592.388514,RX,0x000,0,,,False,False,False
2026-02-11T14:54:00.366986,592.388514,RX,0x1E0,0,,,False,False,False
2026-02-11T14:54:00.366986,592.388514,RX,0x000,128,E0 01 00 00 00 00 00 00,........,False,True,True
2026-02-11T14:54:00.367986,592.389514,RX,0x000,128,00 38 9B 71 80 02 00 00,.8.q....,False,False,False
2026-02-11T14:54:00.367986,592.389514,RX,0x000,0,,,False,False,False
2026-02-11T14:54:00.367986,592.389514,RX,0x1E0,0,,,False,False,False
2026-02-11T14:54:00.367986,592.389514,RX,0x000,128,E0 01 00 00 00 00 00 00,........,False,True,True
2026-02-11T14:54:00.367986,592.389514,RX,0x000,128,00 38 9B 71 80 02 00 00,.8.q....,False,False,False
2026-02-11T14:54:00.367986,592.389514,RX,0x000,0,,,False,False,False
2026-02-11T14:54:00.367986,592.389514,RX,0x1E0,0,,,False,False,False
2026-02-11T14:54:00.367986,592.389514,RX,0x000,128,E0 01 00 00 00 00 00 00,........,False,True,True
2026-02-11T14:54:00.367986,592.389514,RX,0x000,128,00 38 9B 71 80 02 00 00,.8.q....,False,False,False
2026-02-11T14:54:00.367986,592.389514,RX,0x000,0,,,False,False,False
2026-02-11T14:54:00.367986,592.389514,RX,0x1E0,0,,,False,False,False
2026-02-11T14:54:00.367986,592.389514,RX,0x000,128,E0 01 00 00 00 00 00 00,........,False,True,True
2026-02-11T14:54:00.367986,592.389514,RX,0x000,128,00 38 9B 71 80 02 00 00,.8.q....,False,False,False
2026-02-11T14:54:00.367986,592.389514,RX,0x000,0,,,False,False,False
2026-02-11T14:54:00.367986,592.389514,RX,0x1E0,0,,,False,False,False
2026-02-11T14:54:00.367986,592.389514,RX,0x000,128,E0 01 00 00 00 00 00 00,........,False,True,True
2026-02-11T14:54:00.369139,592.390667,RX,0x000,128,00 38 9B 71 80 02 00 00,.8.q....,False,False,False
2026-02-11T14:54:00.369139,592.390667,RX,0x000,0,,,False,False,False
2026-02-11T14:54:00.369139,592.390667,RX,0x1E0,0,,,False,False,False
2026-02-11T14:54:00.369139,592.390667,RX,0x000,128,E0 01 00 00 00 00 00 00,........,False,True,True
2026-02-11T14:54:00.369139,592.390667,RX,0x000,128,00 38 9B 71 80 02 00 00,.8.q....,False,False,False
2026-02-11T14:54:00.369139,592.390667,RX,0x000,0,,,False,False,False
2026-02-11T14:54:00.369139,592.390667,RX,0x1E0,0,,,False,False,False
2026-02-11T14:54:00.369139,592.390667,RX,0x000,128,E0 01 00 00 00 00 00 00,........,False,True,True
2026-02-11T14:54:00.369139,592.390667,RX,0x000,128,00 38 9B 71 80 02 00 00,.8.q....,False,False,False
2026-02-11T14:54:00.369139,592.390667,RX,0x000,0,,,False,False,False
2026-02-11T14:54:00.369139,592.390667,RX,0x1E0,0,,,False,False,False
2026-02-11T14:54:00.369139,592.390667,RX,0x000,128,E0 01 00 00 00 00 00 00,........,False,True,True
2026-02-11T14:54:00.369139,592.390667,RX,0x000,128,00 38 9B 71 80 02 00 00,.8.q....,False,False,False
2026-02-11T14:54:00.370168,592.390667,RX,0x000,0,,,False,False,False
2026-02-11T14:54:00.370168,592.391696,RX,0x1E0,0,,,False,False,False
2026-02-11T14:54:00.370168,592.391696,RX,0x000,128,E0 01 00 00 00 00 00 00,........,False,True,True
2026-02-11T14:54:00.370168,592.391696,RX,0x000,128,00 38 9B 71 80 02 00 00,.8.q....,False,False,False
2026-02-11T14:54:00.370168,592.391696,RX,0x000,0,,,False,False,False
2026-02-11T14:54:00.370168,592.391696,RX,0x1E0,0,,,False,False,False
2026-02-11T14:54:00.370168,592.391696,RX,0x000,128,E0 01 00 00 00 00 00 00,........,False,True,True
2026-02-11T14:54:00.370168,592.391696,RX,0x000,128,00 38 9B 71 80 02 00 00,.8.q....,False,False,False
2026-02-11T14:54:00.370168,592.391696,RX,0x000,0,,,False,False,False
2026-02-11T14:54:00.370168,592.391696,RX,0x1E0,0,,,False,False,False
2026-02-11T14:54:00.370168,592.391696,RX,0x000,128,E0 01 00 00 00 00 00 00,........,False,True,True
2026-02-11T14:54:00.370168,592.391696,RX,0x000,128,00 38 9B 71 80 02 00 00,.8.q....,False,False,False
2026-02-11T14:54:00.370168,592.391696,RX,0x000,0,,,False,False,False
2026-02-11T14:54:00.370168,592.391696,RX,0x1E0,0,,,False,False,False
2026-02-11T14:54:00.371171,592.392699,RX,0x000,128,E0 01 00 00 00 00 00 00,........,False,True,True
2026-02-11T14:54:00.371171,592.392699,RX,0x000,128,00 38 9B 71 80 02 00 00,.8.q....,False,False,False
2026-02-11T14:54:00.371171,592.392699,RX,0x000,0,,,False,False,False
2026-02-11T14:54:00.371171,592.392699,RX,0x1E0,0,,,False,False,False
2026-02-11T14:54:00.371171,592.392699,RX,0x000,128,E0 01 00 00 00 00 00 00,........,False,True,True
2026-02-11T14:54:00.371171,592.392699,RX,0x000,128,00 38 9B 71 80 02 00 00,.8.q....,False,False,False
2026-02-11T14:54:00.371171,592.392699,RX,0x000,0,,,False,False,False
2026-02-11T14:54:00.371171,592.392699,RX,0x1E0,0,,,False,False,False
2026-02-11T14:54:00.371685,592.393213,RX,0x000,128,E0 01 00 00 00 00 00 00,........,False,True,True
2026-02-11T14:54:00.371685,592.393213,RX,0x000,128,00 38 9B 71 80 02 00 00,.8.q....,False,False,False
2026-02-11T14:54:00.371685,592.393213,RX,0x000,0,,,False,False,False
2026-02-11T14:54:00.371685,592.393213,RX,0x1E0,0,,,False,False,False
2026-02-11T14:54:00.371685,592.393213,RX,0x000,128,E0 01 00 00 00 00 00 00,........,False,True,True
2026-02-11T14:54:00.371685,592.393213,RX,0x000,128,00 38 9B 71 80 02 00 00,.8.q....,False,False,False
2026-02-11T14:54:00.371685,592.393213,RX,0x000,0,,,False,False,False
2026-02-11T14:54:00.371685,592.393213,RX,0x1E0,0,,,False,False,False
2026-02-11T14:54:00.371685,592.393213,RX,0x000,128,E0 01 00 00 00 00 00 00,........,False,True,True
2026-02-11T14:54:00.371685,592.393213,RX,0x000,128,00 38 9B 71 80 02 00 00,.8.q....,False,False,False
2026-02-11T14:54:00.371685,592.393213,RX,0x000,0,,,False,False,False
2026-02-11T14:54:00.371685,592.393213,RX,0x1E0,0,,,False,False,False
2026-02-11T14:54:00.371685,592.393213,RX,0x000,128,E0 01 00 00 00 00 00 00,........,False,True,True
2026-02-11T14:54:00.371685,592.393213,RX,0x000,128,00 38 9B 71 80 02 00 00,.8.q....,False,False,False
2026-02-11T14:54:00.371685,592.393213,RX,0x000,0,,,False,False,False
2026-02-11T14:54:00.371685,592.393213,RX,0x1E0,0,,,False,False,False
2026-02-11T14:54:00.372703,592.394231,RX,0x000,128,E0 01 00 00 00 00 00 00,........,False,True,True
2026-02-11T14:54:00.372703,592.394231,RX,0x000,128,00 38 9B 71 80 02 00 00,.8.q....,False,False,False
2026-02-11T14:54:00.372703,592.394231,RX,0x000,0,,,False,False,False
2026-02-11T14:54:00.372703,592.394231,RX,0x1E0,0,,,False,False,False
2026-02-11T14:54:00.372703,592.394231,RX,0x000,128,E0 01 00 00 00 00 00 00,........,False,True,True
2026-02-11T14:54:00.372703,592.394231,RX,0x000,128,00 38 9B 71 80 02 00 00,.8.q....,False,False,False
2026-02-11T14:54:00.372703,592.394231,RX,0x000,0,,,False,False,False
2026-02-11T14:54:00.372703,592.394231,RX,0x1E0,0,,,False,False,False
2026-02-11T14:54:00.372703,592.394231,RX,0x000,128,E0 01 00 00 00 00 00 00,........,False,True,True
2026-02-11T14:54:00.372703,592.394231,RX,0x000,128,00 38 9B 71 80 02 00 00,.8.q....,False,False,False
2026-02-11T14:54:00.372703,592.394231,RX,0x000,0,,,False,False,False
2026-02-11T14:54:00.373904,592.395432,RX,0x1E0,0,,,False,False,False
2026-02-11T14:54:00.373904,592.395432,RX,0x000,128,E0 01 00 00 00 00 00 00,........,False,True,True
2026-02-11T14:54:00.373904,592.395432,RX,0x000,128,00 38 9B 71 80 02 00 00,.8.q....,False,False,False
2026-02-11T14:54:00.373904,592.395432,RX,0x000,0,,,False,False,False
2026-02-11T14:54:00.373904,592.395432,RX,0x1E0,0,,,False,False,False
2026-02-11T14:54:00.373904,592.395432,RX,0x000,128,E0 01 00 00 00 00 00 00,........,False,True,True
2026-02-11T14:54:00.373904,592.395432,RX,0x000,128,00 38 9B 71 80 02 00 00,.8.q....,False,False,False
2026-02-11T14:54:00.373904,592.395432,RX,0x000,0,,,False,False,False
2026-02-11T14:54:00.373904,592.395432,RX,0x1E0,0,,,False,False,False
2026-02-11T14:54:00.374943,592.396471,RX,0x000,128,E0 01 00 00 00 00 00 00,........,False,True,True
2026-02-11T14:54:00.374943,592.396471,RX,0x000,128,00 38 9B 71 80 02 00 00,.8.q....,False,False,False
2026-02-11T14:54:00.374943,592.396471,RX,0x000,0,,,False,False,False
2026-02-11T14:54:00.374943,592.396471,RX,0x1E0,0,,,False,False,False
2026-02-11T14:54:00.374943,592.396471,RX,0x000,128,E0 01 00 00 00 00 00 00,........,False,True,True
2026-02-11T14:54:00.374943,592.396471,RX,0x000,128,00 38 9B 71 80 02 00 00,.8.q....,False,False,False
2026-02-11T14:54:00.374943,592.396471,RX,0x000,0,,,False,False,False
2026-02-11T14:54:00.374943,592.396471,RX,0x1E0,0,,,False,False,False
2026-02-11T14:54:00.374943,592.396471,RX,0x000,128,E0 01 00 00 00 00 00 00,........,False,True,True
2026-02-11T14:54:00.374943,592.396471,RX,0x000,128,00 38 9B 71 80 02 00 00,.8.q....,False,False,False
2026-02-11T14:54:00.374943,592.396471,RX,0x000,0,,,False,False,False
2026-02-11T14:54:00.374943,592.396471,RX,0x1E0,0,,,False,False,False
2026-02-11T14:54:00.374943,592.396471,RX,0x000,128,E0 01 00 00 00 00 00 00,........,False,True,True
2026-02-11T14:54:00.374943,592.396471,RX,0x000,128,00 38 9B 71 80 02 00 00,.8.q....,False,False,False
2026-02-11T14:54:00.374943,592.396471,RX,0x000,0,,,False,False,False
2026-02-11T14:54:00.374943,592.396471,RX,0x1E0,0,,,False,False,False
2026-02-11T14:54:00.375954,592.396471,RX,0x000,128,E0 01 00 00 00 00 00 00,........,False,True,True
2026-02-11T14:54:00.375954,592.397482,RX,0x000,128,00 38 9B 71 80 02 00 00,.8.q....,False,False,False
2026-02-11T14:54:00.375954,592.397482,RX,0x000,0,,,False,False,False
2026-02-11T14:54:00.375954,592.397482,RX,0x1E0,0,,,False,False,False
2026-02-11T14:54:00.375954,592.397482,RX,0x000,128,E0 01 00 00 00 00 00 00,........,False,True,True
2026-02-11T14:54:00.375954,592.397482,RX,0x000,128,00 38 9B 71 80 02 00 00,.8.q....,False,False,False
2026-02-11T14:54:00.375954,592.397482,RX,0x000,0,,,False,False,False
2026-02-11T14:54:00.375954,592.397482,RX,0x1E0,0,,,False,False,False
2026-02-11T14:54:00.375954,592.397482,RX,0x000,128,E0 01 00 00 00 00 00 00,........,False,True,True
2026-02-11T14:54:00.375954,592.397482,RX,0x000,128,00 38 9B 71 80 02 00 00,.8.q....,False,False,False
2026-02-11T14:54:00.375954,592.397482,RX,0x000,0,,,False,False,False
2026-02-11T14:54:00.376957,592.398485,RX,0x1E0,0,,,False,False,False
2026-02-11T14:54:00.376957,592.398485,RX,0x000,128,E0 01 00 00 00 00 00 00,........,False,True,True
2026-02-11T14:54:00.376957,592.398485,RX,0x000,128,00 38 9B 71 80 02 00 00,.8.q....,False,False,False
2026-02-11T14:54:00.376957,592.398485,RX,0x000,0,,,False,False,False
2026-02-11T14:54:00.376957,592.398485,RX,0x1E0,0,,,False,False,False
2026-02-11T14:54:00.376957,592.398485,RX,0x000,128,E0 01 00 00 00 00 00 00,........,False,True,True
2026-02-11T14:54:00.376957,592.398485,RX,0x000,128,00 38 9B 71 80 02 00 00,.8.q....,False,False,False
2026-02-11T14:54:00.376957,592.398485,RX,0x000,0,,,False,False,False
2026-02-11T14:54:00.376957,592.398485,RX,0x1E0,0,,,False,False,False
2026-02-11T14:54:00.376957,592.398485,RX,0x000,128,E0 01 00 00 00 00 00 00,........,False,True,True
2026-02-11T14:54:00.377468,592.398996,RX,0x000,128,00 38 9B 71 80 02 00 00,.8.q....,False,False,False
2026-02-11T14:54:00.377468,592.398996,RX,0x000,0,,,False,False,False
2026-02-11T14:54:00.377468,592.398996,RX,0x1E0,0,,,False,False,False
2026-02-11T14:54:00.377468,592.398996,RX,0x000,128,E0 01 00 00 00 00 00 00,........,False,True,True
2026-02-11T14:54:00.377468,592.398996,RX,0x000,128,00 38 9B 71 80 02 00 00,.8.q....,False,False,False
2026-02-11T14:54:00.377468,592.398996,RX,0x000,0,,,False,False,False
2026-02-11T14:54:00.377468,592.398996,RX,0x1E0,0,,,False,False,False
2026-02-11T14:54:00.377468,592.398996,RX,0x000,128,E0 01 00 00 00 00 00 00,........,False,True,True
2026-02-11T14:54:00.377468,592.398996,RX,0x000,128,00 38 9B 71 80 02 00 00,.8.q....,False,False,False
2026-02-11T14:54:00.377468,592.398996,RX,0x000,0,,,False,False,False
2026-02-11T14:54:00.377975,592.399503,RX,0x1E0,0,,,False,False,False
2026-02-11T14:54:00.377975,592.399503,RX,0x000,128,E0 01 00 00 00 00 00 00,........,False,True,True
2026-02-11T14:54:00.377975,592.399503,RX,0x000,128,00 38 9B 71 80 02 00 00,.8.q....,False,False,False
2026-02-11T14:54:00.377975,592.399503,RX,0x000,0,,,False,False,False
2026-02-11T14:54:00.377975,592.399503,RX,0x1E0,0,,,False,False,False
2026-02-11T14:54:00.377975,592.399503,RX,0x000,128,E0 01 00 00 00 00 00 00,........,False,True,True
2026-02-11T14:54:00.377975,592.399503,RX,0x000,128,00 38 9B 71 80 02 00 00,.8.q....,False,False,False
2026-02-11T14:54:00.377975,592.399503,RX,0x000,0,,,False,False,False
2026-02-11T14:54:00.377975,592.399503,RX,0x1E0,0,,,False,False,False
2026-02-11T14:54:00.377975,592.399503,RX,0x000,128,E0 01 00 00 00 00 00 00,........,False,True,True
2026-02-11T14:54:00.377975,592.399503,RX,0x000,128,00 38 9B 71 80 02 00 00,.8.q....,False,False,False
2026-02-11T14:54:00.377975,592.399503,RX,0x000,0,,,False,False,False
2026-02-11T14:54:00.377975,592.399503,RX,0x1E0,0,,,False,False,False
2026-02-11T14:54:00.377975,592.399503,RX,0x000,128,E0 01 00 00 00 00 00 00,........,False,True,True
2026-02-11T14:54:00.377975,592.399503,RX,0x000,128,00 38 9B 71 80 02 00 00,.8.q....,False,False,False
2026-02-11T14:54:00.377975,592.399503,RX,0x000,0,,,False,False,False
2026-02-11T14:54:00.377975,592.399503,RX,0x1E0,0,,,False,False,False
2026-02-11T14:54:00.377975,592.399503,RX,0x000,128,E0 01 00 00 00 00 00 00,........,False,True,True
2026-02-11T14:54:00.377975,592.399503,RX,0x000,128,00 38 9B 71 80 02 00 00,.8.q....,False,False,False
2026-02-11T14:54:00.379008,592.400536,RX,0x000,0,,,False,False,False
2026-02-11T14:54:00.379008,592.400536,RX,0x1E0,0,,,False,False,False
2026-02-11T14:54:00.379008,592.400536,RX,0x000,128,E0 01 00 00 00 00 00 00,........,False,True,True
2026-02-11T14:54:00.379008,592.400536,RX,0x000,128,00 38 9B 71 80 02 00 00,.8.q....,False,False,False
2026-02-11T14:54:00.379008,592.400536,RX,0x000,0,,,False,False,False
2026-02-11T14:54:00.379008,592.400536,RX,0x1E0,0,,,False,False,False
2026-02-11T14:54:00.379008,592.400536,RX,0x000,128,E0 01 00 00 00 00 00 00,........,False,True,True
2026-02-11T14:54:00.379008,592.400536,RX,0x000,128,00 38 9B 71 80 02 00 00,.8.q....,False,False,False
2026-02-11T14:54:00.379008,592.400536,RX,0x000,0,,,False,False,False
2026-02-11T14:54:00.379008,592.400536,RX,0x1E0,0,,,False,False,False
2026-02-11T14:54:00.379008,592.400536,RX,0x000,128,E0 01 00 00 00 00 00 00,........,False,True,True
2026-02-11T14:54:00.379008,592.400536,RX,0x000,128,00 38 9B 71 80 02 00 00,.8.q....,False,False,False
2026-02-11T14:54:00.379008,592.400536,RX,0x000,0,,,False,False,False
2026-02-11T14:54:00.379008,592.400536,RX,0x1E0,0,,,False,False,False
2026-02-11T14:54:00.379008,592.400536,RX,0x000,128,E0 01 00 00 00 00 00 00,........,False,True,True
2026-02-11T14:54:00.379008,592.400536,RX,0x000,128,00 38 9B 71 80 02 00 00,.8.q....,False,False,False
2026-02-11T14:54:00.380034,592.401562,RX,0x000,0,,,False,False,False
2026-02-11T14:54:00.380034,592.401562,RX,0x1E0,0,,,False,False,False
2026-02-11T14:54:00.380034,592.401562,RX,0x000,128,E0 01 00 00 00 00 00 00,........,False,True,True
2026-02-11T14:54:00.380034,592.401562,RX,0x000,128,00 38 9B 71 80 02 00 00,.8.q....,False,False,False
2026-02-11T14:54:00.380034,592.401562,RX,0x000,0,,,False,False,False
2026-02-11T14:54:00.380034,592.401562,RX,0x1E0,0,,,False,False,False
2026-02-11T14:54:00.380034,592.401562,RX,0x000,128,E0 01 00 00 00 00 00 00,........,False,True,True
2026-02-11T14:54:00.380034,592.401562,RX,0x000,128,00 38 9B 71 80 02 00 00,.8.q....,False,False,False
2026-02-11T14:54:00.380034,592.401562,RX,0x000,0,,,False,False,False
2026-02-11T14:54:00.380034,592.401562,RX,0x1E0,0,,,False,False,False
2026-02-11T14:54:00.380034,592.401562,RX,0x000,128,E0 01 00 00 00 00 00 00,........,False,True,True
2026-02-11T14:54:00.380034,592.401562,RX,0x000,128,00 38 9B 71 80 02 00 00,.8.q....,False,False,False
2026-02-11T14:54:00.380034,592.401562,RX,0x000,0,,,False,False,False
2026-02-11T14:54:00.380034,592.401562,RX,0x1E0,0,,,False,False,False
2026-02-11T14:54:00.381234,592.401562,RX,0x000,128,E0 01 00 00 00 00 00 00,........,False,True,True
2026-02-11T14:54:00.381234,592.402762,RX,0x000,128,00 38 9B 71 80 02 00 00,.8.q....,False,False,False
2026-02-11T14:54:00.381234,592.402762,RX,0x000,0,,,False,False,False
2026-02-11T14:54:00.381234,592.402762,RX,0x1E0,0,,,False,False,False
2026-02-11T14:54:00.381234,592.402762,RX,0x000,128,E0 01 00 00 00 00 00 00,........,False,True,True
2026-02-11T14:54:00.381234,592.402762,RX,0x000,128,00 38 9B 71 80 02 00 00,.8.q....,False,False,False
2026-02-11T14:54:00.381234,592.402762,RX,0x000,0,,,False,False,False
2026-02-11T14:54:00.381234,592.402762,RX,0x1E0,0,,,False,False,False
2026-02-11T14:54:00.381234,592.402762,RX,0x000,128,E0 01 00 00 00 00 00 00,........,False,True,True
2026-02-11T14:54:00.381234,592.402762,RX,0x000,128,00 38 9B 71 80 02 00 00,.8.q....,False,False,False
2026-02-11T14:54:00.381234,592.402762,RX,0x000,0,,,False,False,False
2026-02-11T14:54:00.381234,592.402762,RX,0x1E0,0,,,False,False,False
2026-02-11T14:54:00.381234,592.402762,RX,0x000,128,E0 01 00 00 00 00 00 00,........,False,True,True
2026-02-11T14:54:00.381234,592.402762,RX,0x000,128,00 38 9B 71 80 02 00 00,.8.q....,False,False,False
2026-02-11T14:54:00.381234,592.402762,RX,0x000,0,,,False,False,False
2026-02-11T14:54:00.381234,592.402762,RX,0x1E0,0,,,False,False,False
2026-02-11T14:54:00.381234,592.402762,RX,0x000,128,E0 01 00 00 00 00 00 00,........,False,True,True
2026-02-11T14:54:00.381234,592.402762,RX,0x000,128,00 38 9B 71 80 02 00 00,.8.q....,False,False,False
2026-02-11T14:54:00.382252,592.402762,RX,0x000,0,,,False,False,False
2026-02-11T14:54:00.382252,592.403780,RX,0x1E0,0,,,False,False,False
2026-02-11T14:54:00.382252,592.403780,RX,0x000,128,E0 01 00 00 00 00 00 00,........,False,True,True
2026-02-11T14:54:00.382252,592.403780,RX,0x000,128,00 38 9B 71 80 02 00 00,.8.q....,False,False,False
2026-02-11T14:54:00.382252,592.403780,RX,0x000,0,,,False,False,False
2026-02-11T14:54:00.382252,592.403780,RX,0x1E0,0,,,False,False,False
2026-02-11T14:54:00.382252,592.403780,RX,0x000,128,E0 01 00 00 00 00 00 00,........,False,True,True
2026-02-11T14:54:00.382252,592.403780,RX,0x000,128,00 38 9B 71 80 02 00 00,.8.q....,False,False,False
2026-02-11T14:54:00.382252,592.403780,RX,0x000,0,,,False,False,False
2026-02-11T14:54:00.382252,592.403780,RX,0x1E0,0,,,False,False,False
2026-02-11T14:54:00.382252,592.403780,RX,0x000,128,E0 01 00 00 00 00 00 00,........,False,True,True
2026-02-11T14:54:00.382252,592.403780,RX,0x000,128,00 38 9B 71 80 02 00 00,.8.q....,False,False,False
2026-02-11T14:54:00.382252,592.403780,RX,0x000,0,,,False,False,False
2026-02-11T14:54:00.382252,592.403780,RX,0x1E0,0,,,False,False,False
2026-02-11T14:54:00.382252,592.403780,RX,0x000,128,E0 01 00 00 00 00 00 00,........,False,True,True
2026-02-11T14:54:00.383264,592.404792,RX,0x000,128,00 38 9B 71 80 02 00 00,.8.q....,False,False,False
2026-02-11T14:54:00.383264,592.404792,RX,0x000,0,,,False,False,False
2026-02-11T14:54:00.383264,592.404792,RX,0x1E0,0,,,False,False,False
2026-02-11T14:54:00.383264,592.404792,RX,0x000,128,E0 01 00 00 00 00 00 00,........,False,True,True
2026-02-11T14:54:00.383264,592.404792,RX,0x000,128,00 38 9B 71 80 02 00 00,.8.q....,False,False,False
2026-02-11T14:54:00.383264,592.404792,RX,0x000,0,,,False,False,False
2026-02-11T14:54:00.383264,592.404792,RX,0x1E0,0,,,False,False,False
2026-02-11T14:54:00.383264,592.404792,RX,0x000,128,E0 01 00 00 00 00 00 00,........,False,True,True
2026-02-11T14:54:00.383264,592.404792,RX,0x000,128,00 38 9B 71 80 02 00 00,.8.q....,False,False,False
2026-02-11T14:54:00.383264,592.404792,RX,0x000,0,,,False,False,False
2026-02-11T14:54:00.383264,592.404792,RX,0x1E0,0,,,False,False,False
2026-02-11T14:54:00.383264,592.404792,RX,0x000,128,E0 01 00 00 00 00 00 00,........,False,True,True
2026-02-11T14:54:00.383264,592.404792,RX,0x000,128,00 38 9B 71 80 02 00 00,.8.q....,False,False,False
2026-02-11T14:54:00.383264,592.404792,RX,0x000,0,,,False,False,False
2026-02-11T14:54:00.383264,592.404792,RX,0x1E0,0,,,False,False,False
2026-02-11T14:54:00.383264,592.404792,RX,0x000,128,E0 01 00 00 00 00 00 00,........,False,True,True
2026-02-11T14:54:00.383264,592.404792,RX,0x000,128,00 38 9B 71 80 02 00 00,.8.q....,False,False,False
2026-02-11T14:54:00.383264,592.404792,RX,0x000,0,,,False,False,False
2026-02-11T14:54:00.383264,592.404792,RX,0x1E0,0,,,False,False,False
2026-02-11T14:54:00.383264,592.404792,RX,0x000,128,E0 01 00 00 00 00 00 00,........,False,True,True
2026-02-11T14:54:00.384280,592.405808,RX,0x000,128,00 38 9B 71 80 02 00 00,.8.q....,False,False,False
2026-02-11T14:54:00.384280,592.405808,RX,0x000,0,,,False,False,False
2026-02-11T14:54:00.384280,592.405808,RX,0x1E0,0,,,False,False,False
2026-02-11T14:54:00.384280,592.405808,RX,0x000,128,E0 01 00 00 00 00 00 00,........,False,True,True
2026-02-11T14:54:00.384280,592.405808,RX,0x000,128,00 38 9B 71 80 02 00 00,.8.q....,False,False,False
2026-02-11T14:54:00.384280,592.405808,RX,0x000,0,,,False,False,False
2026-02-11T14:54:00.384280,592.405808,RX,0x1E0,0,,,False,False,False
2026-02-11T14:54:00.384280,592.405808,RX,0x000,128,E0 01 00 00 00 00 00 00,........,False,True,True
2026-02-11T14:54:00.384280,592.405808,RX,0x000,128,00 38 9B 71 80 02 00 00,.8.q....,False,False,False
2026-02-11T14:54:00.384280,592.405808,RX,0x000,0,,,False,False,False
2026-02-11T14:54:00.384280,592.405808,RX,0x1E0,0,,,False,False,False
2026-02-11T14:54:00.384280,592.405808,RX,0x000,128,E0 01 00 00 00 00 00 00,........,False,True,True
2026-02-11T14:54:00.384280,592.405808,RX,0x000,128,00 38 9B 71 80 02 00 00,.8.q....,False,False,False
2026-02-11T14:54:00.384280,592.405808,RX,0x000,0,,,False,False,False
2026-02-11T14:54:00.384280,592.405808,RX,0x1E0,0,,,False,False,False
2026-02-11T14:54:00.384280,592.405808,RX,0x000,128,E0 01 00 00 00 00 00 00,........,False,True,True
2026-02-11T14:54:00.384280,592.405808,RX,0x000,128,00 38 9B 71 80 02 00 00,.8.q....,False,False,False
2026-02-11T14:54:00.385303,592.406831,RX,0x000,0,,,False,False,False
2026-02-11T14:54:00.385303,592.406831,RX,0x1E0,0,,,False,False,False
2026-02-11T14:54:00.385303,592.406831,RX,0x000,128,E0 01 00 00 00 00 00 00,........,False,True,True
2026-02-11T14:54:00.385303,592.406831,RX,0x000,128,00 38 9B 71 80 02 00 00,.8.q....,False,False,False
2026-02-11T14:54:00.385303,592.406831,RX,0x000,0,,,False,False,False
2026-02-11T14:54:00.385303,592.406831,RX,0x1E0,0,,,False,False,False
2026-02-11T14:54:00.385303,592.406831,RX,0x000,128,E0 01 00 00 00 00 00 00,........,False,True,True
2026-02-11T14:54:00.385303,592.406831,RX,0x000,128,00 38 9B 71 80 02 00 00,.8.q....,False,False,False
2026-02-11T14:54:00.385303,592.406831,RX,0x000,0,,,False,False,False
2026-02-11T14:54:00.385303,592.406831,RX,0x1E0,0,,,False,False,False
2026-02-11T14:54:00.385303,592.406831,RX,0x000,128,E0 01 00 00 00 00 00 00,........,False,True,True
2026-02-11T14:54:00.385303,592.406831,RX,0x000,128,00 38 9B 71 80 02 00 00,.8.q....,False,False,False
2026-02-11T14:54:00.385303,592.406831,RX,0x000,0,,,False,False,False
2026-02-11T14:54:00.385303,592.406831,RX,0x1E0,0,,,False,False,False
2026-02-11T14:54:00.385303,592.406831,RX,0x000,128,E0 01 00 00 00 00 00 00,........,False,True,True
2026-02-11T14:54:00.385303,592.406831,RX,0x000,128,00 38 9B 71 80 02 00 00,.8.q....,False,False,False
2026-02-11T14:54:00.385303,592.406831,RX,0x000,0,,,False,False,False
2026-02-11T14:54:00.385303,592.406831,RX,0x1E0,0,,,False,False,False
2026-02-11T14:54:00.386321,592.407849,RX,0x000,128,E0 01 00 00 00 00 00 00,........,False,True,True
2026-02-11T14:54:00.386321,592.407849,RX,0x000,128,00 38 9B 71 80 02 00 00,.8.q....,False,False,False
2026-02-11T14:54:00.386321,592.407849,RX,0x000,0,,,False,False,False
2026-02-11T14:54:00.386321,592.407849,RX,0x1E0,0,,,False,False,False
2026-02-11T14:54:00.386321,592.407849,RX,0x000,128,E0 01 00 00 00 00 00 00,........,False,True,True
2026-02-11T14:54:00.386321,592.407849,RX,0x000,128,00 38 9B 71 80 02 00 00,.8.q....,False,False,False
2026-02-11T14:54:00.386321,592.407849,RX,0x000,0,,,False,False,False
2026-02-11T14:54:00.386321,592.407849,RX,0x1E0,0,,,False,False,False
2026-02-11T14:54:00.386321,592.407849,RX,0x000,128,E0 01 00 00 00 00 00 00,........,False,True,True
2026-02-11T14:54:00.386321,592.407849,RX,0x000,128,00 38 9B 71 80 02 00 00,.8.q....,False,False,False
2026-02-11T14:54:00.386321,592.407849,RX,0x000,0,,,False,False,False
2026-02-11T14:54:00.386321,592.407849,RX,0x1E0,0,,,False,False,False
2026-02-11T14:54:00.386321,592.407849,RX,0x000,128,E0 01 00 00 00 00 00 00,........,False,True,True
2026-02-11T14:54:00.386321,592.407849,RX,0x000,128,00 38 9B 71 80 02 00 00,.8.q....,False,False,False
2026-02-11T14:54:00.386321,592.407849,RX,0x000,0,,,False,False,False
2026-02-11T14:54:00.386321,592.407849,RX,0x1E0,0,,,False,False,False
2026-02-11T14:54:00.386321,592.407849,RX,0x000,128,E0 01 00 00 00 00 00 00,........,False,True,True
2026-02-11T14:54:00.386321,592.407849,RX,0x000,128,00 38 9B 71 80 02 00 00,.8.q....,False,False,False
2026-02-11T14:54:00.387339,592.408867,RX,0x000,0,,,False,False,False
2026-02-11T14:54:00.387339,592.408867,RX,0x1E0,0,,,False,False,False
2026-02-11T14:54:00.387339,592.408867,RX,0x000,128,E0 01 00 00 00 00 00 00,........,False,True,True
2026-02-11T14:54:00.387339,592.408867,RX,0x000,128,00 38 9B 71 80 02 00 00,.8.q....,False,False,False
2026-02-11T14:54:00.387339,592.408867,RX,0x000,0,,,False,False,False
2026-02-11T14:54:00.387339,592.408867,RX,0x1E0,0,,,False,False,False
2026-02-11T14:54:00.387339,592.408867,RX,0x000,128,E0 01 00 00 00 00 00 00,........,False,True,True
2026-02-11T14:54:00.387339,592.408867,RX,0x000,128,00 38 9B 71 80 02 00 00,.8.q....,False,False,False
2026-02-11T14:54:00.387339,592.408867,RX,0x000,0,,,False,False,False
2026-02-11T14:54:00.387339,592.408867,RX,0x1E0,0,,,False,False,False
2026-02-11T14:54:00.387339,592.408867,RX,0x000,128,E0 01 00 00 00 00 00 00,........,False,True,True
2026-02-11T14:54:00.387339,592.408867,RX,0x000,128,00 38 9B 71 80 02 00 00,.8.q....,False,False,False
2026-02-11T14:54:00.387339,592.408867,RX,0x000,0,,,False,False,False
2026-02-11T14:54:00.387339,592.408867,RX,0x1E0,0,,,False,False,False
2026-02-11T14:54:00.387339,592.408867,RX,0x000,128,E0 01 00 00 00 00 00 00,........,False,True,True
2026-02-11T14:54:00.387339,592.408867,RX,0x000,128,00 38 9B 71 80 02 00 00,.8.q....,False,False,False
2026-02-11T14:54:00.387339,592.408867,RX,0x000,0,,,False,False,False
2026-02-11T14:54:00.387339,592.408867,RX,0x1E0,0,,,False,False,False
2026-02-11T14:54:00.388339,592.409867,RX,0x000,128,E0 01 00 00 00 00 00 00,........,False,True,True
2026-02-11T14:54:00.388339,592.409867,RX,0x000,128,00 38 9B 71 80 02 00 00,.8.q....,False,False,False
2026-02-11T14:54:00.388339,592.409867,RX,0x000,0,,,False,False,False
2026-02-11T14:54:00.388339,592.409867,RX,0x1E0,0,,,False,False,False
2026-02-11T14:54:00.388339,592.409867,RX,0x000,128,E0 01 00 00 00 00 00 00,........,False,True,True
2026-02-11T14:54:00.388339,592.409867,RX,0x000,128,00 38 9B 71 80 02 00 00,.8.q....,False,False,False
2026-02-11T14:54:00.389579,592.411107,RX,0x000,0,,,False,False,False
2026-02-11T14:54:00.389579,592.411107,RX,0x1E0,0,,,False,False,False
2026-02-11T14:54:00.389579,592.411107,RX,0x000,128,E0 01 00 00 00 00 00 00,........,False,True,True
2026-02-11T14:54:00.389579,592.411107,RX,0x000,128,00 38 9B 71 80 02 00 00,.8.q....,False,False,False
2026-02-11T14:54:00.389579,592.411107,RX,0x000,0,,,False,False,False
2026-02-11T14:54:00.389579,592.411107,RX,0x1E0,0,,,False,False,False
2026-02-11T14:54:00.389579,592.411107,RX,0x000,128,E0 01 00 00 00 00 00 00,........,False,True,True
2026-02-11T14:54:00.389579,592.411107,RX,0x000,128,00 38 9B 71 80 02 00 00,.8.q....,False,False,False
2026-02-11T14:54:00.389579,592.411107,RX,0x000,0,,,False,False,False
2026-02-11T14:54:00.389579,592.411107,RX,0x1E0,0,,,False,False,False
2026-02-11T14:54:00.389579,592.411107,RX,0x000,128,E0 01 00 00 00 00 00 00,........,False,True,True
2026-02-11T14:54:00.390738,592.412266,RX,0x000,128,00 38 9B 71 80 02 00 00,.8.q....,False,False,False
2026-02-11T14:54:00.390738,592.412266,RX,0x000,0,,,False,False,False
2026-02-11T14:54:00.390738,592.412266,RX,0x1E0,0,,,False,False,False
2026-02-11T14:54:00.390738,592.412266,RX,0x000,128,E0 01 00 00 00 00 00 00,........,False,True,True
2026-02-11T14:54:00.390738,592.412266,RX,0x000,128,00 38 9B 71 80 02 00 00,.8.q....,False,False,False
2026-02-11T14:54:00.390738,592.412266,RX,0x000,0,,,False,False,False
2026-02-11T14:54:00.390738,592.412266,RX,0x1E0,0,,,False,False,False
2026-02-11T14:54:00.390738,592.412266,RX,0x000,128,E0 01 00 00 00 00 00 00,........,False,True,True
2026-02-11T14:54:00.390738,592.412266,RX,0x000,128,00 38 9B 71 80 02 00 00,.8.q....,False,False,False
2026-02-11T14:54:00.391805,592.413333,RX,0x000,0,,,False,False,False
2026-02-11T14:54:00.391805,592.413333,RX,0x1E0,0,,,False,False,False
2026-02-11T14:54:00.391805,592.413333,RX,0x000,128,E0 01 00 00 00 00 00 00,........,False,True,True
2026-02-11T14:54:00.391805,592.413333,RX,0x000,128,00 38 9B 71 80 02 00 00,.8.q....,False,False,False
2026-02-11T14:54:00.391805,592.413333,RX,0x000,0,,,False,False,False
2026-02-11T14:54:00.391805,592.413333,RX,0x1E0,0,,,False,False,False
2026-02-11T14:54:00.391805,592.413333,RX,0x000,128,E0 01 00 00 00 00 00 00,........,False,True,True
2026-02-11T14:54:00.391805,592.413333,RX,0x000,128,00 38 9B 71 80 02 00 00,.8.q....,False,False,False
2026-02-11T14:54:00.391805,592.413333,RX,0x000,0,,,False,False,False
2026-02-11T14:54:00.391805,592.413333,RX,0x1E0,0,,,False,False,False
2026-02-11T14:54:00.391805,592.413333,RX,0x000,128,E0 01 00 00 00 00 00 00,........,False,True,True
2026-02-11T14:54:00.391805,592.413333,RX,0x000,128,00 38 9B 71 80 02 00 00,.8.q....,False,False,False
2026-02-11T14:54:00.391805,592.413333,RX,0x000,0,,,False,False,False
2026-02-11T14:54:00.391805,592.413333,RX,0x1E0,0,,,False,False,False
2026-02-11T14:54:00.391805,592.413333,RX,0x000,128,E0 01 00 00 00 00 00 00,........,False,True,True
2026-02-11T14:54:00.392821,592.414349,RX,0x000,128,00 38 9B 71 80 02 00 00,.8.q....,False,False,False
2026-02-11T14:54:00.392821,592.414349,RX,0x000,0,,,False,False,False
2026-02-11T14:54:00.392821,592.414349,RX,0x1E0,0,,,False,False,False
2026-02-11T14:54:00.392821,592.414349,RX,0x000,128,E0 01 00 00 00 00 00 00,........,False,True,True
2026-02-11T14:54:00.392821,592.414349,RX,0x000,128,00 38 9B 71 80 02 00 00,.8.q....,False,False,False
2026-02-11T14:54:00.392821,592.414349,RX,0x000,0,,,False,False,False
2026-02-11T14:54:00.392821,592.414349,RX,0x1E0,0,,,False,False,False
2026-02-11T14:54:00.392821,592.414349,RX,0x000,128,E0 01 00 00 00 00 00 00,........,False,True,True
2026-02-11T14:54:00.392821,592.414349,RX,0x000,128,00 38 9B 71 80 02 00 00,.8.q....,False,False,False
2026-02-11T14:54:00.392821,592.414349,RX,0x000,0,,,False,False,False
2026-02-11T14:54:00.392821,592.414349,RX,0x1E0,0,,,False,False,False
2026-02-11T14:54:00.392821,592.414349,RX,0x000,128,E0 01 00 00 00 00 00 00,........,False,True,True
2026-02-11T14:54:00.392821,592.414349,RX,0x000,128,00 38 9B 71 80 02 00 00,.8.q....,False,False,False
2026-02-11T14:54:00.392821,592.414349,RX,0x000,0,,,False,False,False
2026-02-11T14:54:00.392821,592.414349,RX,0x1E0,0,,,False,False,False
2026-02-11T14:54:00.392821,592.414349,RX,0x000,128,E0 01 00 00 00 00 00 00,........,False,True,True
2026-02-11T14:54:00.392821,592.414349,RX,0x000,128,00 38 9B 71 80 02 00 00,.8.q....,False,False,False
2026-02-11T14:54:00.392821,592.414349,RX,0x000,0,,,False,False,False
2026-02-11T14:54:00.392821,592.414349,RX,0x1E0,0,,,False,False,False
2026-02-11T14:54:00.392821,592.414349,RX,0x000,128,E0 01 00 00 00 00 00 00,........,False,True,True
2026-02-11T14:54:00.393839,592.415367,RX,0x000,128,00 38 9B 71 80 02 00 00,.8.q....,False,False,False
2026-02-11T14:54:00.393839,592.415367,RX,0x000,0,,,False,False,False
2026-02-11T14:54:00.393839,592.415367,RX,0x1E0,0,,,False,False,False
2026-02-11T14:54:00.393839,592.415367,RX,0x000,128,E0 01 00 00 00 00 00 00,........,False,True,True
2026-02-11T14:54:00.393839,592.415367,RX,0x000,128,00 38 9B 71 80 02 00 00,.8.q....,False,False,False
2026-02-11T14:54:00.393839,592.415367,RX,0x000,0,,,False,False,False
2026-02-11T14:54:00.393839,592.415367,RX,0x1E0,0,,,False,False,False
2026-02-11T14:54:00.393839,592.415367,RX,0x000,128,E0 01 00 00 00 00 00 00,........,False,True,True
2026-02-11T14:54:00.393839,592.415367,RX,0x000,128,00 38 9B 71 80 02 00 00,.8.q....,False,False,False
2026-02-11T14:54:00.393839,592.415367,RX,0x000,0,,,False,False,False
2026-02-11T14:54:00.393839,592.415367,RX,0x1E0,0,,,False,False,False
2026-02-11T14:54:00.393839,592.415367,RX,0x000,128,E0 01 00 00 00 00 00 00,........,False,True,True
2026-02-11T14:54:00.393839,592.415367,RX,0x000,128,00 38 9B 71 80 02 00 00,.8.q....,False,False,False
2026-02-11T14:54:00.393839,592.415367,RX,0x000,0,,,False,False,False
2026-02-11T14:54:00.393839,592.415367,RX,0x1E0,0,,,False,False,False
2026-02-11T14:54:00.393839,592.415367,RX,0x000,128,E0 01 00 00 00 00 00 00,........,False,True,True
2026-02-11T14:54:00.393839,592.415367,RX,0x000,128,00 38 9B 71 80 02 00 00,.8.q....,False,False,False
2026-02-11T14:54:00.393839,592.415367,RX,0x000,0,,,False,False,False
2026-02-11T14:54:00.393839,592.415367,RX,0x1E0,0,,,False,False,False
2026-02-11T14:54:00.393839,592.415367,RX,0x000,128,E0 01 00 00 00 00 00 00,........,False,True,True
2026-02-11T14:54:00.394857,592.415367,RX,0x000,128,00 38 9B 71 80 02 00 00,.8.q....,False,False,False
2026-02-11T14:54:00.394857,592.416385,RX,0x000,0,,,False,False,False
2026-02-11T14:54:00.394857,592.416385,RX,0x1E0,0,,,False,False,False
2026-02-11T14:54:00.394857,592.416385,RX,0x000,128,E0 01 00 00 00 00 00 00,........,False,True,True
2026-02-11T14:54:00.394857,592.416385,RX,0x000,128,00 38 9B 71 80 02 00 00,.8.q....,False,False,False
2026-02-11T14:54:00.394857,592.416385,RX,0x000,0,,,False,False,False
2026-02-11T14:54:00.394857,592.416385,RX,0x1E0,0,,,False,False,False
2026-02-11T14:54:00.394857,592.416385,RX,0x000,128,E0 01 00 00 00 00 00 00,........,False,True,True
2026-02-11T14:54:00.394857,592.416385,RX,0x000,128,00 38 9B 71 80 02 00 00,.8.q....,False,False,False
2026-02-11T14:54:00.394857,592.416385,RX,0x000,0,,,False,False,False
2026-02-11T14:54:00.394857,592.416385,RX,0x1E0,0,,,False,False,False
2026-02-11T14:54:00.394857,592.416385,RX,0x000,128,E0 01 00 00 00 00 00 00,........,False,True,True
2026-02-11T14:54:00.394857,592.416385,RX,0x000,128,00 38 9B 71 80 02 00 00,.8.q....,False,False,False
2026-02-11T14:54:00.394857,592.416385,RX,0x000,0,,,False,False,False
2026-02-11T14:54:00.394857,592.416385,RX,0x1E0,0,,,False,False,False
2026-02-11T14:54:00.394857,592.416385,RX,0x000,128,E0 01 00 00 00 00 00 00,........,False,True,True
2026-02-11T14:54:00.394857,592.416385,RX,0x000,128,00 38 9B 71 80 02 00 00,.8.q....,False,False,False
2026-02-11T14:54:00.395868,592.417397,RX,0x000,0,,,False,False,False
2026-02-11T14:54:00.395868,592.417397,RX,0x1E0,0,,,False,False,False
2026-02-11T14:54:00.395868,592.417397,RX,0x000,128,E0 01 00 00 00 00 00 00,........,False,True,True
2026-02-11T14:54:00.395868,592.417397,RX,0x000,128,00 38 9B 71 80 02 00 00,.8.q....,False,False,False
2026-02-11T14:54:00.395868,592.417397,RX,0x000,0,,,False,False,False
2026-02-11T14:54:00.395868,592.417397,RX,0x1E0,0,,,False,False,False
2026-02-11T14:54:00.395868,592.417397,RX,0x000,128,E0 01 00 00 00 00 00 00,........,False,True,True
2026-02-11T14:54:00.395868,592.417397,RX,0x000,128,00 38 9B 71 80 02 00 00,.8.q....,False,False,False
2026-02-11T14:54:00.395868,592.417397,RX,0x000,0,,,False,False,False
2026-02-11T14:54:00.395868,592.417397,RX,0x1E0,0,,,False,False,False
2026-02-11T14:54:00.395868,592.417397,RX,0x000,128,E0 01 00 00 00 00 00 00,........,False,True,True
2026-02-11T14:54:00.395868,592.417397,RX,0x000,128,00 38 9B 71 80 02 00 00,.8.q....,False,False,False
2026-02-11T14:54:00.396886,592.418414,RX,0x000,0,,,False,False,False
2026-02-11T14:54:00.396886,592.418414,RX,0x1E0,0,,,False,False,False
2026-02-11T14:54:00.396886,592.418414,RX,0x000,128,E0 01 00 00 00 00 00 00,........,False,True,True
2026-02-11T14:54:00.396886,592.418414,RX,0x000,128,00 38 9B 71 80 02 00 00,.8.q....,False,False,False
2026-02-11T14:54:00.396886,592.418414,RX,0x000,0,,,False,False,False
2026-02-11T14:54:00.396886,592.418414,RX,0x1E0,0,,,False,False,False
2026-02-11T14:54:00.396886,592.418414,RX,0x000,128,E0 01 00 00 00 00 00 00,........,False,True,True
2026-02-11T14:54:00.396886,592.418414,RX,0x000,128,00 38 9B 71 80 02 00 00,.8.q....,False,False,False
2026-02-11T14:54:00.396886,592.418414,RX,0x000,0,,,False,False,False
2026-02-11T14:54:00.396886,592.418414,RX,0x1E0,0,,,False,False,False
2026-02-11T14:54:00.396886,592.418414,RX,0x000,128,E0 01 00 00 00 00 00 00,........,False,True,True
2026-02-11T14:54:00.396886,592.418414,RX,0x000,128,00 38 9B 71 80 02 00 00,.8.q....,False,False,False
2026-02-11T14:54:00.396886,592.418414,RX,0x000,0,,,False,False,False
2026-02-11T14:54:00.396886,592.418414,RX,0x1E0,0,,,False,False,False
2026-02-11T14:54:00.396886,592.418414,RX,0x000,128,E0 01 00 00 00 00 00 00,........,False,True,True
2026-02-11T14:54:00.396886,592.418414,RX,0x000,128,00 38 9B 71 80 02 00 00,.8.q....,False,False,False
2026-02-11T14:54:00.396886,592.418414,RX,0x000,0,,,False,False,False
2026-02-11T14:54:00.396886,592.418414,RX,0x1E0,0,,,False,False,False
2026-02-11T14:54:00.396886,592.418414,RX,0x000,128,E0 01 00 00 00 00 00 00,........,False,True,True
2026-02-11T14:54:00.397891,592.419419,RX,0x000,128,00 38 9B 71 80 02 00 00,.8.q....,False,False,False
2026-02-11T14:54:00.397891,592.419419,RX,0x000,0,,,False,False,False
2026-02-11T14:54:00.397891,592.419419,RX,0x1E0,0,,,False,False,False
2026-02-11T14:54:00.397891,592.419419,RX,0x000,128,E0 01 00 00 00 00 00 00,........,False,True,True
2026-02-11T14:54:00.397891,592.419419,RX,0x000,128,00 38 9B 71 80 02 00 00,.8.q....,False,False,False
2026-02-11T14:54:00.397891,592.419419,RX,0x000,0,,,False,False,False
2026-02-11T14:54:00.397891,592.419419,RX,0x1E0,0,,,False,False,False
2026-02-11T14:54:00.397891,592.419419,RX,0x000,128,E0 01 00 00 00 00 00 00,........,False,True,True
2026-02-11T14:54:00.397891,592.419419,RX,0x000,128,00 38 9B 71 80 02 00 00,.8.q....,False,False,False
2026-02-11T14:54:00.397891,592.419419,RX,0x000,0,,,False,False,False
2026-02-11T14:54:00.397891,592.419419,RX,0x1E0,0,,,False,False,False
2026-02-11T14:54:00.398405,592.419933,RX,0x000,128,E0 01 00 00 00 00 00 00,........,False,True,True
2026-02-11T14:54:00.398405,592.419933,RX,0x000,128,00 38 9B 71 80 02 00 00,.8.q....,False,False,False
2026-02-11T14:54:00.398405,592.419933,RX,0x000,0,,,False,False,False
2026-02-11T14:54:00.398405,592.419933,RX,0x1E0,0,,,False,False,False
2026-02-11T14:54:00.398405,592.419933,RX,0x000,128,E0 01 00 00 00 00 00 00,........,False,True,True
2026-02-11T14:54:00.398405,592.419933,RX,0x000,128,00 38 9B 71 80 02 00 00,.8.q....,False,False,False
2026-02-11T14:54:00.398405,592.419933,RX,0x000,0,,,False,False,False
2026-02-11T14:54:00.398405,592.419933,RX,0x1E0,0,,,False,False,False
2026-02-11T14:54:00.398405,592.419933,RX,0x000,128,E0 01 00 00 00 00 00 00,........,False,True,True
2026-02-11T14:54:00.398405,592.419933,RX,0x000,128,00 38 9B 71 80 02 00 00,.8.q....,False,False,False
2026-02-11T14:54:00.398405,592.419933,RX,0x000,0,,,False,False,False
2026-02-11T14:54:00.398913,592.420441,RX,0x1E0,0,,,False,False,False
2026-02-11T14:54:00.398913,592.420441,RX,0x000,128,E0 01 00 00 00 00 00 00,........,False,True,True
2026-02-11T14:54:00.398913,592.420441,RX,0x000,128,00 38 9B 71 80 02 00 00,.8.q....,False,False,False
2026-02-11T14:54:00.398913,592.420441,RX,0x000,0,,,False,False,False
2026-02-11T14:54:00.398913,592.420441,RX,0x1E0,0,,,False,False,False
2026-02-11T14:54:00.398913,592.420441,RX,0x000,128,E0 01 00 00 00 00 00 00,........,False,True,True
2026-02-11T14:54:00.398913,592.420441,RX,0x000,128,00 38 9B 71 80 02 00 00,.8.q....,False,False,False
2026-02-11T14:54:00.398913,592.420441,RX,0x000,0,,,False,False,False
2026-02-11T14:54:00.398913,592.420441,RX,0x1E0,0,,,False,False,False
2026-02-11T14:54:00.398913,592.420441,RX,0x000,128,E0 01 00 00 00 00 00 00,........,False,True,True
2026-02-11T14:54:00.398913,592.420441,RX,0x000,128,00 38 9B 71 80 02 00 00,.8.q....,False,False,False
2026-02-11T14:54:00.398913,592.420441,RX,0x000,0,,,False,False,False
2026-02-11T14:54:00.402969,592.424497,RX,0x1E0,0,,,False,False,False
2026-02-11T14:54:00.402969,592.424497,RX,0x000,128,E0 01 00 00 00 00 00 00,........,False,True,True
2026-02-11T14:54:00.402969,592.424497,RX,0x000,128,00 38 9B 71 80 02 00 00,.8.q....,False,False,False
2026-02-11T14:54:00.402969,592.424497,RX,0x000,0,,,False,False,False
2026-02-11T14:54:00.402969,592.424497,RX,0x1E0,0,,,False,False,False
2026-02-11T14:54:00.402969,592.424497,RX,0x000,128,E0 01 00 00 00 00 00 00,........,False,True,True
2026-02-11T14:54:00.402969,592.424497,RX,0x000,128,00 38 9B 71 80 02 00 00,.8.q....,False,False,False
2026-02-11T14:54:00.402969,592.424497,RX,0x000,0,,,False,False,False
2026-02-11T14:54:00.404002,592.425530,RX,0x1E0,0,,,False,False,False
2026-02-11T14:54:00.404002,592.425530,RX,0x000,128,E0 01 00 00 00 00 00 00,........,False,True,True
2026-02-11T14:54:00.404002,592.425530,RX,0x000,128,00 38 9B 71 80 02 00 00,.8.q....,False,False,False
2026-02-11T14:54:00.404002,592.425530,RX,0x000,0,,,False,False,False
2026-02-11T14:54:00.404002,592.425530,RX,0x1E0,0,,,False,False,False
2026-02-11T14:54:00.404002,592.425530,RX,0x000,128,E0 01 00 00 00 00 00 00,........,False,True,True
2026-02-11T14:54:00.404002,592.425530,RX,0x000,128,00 38 9B 71 80 02 00 00,.8.q....,False,False,False
2026-02-11T14:54:00.404002,592.425530,RX,0x000,0,,,False,False,False
2026-02-11T14:54:00.404002,592.425530,RX,0x1E0,0,,,False,False,False
2026-02-11T14:54:00.404002,592.425530,RX,0x000,128,E0 01 00 00 00 00 00 00,........,False,True,True
2026-02-11T14:54:00.404002,592.425530,RX,0x000,128,00 38 9B 71 80 02 00 00,.8.q....,False,False,False
2026-02-11T14:54:00.404002,592.425530,RX,0x000,0,,,False,False,False
2026-02-11T14:54:00.404002,592.425530,RX,0x1E0,0,,,False,False,False
2026-02-11T14:54:00.404002,592.425530,RX,0x000,128,E0 01 00 00 00 00 00 00,........,False,True,True
2026-02-11T14:54:00.404002,592.425530,RX,0x000,128,00 38 9B 71 80 02 00 00,.8.q....,False,False,False
2026-02-11T14:54:00.404002,592.425530,RX,0x000,0,,,False,False,False
2026-02-11T14:54:00.405371,592.426899,RX,0x1E0,0,,,False,False,False
2026-02-11T14:54:00.405371,592.426899,RX,0x000,128,E0 01 00 00 00 00 00 00,........,False,True,True
2026-02-11T14:54:00.405371,592.426899,RX,0x000,128,00 38 9B 71 80 02 00 00,.8.q....,False,False,False
2026-02-11T14:54:00.405371,592.426899,RX,0x000,0,,,False,False,False
2026-02-11T14:54:00.405371,592.426899,RX,0x1E0,0,,,False,False,False
2026-02-11T14:54:00.405371,592.426899,RX,0x000,128,E0 01 00 00 00 00 00 00,........,False,True,True
2026-02-11T14:54:00.405371,592.426899,RX,0x000,128,00 38 9B 71 80 02 00 00,.8.q....,False,False,False
2026-02-11T14:54:00.405371,592.426899,RX,0x000,0,,,False,False,False
2026-02-11T14:54:00.405371,592.426899,RX,0x1E0,0,,,False,False,False
2026-02-11T14:54:00.405371,592.426899,RX,0x000,128,E0 01 00 00 00 00 00 00,........,False,True,True
2026-02-11T14:54:00.405371,592.426899,RX,0x000,128,00 38 9B 71 80 02 00 00,.8.q....,False,False,False
2026-02-11T14:54:00.405371,592.426899,RX,0x000,0,,,False,False,False
2026-02-11T14:54:00.405371,592.426899,RX,0x1E0,0,,,False,False,False
2026-02-11T14:54:00.406391,592.427919,RX,0x000,128,E0 01 00 00 00 00 00 00,........,False,True,True
2026-02-11T14:54:00.406391,592.427919,RX,0x000,128,00 38 9B 71 80 02 00 00,.8.q....,False,False,False
2026-02-11T14:54:00.406391,592.427919,RX,0x000,0,,,False,False,False
2026-02-11T14:54:00.406391,592.427919,RX,0x1E0,0,,,False,False,False
2026-02-11T14:54:00.406391,592.427919,RX,0x000,128,E0 01 00 00 00 00 00 00,........,False,True,True
2026-02-11T14:54:00.406391,592.427919,RX,0x000,128,00 38 9B 71 80 02 00 00,.8.q....,False,False,False
2026-02-11T14:54:00.406391,592.427919,RX,0x000,0,,,False,False,False
2026-02-11T14:54:00.406391,592.427919,RX,0x1E0,0,,,False,False,False
2026-02-11T14:54:00.406391,592.427919,RX,0x000,128,E0 01 00 00 00 00 00 00,........,False,True,True
2026-02-11T14:54:00.406391,592.427919,RX,0x000,128,00 38 9B 71 80 02 00 00,.8.q....,False,False,False
2026-02-11T14:54:00.406391,592.427919,RX,0x000,0,,,False,False,False
2026-02-11T14:54:00.406391,592.427919,RX,0x1E0,0,,,False,False,False
2026-02-11T14:54:00.406391,592.427919,RX,0x000,128,E0 01 00 00 00 00 00 00,........,False,True,True
2026-02-11T14:54:00.406391,592.427919,RX,0x000,128,00 38 9B 71 80 02 00 00,.8.q....,False,False,False
2026-02-11T14:54:00.406391,592.427919,RX,0x000,0,,,False,False,False
2026-02-11T14:54:00.407900,592.429428,RX,0x1E0,0,,,False,False,False
2026-02-11T14:54:00.407900,592.429428,RX,0x000,128,E0 01 00 00 00 00 00 00,........,False,True,True
2026-02-11T14:54:00.407900,592.429428,RX,0x000,128,00 38 9B 71 80 02 00 00,.8.q....,False,False,False
2026-02-11T14:54:00.407900,592.429428,RX,0x000,0,,,False,False,False
2026-02-11T14:54:00.407900,592.429428,RX,0x1E0,0,,,False,False,False
2026-02-11T14:54:00.407900,592.429428,RX,0x000,128,E0 01 00 00 00 00 00 00,........,False,True,True
2026-02-11T14:54:00.407900,592.429428,RX,0x000,128,00 38 9B 71 80 02 00 00,.8.q....,False,False,False
2026-02-11T14:54:00.408946,592.430474,RX,0x000,0,,,False,False,False
2026-02-11T14:54:00.408946,592.430474,RX,0x1E0,0,,,False,False,False
2026-02-11T14:54:00.408946,592.430474,RX,0x000,128,E0 01 00 00 00 00 00 00,........,False,True,True
2026-02-11T14:54:00.408946,592.430474,RX,0x000,128,00 38 9B 71 80 02 00 00,.8.q....,False,False,False
2026-02-11T14:54:00.408946,592.430474,RX,0x000,0,,,False,False,False
2026-02-11T14:54:00.409971,592.431499,RX,0x1E0,0,,,False,False,False
2026-02-11T14:54:00.409971,592.431499,RX,0x000,128,E0 01 00 00 00 00 00 00,........,False,True,True
2026-02-11T14:54:00.409971,592.431499,RX,0x000,128,00 38 9B 71 80 02 00 00,.8.q....,False,False,False
2026-02-11T14:54:00.409971,592.431499,RX,0x000,0,,,False,False,False
2026-02-11T14:54:00.409971,592.431499,RX,0x1E0,0,,,False,False,False
2026-02-11T14:54:00.409971,592.431499,RX,0x000,128,E0 01 00 00 00 00 00 00,........,False,True,True
2026-02-11T14:54:00.409971,592.431499,RX,0x000,128,00 38 9B 71 80 02 00 00,.8.q....,False,False,False
2026-02-11T14:54:00.409971,592.431499,RX,0x000,0,,,False,False,False
2026-02-11T14:54:00.410970,592.432498,RX,0x1E0,0,,,False,False,False
2026-02-11T14:54:00.410970,592.432498,RX,0x000,128,E0 01 00 00 00 00 00 00,........,False,True,True
2026-02-11T14:54:00.410970,592.432498,RX,0x000,128,00 38 9B 71 80 02 00 00,.8.q....,False,False,False
2026-02-11T14:54:00.410970,592.432498,RX,0x000,0,,,False,False,False
2026-02-11T14:54:00.410970,592.432498,RX,0x1E0,0,,,False,False,False
2026-02-11T14:54:00.410970,592.432498,RX,0x000,128,E0 01 00 00 00 00 00 00,........,False,True,True
2026-02-11T14:54:00.410970,592.432498,RX,0x000,128,00 38 9B 71 80 02 00 00,.8.q....,False,False,False
2026-02-11T14:54:00.410970,592.432498,RX,0x000,0,,,False,False,False
2026-02-11T14:54:00.411979,592.433507,RX,0x1E0,0,,,False,False,False
2026-02-11T14:54:00.411979,592.433507,RX,0x000,128,E0 01 00 00 00 00 00 00,........,False,True,True
2026-02-11T14:54:00.411979,592.433507,RX,0x000,128,00 38 9B 71 80 02 00 00,.8.q....,False,False,False
2026-02-11T14:54:00.411979,592.433507,RX,0x000,0,,,False,False,False
2026-02-11T14:54:00.411979,592.433507,RX,0x1E0,0,,,False,False,False
2026-02-11T14:54:00.411979,592.433507,RX,0x000,128,E0 01 00 00 00 00 00 00,........,False,True,True
2026-02-11T14:54:00.411979,592.433507,RX,0x000,128,00 38 9B 71 80 02 00 00,.8.q....,False,False,False
2026-02-11T14:54:00.411979,592.433507,RX,0x000,0,,,False,False,False
2026-02-11T14:54:00.411979,592.433507,RX,0x1E0,0,,,False,False,False
2026-02-11T14:54:00.411979,592.433507,RX,0x000,128,E0 01 00 00 00 00 00 00,........,False,True,True
2026-02-11T14:54:00.411979,592.433507,RX,0x000,128,00 38 9B 71 80 02 00 00,.8.q....,False,False,False
2026-02-11T14:54:00.411979,592.433507,RX,0x000,0,,,False,False,False
2026-02-11T14:54:00.411979,592.433507,RX,0x1E0,0,,,False,False,False
2026-02-11T14:54:00.411979,592.433507,RX,0x000,128,E0 01 00 00 00 00 00 00,........,False,True,True
2026-02-11T14:54:00.411979,592.433507,RX,0x000,128,00 38 9B 71 80 02 00 00,.8.q....,False,False,False
2026-02-11T14:54:00.412994,592.434522,RX,0x000,0,,,False,False,False
2026-02-11T14:54:00.412994,592.434522,RX,0x1E0,0,,,False,False,False
2026-02-11T14:54:00.412994,592.434522,RX,0x000,128,E0 01 00 00 00 00 00 00,........,False,True,True
2026-02-11T14:54:00.412994,592.434522,RX,0x000,128,00 38 9B 71 80 02 00 00,.8.q....,False,False,False
2026-02-11T14:54:00.412994,592.434522,RX,0x000,0,,,False,False,False
2026-02-11T14:54:00.412994,592.434522,RX,0x1E0,0,,,False,False,False
2026-02-11T14:54:00.412994,592.434522,RX,0x000,128,E0 01 00 00 00 00 00 00,........,False,True,True
2026-02-11T14:54:00.412994,592.434522,RX,0x000,128,00 38 9B 71 80 02 00 00,.8.q....,False,False,False
2026-02-11T14:54:00.412994,592.434522,RX,0x000,0,,,False,False,False
2026-02-11T14:54:00.412994,592.434522,RX,0x1E0,0,,,False,False,False
2026-02-11T14:54:00.412994,592.434522,RX,0x000,128,E0 01 00 00 00 00 00 00,........,False,True,True
2026-02-11T14:54:00.412994,592.434522,RX,0x000,128,00 38 9B 71 80 02 00 00,.8.q....,False,False,False
2026-02-11T14:54:00.412994,592.434522,RX,0x000,0,,,False,False,False
2026-02-11T14:54:00.412994,592.434522,RX,0x1E0,0,,,False,False,False
2026-02-11T14:54:00.412994,592.434522,RX,0x000,128,E0 01 00 00 00 00 00 00,........,False,True,True
2026-02-11T14:54:00.412994,592.434522,RX,0x000,128,00 38 9B 71 80 02 00 00,.8.q....,False,False,False
2026-02-11T14:54:00.414006,592.435534,RX,0x000,0,,,False,False,False
2026-02-11T14:54:00.414006,592.435534,RX,0x1E0,0,,,False,False,False
2026-02-11T14:54:00.414006,592.435534,RX,0x000,128,E0 01 00 00 00 00 00 00,........,False,True,True
2026-02-11T14:54:00.414006,592.435534,RX,0x000,128,00 38 9B 71 80 02 00 00,.8.q....,False,False,False
2026-02-11T14:54:00.414006,592.435534,RX,0x000,0,,,False,False,False
2026-02-11T14:54:00.414006,592.435534,RX,0x1E0,0,,,False,False,False
2026-02-11T14:54:00.414006,592.435534,RX,0x000,128,E0 01 00 00 00 00 00 00,........,False,True,True
2026-02-11T14:54:00.414006,592.435534,RX,0x000,128,00 38 9B 71 80 02 00 00,.8.q....,False,False,False
2026-02-11T14:54:00.414006,592.435534,RX,0x000,0,,,False,False,False
2026-02-11T14:54:00.414006,592.435534,RX,0x1E0,0,,,False,False,False
2026-02-11T14:54:00.414006,592.435534,RX,0x000,128,E0 01 00 00 00 00 00 00,........,False,True,True
2026-02-11T14:54:00.414006,592.435534,RX,0x000,128,00 38 9B 71 80 02 00 00,.8.q....,False,False,False
2026-02-11T14:54:00.414006,592.435534,RX,0x000,0,,,False,False,False
2026-02-11T14:54:00.414006,592.435534,RX,0x1E0,0,,,False,False,False
2026-02-11T14:54:00.414006,592.435534,RX,0x000,128,E0 01 00 00 00 00 00 00,........,False,True,True
2026-02-11T14:54:00.414006,592.435534,RX,0x000,128,00 38 9B 71 80 02 00 00,.8.q....,False,False,False
2026-02-11T14:54:00.415022,592.436550,RX,0x000,0,,,False,False,False
2026-02-11T14:54:00.415022,592.436550,RX,0x1E0,0,,,False,False,False
2026-02-11T14:54:00.415022,592.436550,RX,0x000,128,E0 01 00 00 00 00 00 00,........,False,True,True
2026-02-11T14:54:00.415022,592.436550,RX,0x000,128,00 38 9B 71 80 02 00 00,.8.q....,False,False,False
2026-02-11T14:54:00.415022,592.436550,RX,0x000,0,,,False,False,False
2026-02-11T14:54:00.415022,592.436550,RX,0x1E0,0,,,False,False,False
2026-02-11T14:54:00.415022,592.436550,RX,0x000,128,E0 01 00 00 00 00 00 00,........,False,True,True
2026-02-11T14:54:00.415022,592.436550,RX,0x000,128,00 38 9B 71 80 02 00 00,.8.q....,False,False,False
2026-02-11T14:54:00.415022,592.436550,RX,0x000,0,,,False,False,False
2026-02-11T14:54:00.415022,592.436550,RX,0x1E0,0,,,False,False,False
2026-02-11T14:54:00.416031,592.437559,RX,0x000,128,E0 01 00 00 00 00 00 00,........,False,True,True
2026-02-11T14:54:00.416031,592.437559,RX,0x000,128,00 38 9B 71 80 02 00 00,.8.q....,False,False,False
2026-02-11T14:54:00.416031,592.437559,RX,0x000,0,,,False,False,False
2026-02-11T14:54:00.416031,592.437559,RX,0x1E0,0,,,False,False,False
2026-02-11T14:54:00.416031,592.437559,RX,0x000,128,E0 01 00 00 00 00 00 00,........,False,True,True
2026-02-11T14:54:00.416031,592.437559,RX,0x000,128,00 38 9B 71 80 02 00 00,.8.q....,False,False,False
2026-02-11T14:54:00.416031,592.437559,RX,0x000,0,,,False,False,False
2026-02-11T14:54:00.416031,592.437559,RX,0x1E0,0,,,False,False,False
2026-02-11T14:54:00.416031,592.437559,RX,0x000,128,E0 01 00 00 00 00 00 00,........,False,True,True
2026-02-11T14:54:00.416031,592.437559,RX,0x000,128,00 38 9B 71 80 02 00 00,.8.q....,False,False,False
2026-02-11T14:54:00.416031,592.437559,RX,0x000,0,,,False,False,False
2026-02-11T14:54:00.416031,592.437559,RX,0x1E0,0,,,False,False,False
2026-02-11T14:54:00.416031,592.437559,RX,0x000,128,E0 01 00 00 00 00 00 00,........,False,True,True
2026-02-11T14:54:00.416031,592.437559,RX,0x000,128,00 38 9B 71 80 02 00 00,.8.q....,False,False,False
2026-02-11T14:54:00.417140,592.438668,RX,0x000,0,,,False,False,False
2026-02-11T14:54:00.417140,592.438668,RX,0x1E0,0,,,False,False,False
2026-02-11T14:54:00.417140,592.438668,RX,0x000,128,E0 01 00 00 00 00 00 00,........,False,True,True
2026-02-11T14:54:00.417140,592.438668,RX,0x000,128,00 38 9B 71 80 02 00 00,.8.q....,False,False,False
2026-02-11T14:54:00.417140,592.438668,RX,0x000,0,,,False,False,False
2026-02-11T14:54:00.417140,592.438668,RX,0x1E0,0,,,False,False,False
2026-02-11T14:54:00.417140,592.438668,RX,0x000,128,E0 01 00 00 00 00 00 00,........,False,True,True
2026-02-11T14:54:00.417140,592.438668,RX,0x000,128,00 38 9B 71 80 02 00 00,.8.q....,False,False,False
2026-02-11T14:54:00.417140,592.438668,RX,0x000,0,,,False,False,False
2026-02-11T14:54:00.418136,592.438668,RX,0x1E0,0,,,False,False,False
2026-02-11T14:54:00.418136,592.439664,RX,0x000,128,E0 01 00 00 00 00 00 00,........,False,True,True
2026-02-11T14:54:00.418136,592.439664,RX,0x000,128,00 38 9B 71 80 02 00 00,.8.q....,False,False,False
2026-02-11T14:54:00.418136,592.439664,RX,0x000,0,,,False,False,False
2026-02-11T14:54:00.418136,592.439664,RX,0x1E0,0,,,False,False,False
2026-02-11T14:54:00.418136,592.439664,RX,0x000,128,E0 01 00 00 00 00 00 00,........,False,True,True
2026-02-11T14:54:00.418136,592.439664,RX,0x000,128,00 38 9B 71 80 02 00 00,.8.q....,False,False,False
2026-02-11T14:54:00.418136,592.439664,RX,0x000,0,,,False,False,False
2026-02-11T14:54:00.418136,592.439664,RX,0x1E0,0,,,False,False,False
2026-02-11T14:54:00.418136,592.439664,RX,0x000,128,E0 01 00 00 00 00 00 00,........,False,True,True
2026-02-11T14:54:00.418136,592.439664,RX,0x000,128,00 38 9B 71 80 02 00 00,.8.q....,False,False,False
2026-02-11T14:54:00.418136,592.439664,RX,0x000,0,,,False,False,False
2026-02-11T14:54:00.418136,592.439664,RX,0x1E0,0,,,False,False,False
2026-02-11T14:54:00.418136,592.439664,RX,0x000,128,E0 01 00 00 00 00 00 00,........,False,True,True
2026-02-11T14:54:00.418136,592.439664,RX,0x000,128,00 38 9B 71 80 02 00 00,.8.q....,False,False,False
2026-02-11T14:54:00.418136,592.439664,RX,0x000,0,,,False,False,False
2026-02-11T14:54:00.418136,592.439664,RX,0x1E0,0,,,False,False,False
2026-02-11T14:54:00.418136,592.439664,RX,0x000,128,E0 01 00 00 00 00 00 00,........,False,True,True
2026-02-11T14:54:00.419508,592.441036,RX,0x000,128,00 38 9B 71 80 02 00 00,.8.q....,False,False,False
2026-02-11T14:54:00.419508,592.441036,RX,0x000,0,,,False,False,False
2026-02-11T14:54:00.419508,592.441036,RX,0x1E0,0,,,False,False,False
2026-02-11T14:54:00.419508,592.441036,RX,0x000,128,E0 01 00 00 00 00 00 00,........,False,True,True
2026-02-11T14:54:00.419508,592.441036,RX,0x000,128,00 38 9B 71 80 02 00 00,.8.q....,False,False,False
2026-02-11T14:54:00.419508,592.441036,RX,0x000,0,,,False,False,False
2026-02-11T14:54:00.419508,592.441036,RX,0x1E0,0,,,False,False,False
2026-02-11T14:54:00.419508,592.441036,RX,0x000,128,E0 01 00 00 00 00 00 00,........,False,True,True
2026-02-11T14:54:00.419508,592.441036,RX,0x000,128,00 38 9B 71 80 02 00 00,.8.q....,False,False,False
2026-02-11T14:54:00.419508,592.441036,RX,0x000,0,,,False,False,False
2026-02-11T14:54:00.421017,592.442545,RX,0x1E0,0,,,False,False,False
2026-02-11T14:54:00.421017,592.442545,RX,0x000,128,E0 01 00 00 00 00 00 00,........,False,True,True
2026-02-11T14:54:00.421017,592.442545,RX,0x000,128,00 38 9B 71 80 02 00 00,.8.q....,False,False,False
2026-02-11T14:54:00.421017,592.442545,RX,0x000,0,,,False,False,False
2026-02-11T14:54:00.421017,592.442545,RX,0x1E0,0,,,False,False,False
2026-02-11T14:54:00.421017,592.442545,RX,0x000,128,E0 01 00 00 00 00 00 00,........,False,True,True
2026-02-11T14:54:00.421017,592.442545,RX,0x000,128,00 38 9B 71 80 02 00 00,.8.q....,False,False,False
2026-02-11T14:54:00.421017,592.442545,RX,0x000,0,,,False,False,False
2026-02-11T14:54:00.421017,592.442545,RX,0x1E0,0,,,False,False,False
2026-02-11T14:54:00.421017,592.442545,RX,0x000,128,E0 01 00 00 00 00 00 00,........,False,True,True
2026-02-11T14:54:00.421017,592.442545,RX,0x000,128,00 38 9B 71 80 02 00 00,.8.q....,False,False,False
2026-02-11T14:54:00.421017,592.442545,RX,0x000,0,,,False,False,False
2026-02-11T14:54:00.421017,592.442545,RX,0x1E0,0,,,False,False,False
2026-02-11T14:54:00.422027,592.443555,RX,0x000,128,E0 01 00 00 00 00 00 00,........,False,True,True
2026-02-11T14:54:00.422027,592.443555,RX,0x000,128,00 38 9B 71 80 02 00 00,.8.q....,False,False,False
2026-02-11T14:54:00.422027,592.443555,RX,0x000,0,,,False,False,False
2026-02-11T14:54:00.422027,592.443555,RX,0x1E0,0,,,False,False,False
2026-02-11T14:54:00.422027,592.443555,RX,0x000,128,E0 01 00 00 00 00 00 00,........,False,True,True
2026-02-11T14:54:00.423038,592.444566,RX,0x000,128,00 38 9B 71 80 02 00 00,.8.q....,False,False,False
2026-02-11T14:54:00.423038,592.444566,RX,0x000,0,,,False,False,False
2026-02-11T14:54:00.423038,592.444566,RX,0x1E0,0,,,False,False,False
2026-02-11T14:54:00.423038,592.444566,RX,0x000,128,E0 01 00 00 00 00 00 00,........,False,True,True
2026-02-11T14:54:00.423038,592.444566,RX,0x000,128,00 38 9B 71 80 02 00 00,.8.q....,False,False,False
2026-02-11T14:54:00.423038,592.444566,RX,0x000,0,,,False,False,False
2026-02-11T14:54:00.423038,592.444566,RX,0x1E0,0,,,False,False,False
2026-02-11T14:54:00.423038,592.444566,RX,0x000,128,E0 01 00 00 00 00 00 00,........,False,True,True
2026-02-11T14:54:00.424058,592.445586,RX,0x000,128,00 38 9B 71 80 02 00 00,.8.q....,False,False,False
2026-02-11T14:54:00.424058,592.445586,RX,0x000,0,,,False,False,False
2026-02-11T14:54:00.424058,592.445586,RX,0x1E0,0,,,False,False,False
2026-02-11T14:54:00.424058,592.445586,RX,0x000,128,E0 01 00 00 00 00 00 00,........,False,True,True
2026-02-11T14:54:00.424058,592.445586,RX,0x000,128,00 38 9B 71 80 02 00 00,.8.q....,False,False,False
2026-02-11T14:54:00.424058,592.445586,RX,0x000,0,,,False,False,False
2026-02-11T14:54:00.424058,592.445586,RX,0x1E0,0,,,False,False,False
2026-02-11T14:54:00.424058,592.445586,RX,0x000,128,E0 01 00 00 00 00 00 00,........,False,True,True
2026-02-11T14:54:00.424058,592.445586,RX,0x000,128,00 38 9B 71 80 02 00 00,.8.q....,False,False,False
2026-02-11T14:54:00.424058,592.445586,RX,0x000,0,,,False,False,False
2026-02-11T14:54:00.425079,592.446607,RX,0x1E0,0,,,False,False,False
2026-02-11T14:54:00.425079,592.446607,RX,0x000,128,E0 01 00 00 00 00 00 00,........,False,True,True
2026-02-11T14:54:00.425079,592.446607,RX,0x000,128,00 38 9B 71 80 02 00 00,.8.q....,False,False,False
2026-02-11T14:54:00.425079,592.446607,RX,0x000,0,,,False,False,False
2026-02-11T14:54:00.425079,592.446607,RX,0x1E0,0,,,False,False,False
2026-02-11T14:54:00.425079,592.446607,RX,0x000,128,E0 01 00 00 00 00 00 00,........,False,True,True
2026-02-11T14:54:00.425079,592.446607,RX,0x000,128,00 38 9B 71 80 02 00 00,.8.q....,False,False,False
2026-02-11T14:54:00.425079,592.446607,RX,0x000,0,,,False,False,False
2026-02-11T14:54:00.425079,592.446607,RX,0x1E0,0,,,False,False,False
2026-02-11T14:54:00.425079,592.446607,RX,0x000,128,E0 01 00 00 00 00 00 00,........,False,True,True
2026-02-11T14:54:00.425079,592.446607,RX,0x000,128,00 38 9B 71 80 02 00 00,.8.q....,False,False,False
2026-02-11T14:54:00.425079,592.446607,RX,0x000,0,,,False,False,False
2026-02-11T14:54:00.426100,592.447628,RX,0x1E0,0,,,False,False,False
2026-02-11T14:54:00.426100,592.447628,RX,0x000,128,E0 01 00 00 00 00 00 00,........,False,True,True
2026-02-11T14:54:00.426100,592.447628,RX,0x000,128,00 38 9B 71 80 02 00 00,.8.q....,False,False,False
2026-02-11T14:54:00.426100,592.447628,RX,0x000,0,,,False,False,False
2026-02-11T14:54:00.426100,592.447628,RX,0x1E0,0,,,False,False,False
2026-02-11T14:54:00.426100,592.447628,RX,0x000,128,E0 01 00 00 00 00 00 00,........,False,True,True
2026-02-11T14:54:00.426100,592.447628,RX,0x000,128,00 38 9B 71 80 02 00 00,.8.q....,False,False,False
2026-02-11T14:54:00.427133,592.448661,RX,0x000,0,,,False,False,False
2026-02-11T14:54:00.427133,592.448661,RX,0x1E0,0,,,False,False,False
2026-02-11T14:54:00.427133,592.448661,RX,0x000,128,E0 01 00 00 00 00 00 00,........,False,True,True
2026-02-11T14:54:00.427133,592.448661,RX,0x000,128,00 38 9B 71 80 02 00 00,.8.q....,False,False,False
2026-02-11T14:54:00.427133,592.448661,RX,0x000,0,,,False,False,False
2026-02-11T14:54:00.427133,592.448661,RX,0x1E0,0,,,False,False,False
2026-02-11T14:54:00.427133,592.448661,RX,0x000,128,E0 01 00 00 00 00 00 00,........,False,True,True
2026-02-11T14:54:00.427133,592.448661,RX,0x000,128,00 38 9B 71 80 02 00 00,.8.q....,False,False,False
2026-02-11T14:54:00.427133,592.448661,RX,0x000,0,,,False,False,False
2026-02-11T14:54:00.427133,592.448661,RX,0x1E0,0,,,False,False,False
2026-02-11T14:54:00.427133,592.448661,RX,0x000,128,E0 01 00 00 00 00 00 00,........,False,True,True
2026-02-11T14:54:00.427133,592.448661,RX,0x000,128,00 38 9B 71 80 02 00 00,.8.q....,False,False,False
2026-02-11T14:54:00.428132,592.449660,RX,0x000,0,,,False,False,False
2026-02-11T14:54:00.428132,592.449660,RX,0x1E0,0,,,False,False,False
2026-02-11T14:54:00.428132,592.449660,RX,0x000,128,E0 01 00 00 00 00 00 00,........,False,True,True
2026-02-11T14:54:00.428132,592.449660,RX,0x000,128,00 38 9B 71 80 02 00 00,.8.q....,False,False,False
2026-02-11T14:54:00.428132,592.449660,RX,0x000,0,,,False,False,False
2026-02-11T14:54:00.428132,592.449660,RX,0x1E0,0,,,False,False,False
2026-02-11T14:54:00.428132,592.449660,RX,0x000,128,E0 01 00 00 00 00 00 00,........,False,True,True
2026-02-11T14:54:00.428648,592.450176,RX,0x000,128,00 38 9B 71 80 02 00 00,.8.q....,False,False,False
2026-02-11T14:54:00.428648,592.450176,RX,0x000,0,,,False,False,False
2026-02-11T14:54:00.428648,592.450176,RX,0x1E0,0,,,False,False,False
2026-02-11T14:54:00.428648,592.450176,RX,0x000,128,E0 01 00 00 00 00 00 00,........,False,True,True
2026-02-11T14:54:00.428648,592.450176,RX,0x000,128,00 38 9B 71 80 02 00 00,.8.q....,False,False,False
2026-02-11T14:54:00.428648,592.450176,RX,0x000,0,,,False,False,False
2026-02-11T14:54:00.428648,592.450176,RX,0x1E0,0,,,False,False,False
2026-02-11T14:54:00.429667,592.450176,RX,0x000,128,E0 01 00 00 00 00 00 00,........,False,True,True
2026-02-11T14:54:00.429667,592.451195,RX,0x000,128,00 38 9B 71 80 02 00 00,.8.q....,False,False,False
2026-02-11T14:54:00.429667,592.451195,RX,0x000,0,,,False,False,False
2026-02-11T14:54:00.429667,592.451195,RX,0x1E0,0,,,False,False,False
2026-02-11T14:54:00.429667,592.451195,RX,0x000,128,E0 01 00 00 00 00 00 00,........,False,True,True
2026-02-11T14:54:00.429667,592.451195,RX,0x000,128,00 38 9B 71 80 02 00 00,.8.q....,False,False,False
2026-02-11T14:54:00.430683,592.452211,RX,0x000,0,,,False,False,False
2026-02-11T14:54:00.430683,592.452211,RX,0x1E0,0,,,False,False,False
2026-02-11T14:54:00.430683,592.452211,RX,0x000,128,E0 01 00 00 00 00 00 00,........,False,True,True
2026-02-11T14:54:00.430683,592.452211,RX,0x000,128,00 38 9B 71 80 02 00 00,.8.q....,False,False,False
2026-02-11T14:54:00.430683,592.452211,RX,0x000,0,,,False,False,False
2026-02-11T14:54:00.430683,592.452211,RX,0x1E0,0,,,False,False,False
2026-02-11T14:54:00.430683,592.452211,RX,0x000,128,E0 01 00 00 00 00 00 00,........,False,True,True
2026-02-11T14:54:00.430683,592.452211,RX,0x000,128,00 38 9B 71 80 02 00 00,.8.q....,False,False,False
2026-02-11T14:54:00.430683,592.452211,RX,0x000,0,,,False,False,False
2026-02-11T14:54:00.430683,592.452211,RX,0x1E0,0,,,False,False,False
2026-02-11T14:54:00.430683,592.452211,RX,0x000,128,E0 01 00 00 00 00 00 00,........,False,True,True
2026-02-11T14:54:00.431693,592.453221,RX,0x000,128,00 38 9B 71 80 02 00 00,.8.q....,False,False,False
2026-02-11T14:54:00.431693,592.453221,RX,0x000,0,,,False,False,False
2026-02-11T14:54:00.431693,592.453221,RX,0x1E0,0,,,False,False,False
2026-02-11T14:54:00.431693,592.453221,RX,0x000,128,E0 01 00 00 00 00 00 00,........,False,True,True
2026-02-11T14:54:00.431693,592.453221,RX,0x000,128,00 38 9B 71 80 02 00 00,.8.q....,False,False,False
2026-02-11T14:54:00.431693,592.453221,RX,0x000,0,,,False,False,False
2026-02-11T14:54:00.431693,592.453221,RX,0x1E0,0,,,False,False,False
2026-02-11T14:54:00.431693,592.453221,RX,0x000,128,E0 01 00 00 00 00 00 00,........,False,True,True
2026-02-11T14:54:00.431693,592.453221,RX,0x000,128,00 38 9B 71 80 02 00 00,.8.q....,False,False,False
2026-02-11T14:54:00.431693,592.453221,RX,0x000,0,,,False,False,False
2026-02-11T14:54:00.431693,592.453221,RX,0x1E0,0,,,False,False,False
2026-02-11T14:54:00.431693,592.453221,RX,0x000,128,E0 01 00 00 00 00 00 00,........,False,True,True
2026-02-11T14:54:00.432712,592.454240,RX,0x000,128,00 38 9B 71 80 02 00 00,.8.q....,False,False,False
2026-02-11T14:54:00.432712,592.454240,RX,0x000,0,,,False,False,False
2026-02-11T14:54:00.432712,592.454240,RX,0x1E0,0,,,False,False,False
2026-02-11T14:54:00.432712,592.454240,RX,0x000,128,E0 01 00 00 00 00 00 00,........,False,True,True
2026-02-11T14:54:00.432712,592.454240,RX,0x000,128,00 38 9B 71 80 02 00 00,.8.q....,False,False,False
2026-02-11T14:54:00.432712,592.454240,RX,0x000,0,,,False,False,False
2026-02-11T14:54:00.432712,592.454240,RX,0x1E0,0,,,False,False,False
2026-02-11T14:54:00.432712,592.454240,RX,0x000,128,E0 01 00 00 00 00 00 00,........,False,True,True
2026-02-11T14:54:00.432712,592.454240,RX,0x000,128,00 38 9B 71 80 02 00 00,.8.q....,False,False,False
2026-02-11T14:54:00.432712,592.454240,RX,0x000,0,,,False,False,False
2026-02-11T14:54:00.432712,592.454240,RX,0x1E0,0,,,False,False,False
2026-02-11T14:54:00.433729,592.455257,RX,0x000,128,E0 01 00 00 00 00 00 00,........,False,True,True
2026-02-11T14:54:00.433729,592.455257,RX,0x000,128,00 38 9B 71 80 02 00 00,.8.q....,False,False,False
2026-02-11T14:54:00.433729,592.455257,RX,0x000,0,,,False,False,False
2026-02-11T14:54:00.433729,592.455257,RX,0x1E0,0,,,False,False,False
2026-02-11T14:54:00.433729,592.455257,RX,0x000,128,E0 01 00 00 00 00 00 00,........,False,True,True
2026-02-11T14:54:00.433729,592.455257,RX,0x000,128,00 38 9B 71 80 02 00 00,.8.q....,False,False,False
2026-02-11T14:54:00.433729,592.455257,RX,0x000,0,,,False,False,False
2026-02-11T14:54:00.433729,592.455257,RX,0x1E0,0,,,False,False,False
2026-02-11T14:54:00.433729,592.455257,RX,0x000,128,E0 01 00 00 00 00 00 00,........,False,True,True
2026-02-11T14:54:00.433729,592.455257,RX,0x000,128,00 38 9B 71 80 02 00 00,.8.q....,False,False,False
2026-02-11T14:54:00.433729,592.455257,RX,0x000,0,,,False,False,False
2026-02-11T14:54:00.434787,592.456315,RX,0x1E0,0,,,False,False,False
2026-02-11T14:54:00.434787,592.456315,RX,0x000,128,E0 01 00 00 00 00 00 00,........,False,True,True
2026-02-11T14:54:00.434787,592.456315,RX,0x000,128,00 38 9B 71 80 02 00 00,.8.q....,False,False,False
2026-02-11T14:54:00.434787,592.456315,RX,0x000,0,,,False,False,False
2026-02-11T14:54:00.434787,592.456315,RX,0x1E0,0,,,False,False,False
2026-02-11T14:54:00.434787,592.456315,RX,0x000,128,E0 01 00 00 00 00 00 00,........,False,True,True
2026-02-11T14:54:00.434787,592.456315,RX,0x000,128,00 38 9B 71 80 02 00 00,.8.q....,False,False,False
2026-02-11T14:54:00.434787,592.456315,RX,0x000,0,,,False,False,False
2026-02-11T14:54:00.436038,592.457566,RX,0x1E0,0,,,False,False,False
2026-02-11T14:54:00.436038,592.457566,RX,0x000,128,E0 01 00 00 00 00 00 00,........,False,True,True
2026-02-11T14:54:00.436038,592.457566,RX,0x000,128,00 38 9B 71 80 02 00 00,.8.q....,False,False,False
2026-02-11T14:54:00.436038,592.457566,RX,0x000,0,,,False,False,False
2026-02-11T14:54:00.436038,592.457566,RX,0x1E0,0,,,False,False,False
2026-02-11T14:54:00.436038,592.457566,RX,0x000,128,E0 01 00 00 00 00 00 00,........,False,True,True
2026-02-11T14:54:00.437048,592.457566,RX,0x000,128,00 38 9B 71 80 02 00 00,.8.q....,False,False,False
2026-02-11T14:54:00.437048,592.458576,RX,0x000,0,,,False,False,False
2026-02-11T14:54:00.437048,592.458576,RX,0x1E0,0,,,False,False,False
2026-02-11T14:54:00.438050,592.459578,RX,0x000,128,E0 01 00 00 00 00 00 00,........,False,True,True
2026-02-11T14:54:00.438050,592.459578,RX,0x000,128,00 38 9B 71 80 02 00 00,.8.q....,False,False,False
2026-02-11T14:54:00.438050,592.459578,RX,0x000,0,,,False,False,False
2026-02-11T14:54:00.438050,592.459578,RX,0x1E0,0,,,False,False,False
2026-02-11T14:54:00.438050,592.459578,RX,0x000,128,E0 01 00 00 00 00 00 00,........,False,True,True
2026-02-11T14:54:00.438050,592.459578,RX,0x000,128,00 38 9B 71 80 02 00 00,.8.q....,False,False,False
2026-02-11T14:54:00.438050,592.459578,RX,0x000,0,,,False,False,False
2026-02-11T14:54:00.438050,592.459578,RX,0x1E0,0,,,False,False,False
2026-02-11T14:54:00.438050,592.459578,RX,0x000,128,E0 01 00 00 00 00 00 00,........,False,True,True
2026-02-11T14:54:00.439101,592.460629,RX,0x000,128,00 38 9B 71 80 02 00 00,.8.q....,False,False,False
2026-02-11T14:54:00.439101,592.460629,RX,0x000,0,,,False,False,False
2026-02-11T14:54:00.439101,592.460629,RX,0x1E0,0,,,False,False,False
2026-02-11T14:54:00.439101,592.460629,RX,0x000,128,E0 01 00 00 00 00 00 00,........,False,True,True
2026-02-11T14:54:00.439101,592.460629,RX,0x000,128,00 38 9B 71 80 02 00 00,.8.q....,False,False,False
2026-02-11T14:54:00.439101,592.460629,RX,0x000,0,,,False,False,False
2026-02-11T14:54:00.439101,592.460629,RX,0x1E0,0,,,False,False,False
2026-02-11T14:54:00.440121,592.461649,RX,0x000,128,E0 01 00 00 00 00 00 00,........,False,True,True
2026-02-11T14:54:00.440121,592.461649,RX,0x000,128,00 38 9B 71 80 02 00 00,.8.q....,False,False,False
2026-02-11T14:54:00.440121,592.461649,RX,0x000,0,,,False,False,False
2026-02-11T14:54:00.440121,592.461649,RX,0x1E0,0,,,False,False,False
2026-02-11T14:54:00.441306,592.462834,RX,0x000,128,E0 01 00 00 00 00 00 00,........,False,True,True
2026-02-11T14:54:00.441306,592.462834,RX,0x000,128,00 38 9B 71 80 02 00 00,.8.q....,False,False,False
2026-02-11T14:54:00.441306,592.462834,RX,0x000,0,,,False,False,False
2026-02-11T14:54:00.441306,592.462834,RX,0x1E0,0,,,False,False,False
2026-02-11T14:54:00.441306,592.462834,RX,0x000,128,E0 01 00 00 00 00 00 00,........,False,True,True
2026-02-11T14:54:00.441306,592.462834,RX,0x000,128,00 38 9B 71 80 02 00 00,.8.q....,False,False,False
2026-02-11T14:54:00.441306,592.462834,RX,0x000,0,,,False,False,False
2026-02-11T14:54:00.441306,592.462834,RX,0x1E0,0,,,False,False,False
2026-02-11T14:54:00.441306,592.462834,RX,0x000,128,E0 01 00 00 00 00 00 00,........,False,True,True
2026-02-11T14:54:00.441306,592.462834,RX,0x000,128,00 38 9B 71 80 02 00 00,.8.q....,False,False,False
2026-02-11T14:54:00.442335,592.463863,RX,0x000,0,,,False,False,False
2026-02-11T14:54:00.442335,592.463863,RX,0x1E0,0,,,False,False,False
2026-02-11T14:54:00.442335,592.463863,RX,0x000,128,E0 01 00 00 00 00 00 00,........,False,True,True
2026-02-11T14:54:00.442335,592.463863,RX,0x000,128,00 38 9B 71 80 02 00 00,.8.q....,False,False,False
2026-02-11T14:54:00.442335,592.463863,RX,0x000,0,,,False,False,False
2026-02-11T14:54:00.442335,592.463863,RX,0x1E0,0,,,False,False,False
2026-02-11T14:54:00.442335,592.463863,RX,0x000,128,E0 01 00 00 00 00 00 00,........,False,True,True
2026-02-11T14:54:00.442335,592.463863,RX,0x000,128,00 38 9B 71 80 02 00 00,.8.q....,False,False,False
2026-02-11T14:54:00.443352,592.463863,RX,0x000,0,,,False,False,False
2026-02-11T14:54:00.443352,592.464880,RX,0x1E0,0,,,False,False,False
2026-02-11T14:54:00.443352,592.464880,RX,0x000,128,E0 01 00 00 00 00 00 00,........,False,True,True
2026-02-11T14:54:00.443352,592.464880,RX,0x000,128,00 38 9B 71 80 02 00 00,.8.q....,False,False,False
2026-02-11T14:54:00.443352,592.464880,RX,0x000,0,,,False,False,False
2026-02-11T14:54:00.443352,592.464880,RX,0x1E0,0,,,False,False,False
2026-02-11T14:54:00.443352,592.464880,RX,0x000,128,E0 01 00 00 00 00 00 00,........,False,True,True
2026-02-11T14:54:00.443352,592.464880,RX,0x000,128,00 38 9B 71 80 02 00 00,.8.q....,False,False,False
2026-02-11T14:54:00.443352,592.464880,RX,0x000,0,,,False,False,False
2026-02-11T14:54:00.443352,592.464880,RX,0x1E0,0,,,False,False,False
2026-02-11T14:54:00.443352,592.464880,RX,0x000,128,E0 01 00 00 00 00 00 00,........,False,True,True
2026-02-11T14:54:00.443352,592.464880,RX,0x000,128,00 38 9B 71 80 02 00 00,.8.q....,False,False,False
2026-02-11T14:54:00.443352,592.464880,RX,0x000,0,,,False,False,False
2026-02-11T14:54:00.443352,592.464880,RX,0x1E0,0,,,False,False,False
2026-02-11T14:54:00.443352,592.464880,RX,0x000,128,E0 01 00 00 00 00 00 00,........,False,True,True
2026-02-11T14:54:00.443352,592.464880,RX,0x000,128,00 38 9B 71 80 02 00 00,.8.q....,False,False,False
2026-02-11T14:54:00.444372,592.465900,RX,0x000,0,,,False,False,False
2026-02-11T14:54:00.444372,592.465900,RX,0x1E0,0,,,False,False,False
2026-02-11T14:54:00.444372,592.465900,RX,0x000,128,E0 01 00 00 00 00 00 00,........,False,True,True
2026-02-11T14:54:00.444372,592.465900,RX,0x000,128,00 38 9B 71 80 02 00 00,.8.q....,False,False,False
2026-02-11T14:54:00.444372,592.465900,RX,0x000,0,,,False,False,False
2026-02-11T14:54:00.444372,592.465900,RX,0x1E0,0,,,False,False,False
2026-02-11T14:54:00.444372,592.465900,RX,0x000,128,E0 01 00 00 00 00 00 00,........,False,True,True
2026-02-11T14:54:00.444372,592.465900,RX,0x000,128,00 38 9B 71 80 02 00 00,.8.q....,False,False,False
2026-02-11T14:54:00.444372,592.465900,RX,0x000,0,,,False,False,False
2026-02-11T14:54:00.444372,592.465900,RX,0x1E0,0,,,False,False,False
2026-02-11T14:54:00.444372,592.465900,RX,0x000,128,E0 01 00 00 00 00 00 00,........,False,True,True
2026-02-11T14:54:00.444372,592.465900,RX,0x000,128,00 38 9B 71 80 02 00 00,.8.q....,False,False,False
2026-02-11T14:54:00.444372,592.465900,RX,0x000,0,,,False,False,False
2026-02-11T14:54:00.444372,592.465900,RX,0x1E0,0,,,False,False,False
2026-02-11T14:54:00.444372,592.465900,RX,0x000,128,E0 01 00 00 00 00 00 00,........,False,True,True
2026-02-11T14:54:00.445388,592.466916,RX,0x000,128,00 38 9B 71 80 02 00 00,.8.q....,False,False,False
2026-02-11T14:54:00.445388,592.466916,RX,0x000,0,,,False,False,False
2026-02-11T14:54:00.445388,592.466916,RX,0x1E0,0,,,False,False,False
2026-02-11T14:54:00.445388,592.466916,RX,0x000,128,E0 01 00 00 00 00 00 00,........,False,True,True
2026-02-11T14:54:00.445388,592.466916,RX,0x000,128,00 38 9B 71 80 02 00 00,.8.q....,False,False,False
2026-02-11T14:54:00.445388,592.466916,RX,0x000,0,,,False,False,False
2026-02-11T14:54:00.445388,592.466916,RX,0x1E0,0,,,False,False,False
2026-02-11T14:54:00.445388,592.466916,RX,0x000,128,E0 01 00 00 00 00 00 00,........,False,True,True
2026-02-11T14:54:00.445388,592.466916,RX,0x000,128,00 38 9B 71 80 02 00 00,.8.q....,False,False,False
2026-02-11T14:54:00.445388,592.466916,RX,0x000,0,,,False,False,False
2026-02-11T14:54:00.445388,592.466916,RX,0x1E0,0,,,False,False,False
2026-02-11T14:54:00.445388,592.466916,RX,0x000,128,E0 01 00 00 00 00 00 00,........,False,True,True
2026-02-11T14:54:00.445388,592.466916,RX,0x000,128,00 38 9B 71 80 02 00 00,.8.q....,False,False,False
2026-02-11T14:54:00.445388,592.466916,RX,0x000,0,,,False,False,False
2026-02-11T14:54:00.445388,592.466916,RX,0x1E0,0,,,False,False,False
2026-02-11T14:54:00.445388,592.466916,RX,0x000,128,E0 01 00 00 00 00 00 00,........,False,True,True
2026-02-11T14:54:00.446406,592.467934,RX,0x000,128,00 38 9B 71 80 02 00 00,.8.q....,False,False,False
2026-02-11T14:54:00.446406,592.467934,RX,0x000,0,,,False,False,False
2026-02-11T14:54:00.446406,592.467934,RX,0x1E0,0,,,False,False,False
2026-02-11T14:54:00.446406,592.467934,RX,0x000,128,E0 01 00 00 00 00 00 00,........,False,True,True
2026-02-11T14:54:00.446406,592.467934,RX,0x000,128,00 38 9B 71 80 02 00 00,.8.q....,False,False,False
2026-02-11T14:54:00.446406,592.467934,RX,0x000,0,,,False,False,False
2026-02-11T14:54:00.446406,592.467934,RX,0x1E0,0,,,False,False,False
2026-02-11T14:54:00.446406,592.467934,RX,0x000,128,E0 01 00 00 00 00 00 00,........,False,True,True
2026-02-11T14:54:00.446406,592.467934,RX,0x000,128,00 38 9B 71 80 02 00 00,.8.q....,False,False,False
2026-02-11T14:54:00.446406,592.467934,RX,0x000,0,,,False,False,False
2026-02-11T14:54:00.446406,592.467934,RX,0x1E0,0,,,False,False,False
2026-02-11T14:54:00.446406,592.467934,RX,0x000,128,E0 01 00 00 00 00 00 00,........,False,True,True
2026-02-11T14:54:00.446406,592.467934,RX,0x000,128,00 38 9B 71 80 02 00 00,.8.q....,False,False,False
2026-02-11T14:54:00.446406,592.467934,RX,0x000,0,,,False,False,False
2026-02-11T14:54:00.446406,592.467934,RX,0x1E0,0,,,False,False,False
2026-02-11T14:54:00.446406,592.467934,RX,0x000,128,E0 01 00 00 00 00 00 00,........,False,True,True
2026-02-11T14:54:00.447913,592.469441,RX,0x000,128,00 38 9B 71 80 02 00 00,.8.q....,False,False,False
2026-02-11T14:54:00.447913,592.469441,RX,0x000,0,,,False,False,False
2026-02-11T14:54:00.447913,592.469441,RX,0x1E0,0,,,False,False,False
2026-02-11T14:54:00.447913,592.469441,RX,0x000,128,E0 01 00 00 00 00 00 00,........,False,True,True
2026-02-11T14:54:00.447913,592.469441,RX,0x000,128,00 38 9B 71 80 02 00 00,.8.q....,False,False,False
2026-02-11T14:54:00.447913,592.469441,RX,0x000,0,,,False,False,False
2026-02-11T14:54:00.447913,592.469441,RX,0x1E0,0,,,False,False,False
2026-02-11T14:54:00.447913,592.469441,RX,0x000,128,E0 01 00 00 00 00 00 00,........,False,True,True
2026-02-11T14:54:00.447913,592.469441,RX,0x000,128,00 38 9B 71 80 02 00 00,.8.q....,False,False,False
2026-02-11T14:54:00.447913,592.469441,RX,0x000,0,,,False,False,False
2026-02-11T14:54:00.448958,592.470486,RX,0x1E0,0,,,False,False,False
2026-02-11T14:54:00.448958,592.470486,RX,0x000,128,E0 01 00 00 00 00 00 00,........,False,True,True
2026-02-11T14:54:00.448958,592.470486,RX,0x000,128,00 38 9B 71 80 02 00 00,.8.q....,False,False,False
2026-02-11T14:54:00.448958,592.470486,RX,0x000,0,,,False,False,False
2026-02-11T14:54:00.448958,592.470486,RX,0x1E0,0,,,False,False,False
2026-02-11T14:54:00.448958,592.470486,RX,0x000,128,E0 01 00 00 00 00 00 00,........,False,True,True
2026-02-11T14:54:00.448958,592.470486,RX,0x000,128,00 38 9B 71 80 02 00 00,.8.q....,False,False,False
2026-02-11T14:54:00.448958,592.470486,RX,0x000,0,,,False,False,False
2026-02-11T14:54:00.448958,592.470486,RX,0x1E0,0,,,False,False,False
2026-02-11T14:54:00.448958,592.470486,RX,0x000,128,E0 01 00 00 00 00 00 00,........,False,True,True
2026-02-11T14:54:00.448958,592.470486,RX,0x000,128,00 38 9B 71 80 02 00 00,.8.q....,False,False,False
2026-02-11T14:54:00.448958,592.470486,RX,0x000,0,,,False,False,False
2026-02-11T14:54:00.448958,592.470486,RX,0x1E0,0,,,False,False,False
2026-02-11T14:54:00.449978,592.471506,RX,0x000,128,E0 01 00 00 00 00 00 00,........,False,True,True
2026-02-11T14:54:00.449978,592.471506,RX,0x000,128,00 38 9B 71 80 02 00 00,.8.q....,False,False,False
2026-02-11T14:54:00.449978,592.471506,RX,0x000,0,,,False,False,False
2026-02-11T14:54:00.449978,592.471506,RX,0x1E0,0,,,False,False,False
2026-02-11T14:54:00.450975,592.472503,RX,0x000,128,E0 01 00 00 00 00 00 00,........,False,True,True
2026-02-11T14:54:00.450975,592.472503,RX,0x000,128,00 38 9B 71 80 02 00 00,.8.q....,False,False,False
2026-02-11T14:54:00.451487,592.473015,RX,0x000,0,,,False,False,False
2026-02-11T14:54:00.451487,592.473015,RX,0x1E0,0,,,False,False,False
2026-02-11T14:54:00.451487,592.473015,RX,0x000,128,E0 01 00 00 00 00 00 00,........,False,True,True
2026-02-11T14:54:00.451487,592.473015,RX,0x000,128,00 38 9B 71 80 02 00 00,.8.q....,False,False,False
2026-02-11T14:54:00.451487,592.473015,RX,0x000,0,,,False,False,False
2026-02-11T14:54:00.451487,592.473015,RX,0x1E0,0,,,False,False,False
2026-02-11T14:54:00.452502,592.474030,RX,0x000,128,E0 01 00 00 00 00 00 00,........,False,True,True
2026-02-11T14:54:00.452502,592.474030,RX,0x000,128,00 38 9B 71 80 02 00 00,.8.q....,False,False,False
2026-02-11T14:54:00.452502,592.474030,RX,0x000,0,,,False,False,False
2026-02-11T14:54:00.452502,592.474030,RX,0x1E0,0,,,False,False,False
2026-02-11T14:54:00.452502,592.474030,RX,0x000,128,E0 01 00 00 00 00 00 00,........,False,True,True
2026-02-11T14:54:00.452502,592.474030,RX,0x000,128,00 38 9B 71 80 02 00 00,.8.q....,False,False,False
2026-02-11T14:54:00.453516,592.475044,RX,0x000,0,,,False,False,False
2026-02-11T14:54:00.453516,592.475044,RX,0x1E0,0,,,False,False,False
2026-02-11T14:54:00.453516,592.475044,RX,0x000,128,E0 01 00 00 00 00 00 00,........,False,True,True
2026-02-11T14:54:00.453516,592.475044,RX,0x000,128,00 38 9B 71 80 02 00 00,.8.q....,False,False,False
2026-02-11T14:54:00.453516,592.475044,RX,0x000,0,,,False,False,False
2026-02-11T14:54:00.453516,592.475044,RX,0x1E0,0,,,False,False,False
2026-02-11T14:54:00.453516,592.475044,RX,0x000,128,E0 01 00 00 00 00 00 00,........,False,True,True
2026-02-11T14:54:00.453516,592.475044,RX,0x000,128,00 38 9B 71 80 02 00 00,.8.q....,False,False,False
2026-02-11T14:54:00.453516,592.475044,RX,0x000,0,,,False,False,False
2026-02-11T14:54:00.453516,592.475044,RX,0x1E0,0,,,False,False,False
2026-02-11T14:54:00.453516,592.475044,RX,0x000,128,E0 01 00 00 00 00 00 00,........,False,True,True
2026-02-11T14:54:00.453516,592.475044,RX,0x000,128,00 38 9B 71 80 02 00 00,.8.q....,False,False,False
2026-02-11T14:54:00.454524,592.476052,RX,0x000,0,,,False,False,False
2026-02-11T14:54:00.454524,592.476052,RX,0x1E0,0,,,False,False,False
2026-02-11T14:54:00.454524,592.476052,RX,0x000,128,E0 01 00 00 00 00 00 00,........,False,True,True
2026-02-11T14:54:00.454524,592.476052,RX,0x000,128,00 38 9B 71 80 02 00 00,.8.q....,False,False,False
2026-02-11T14:54:00.454524,592.476052,RX,0x000,0,,,False,False,False
2026-02-11T14:54:00.454524,592.476052,RX,0x1E0,0,,,False,False,False
2026-02-11T14:54:00.454524,592.476052,RX,0x000,128,E0 01 00 00 00 00 00 00,........,False,True,True
2026-02-11T14:54:00.454524,592.476052,RX,0x000,128,00 38 9B 71 80 02 00 00,.8.q....,False,False,False
2026-02-11T14:54:00.454524,592.476052,RX,0x000,0,,,False,False,False
2026-02-11T14:54:00.454524,592.476052,RX,0x1E0,0,,,False,False,False
2026-02-11T14:54:00.454524,592.476052,RX,0x000,128,E0 01 00 00 00 00 00 00,........,False,True,True
2026-02-11T14:54:00.454524,592.476052,RX,0x000,128,00 38 9B 71 80 02 00 00,.8.q....,False,False,False
2026-02-11T14:54:00.454524,592.476052,RX,0x000,0,,,False,False,False
2026-02-11T14:54:00.454524,592.476052,RX,0x1E0,0,,,False,False,False
2026-02-11T14:54:00.455537,592.477066,RX,0x000,128,E0 01 00 00 00 00 00 00,........,False,True,True
2026-02-11T14:54:00.455537,592.477066,RX,0x000,128,00 38 9B 71 80 02 00 00,.8.q....,False,False,False
2026-02-11T14:54:00.455537,592.477066,RX,0x000,0,,,False,False,False
2026-02-11T14:54:00.455537,592.477066,RX,0x1E0,0,,,False,False,False
2026-02-11T14:54:00.455537,592.477066,RX,0x000,128,E0 01 00 00 00 00 00 00,........,False,True,True
2026-02-11T14:54:00.455537,592.477066,RX,0x000,128,00 38 9B 71 80 02 00 00,.8.q....,False,False,False
2026-02-11T14:54:00.455537,592.477066,RX,0x000,0,,,False,False,False
2026-02-11T14:54:00.455537,592.477066,RX,0x1E0,0,,,False,False,False
2026-02-11T14:54:00.455537,592.477066,RX,0x000,128,E0 01 00 00 00 00 00 00,........,False,True,True
2026-02-11T14:54:00.456551,592.478079,RX,0x000,128,00 38 9B 71 80 02 00 00,.8.q....,False,False,False
2026-02-11T14:54:00.456551,592.478079,RX,0x000,0,,,False,False,False
2026-02-11T14:54:00.456551,592.478079,RX,0x1E0,0,,,False,False,False
2026-02-11T14:54:00.456551,592.478079,RX,0x000,128,E0 01 00 00 00 00 00 00,........,False,True,True
2026-02-11T14:54:00.456551,592.478079,RX,0x000,128,00 38 9B 71 80 02 00 00,.8.q....,False,False,False
2026-02-11T14:54:00.456551,592.478079,RX,0x000,0,,,False,False,False
2026-02-11T14:54:00.456551,592.478079,RX,0x1E0,0,,,False,False,False
2026-02-11T14:54:00.456551,592.478079,RX,0x000,128,E0 01 00 00 00 00 00 00,........,False,True,True
2026-02-11T14:54:00.456551,592.478079,RX,0x000,128,00 38 9B 71 80 02 00 00,.8.q....,False,False,False
2026-02-11T14:54:00.456551,592.478079,RX,0x000,0,,,False,False,False
2026-02-11T14:54:00.456551,592.478079,RX,0x1E0,0,,,False,False,False
2026-02-11T14:54:00.456551,592.478079,RX,0x000,128,E0 01 00 00 00 00 00 00,........,False,True,True
2026-02-11T14:54:00.456551,592.478079,RX,0x000,128,00 38 9B 71 80 02 00 00,.8.q....,False,False,False
2026-02-11T14:54:00.456551,592.478079,RX,0x000,0,,,False,False,False
2026-02-11T14:54:00.456551,592.478079,RX,0x1E0,0,,,False,False,False
2026-02-11T14:54:00.456551,592.478079,RX,0x000,128,E0 01 00 00 00 00 00 00,........,False,True,True
2026-02-11T14:54:00.456551,592.478079,RX,0x000,128,00 38 9B 71 80 02 00 00,.8.q....,False,False,False
2026-02-11T14:54:00.456551,592.478079,RX,0x000,0,,,False,False,False
2026-02-11T14:54:00.456551,592.478079,RX,0x1E0,0,,,False,False,False
2026-02-11T14:54:00.456551,592.478079,RX,0x000,128,E0 01 00 00 00 00 00 00,........,False,True,True
2026-02-11T14:54:00.456551,592.478079,RX,0x000,128,00 38 9B 71 80 02 00 00,.8.q....,False,False,False
2026-02-11T14:54:00.456551,592.478079,RX,0x000,0,,,False,False,False
2026-02-11T14:54:00.456551,592.478079,RX,0x1E0,0,,,False,False,False
2026-02-11T14:54:00.458063,592.479591,RX,0x000,128,E0 01 00 00 00 00 00 00,........,False,True,True
2026-02-11T14:54:00.458063,592.479591,RX,0x000,128,00 38 9B 71 80 02 00 00,.8.q....,False,False,False
2026-02-11T14:54:00.458063,592.479591,RX,0x000,0,,,False,False,False
2026-02-11T14:54:00.458063,592.479591,RX,0x1E0,0,,,False,False,False
2026-02-11T14:54:00.458063,592.479591,RX,0x000,128,E0 01 00 00 00 00 00 00,........,False,True,True
2026-02-11T14:54:00.458063,592.479591,RX,0x000,128,00 38 9B 71 80 02 00 00,.8.q....,False,False,False
2026-02-11T14:54:00.458063,592.479591,RX,0x000,0,,,False,False,False
2026-02-11T14:54:00.458063,592.479591,RX,0x1E0,0,,,False,False,False
2026-02-11T14:54:00.458063,592.479591,RX,0x000,128,E0 01 00 00 00 00 00 00,........,False,True,True
2026-02-11T14:54:00.458063,592.479591,RX,0x000,128,00 38 9B 71 80 02 00 00,.8.q....,False,False,False
2026-02-11T14:54:00.458063,592.479591,RX,0x000,0,,,False,False,False
2026-02-11T14:54:00.458063,592.479591,RX,0x1E0,0,,,False,False,False
2026-02-11T14:54:00.458063,592.479591,RX,0x000,128,E0 01 00 00 00 00 00 00,........,False,True,True
2026-02-11T14:54:00.459097,592.480625,RX,0x000,128,00 38 9B 71 80 02 00 00,.8.q....,False,False,False
2026-02-11T14:54:00.459097,592.480625,RX,0x000,0,,,False,False,False
2026-02-11T14:54:00.459097,592.480625,RX,0x1E0,0,,,False,False,False
2026-02-11T14:54:00.459097,592.480625,RX,0x000,128,E0 01 00 00 00 00 00 00,........,False,True,True
2026-02-11T14:54:00.459097,592.480625,RX,0x000,128,00 38 9B 71 80 02 00 00,.8.q....,False,False,False
2026-02-11T14:54:00.459097,592.480625,RX,0x000,0,,,False,False,False
2026-02-11T14:54:00.459097,592.480625,RX,0x1E0,0,,,False,False,False
2026-02-11T14:54:00.459097,592.480625,RX,0x000,128,E0 01 00 00 00 00 00 00,........,False,True,True
2026-02-11T14:54:00.460094,592.480625,RX,0x000,128,00 38 9B 71 80 02 00 00,.8.q....,False,False,False
2026-02-11T14:54:00.460094,592.481622,RX,0x000,0,,,False,False,False
2026-02-11T14:54:00.460094,592.481622,RX,0x1E0,0,,,False,False,False
2026-02-11T14:54:00.460094,592.481622,RX,0x000,128,E0 01 00 00 00 00 00 00,........,False,True,True
2026-02-11T14:54:00.460094,592.481622,RX,0x000,128,00 38 9B 71 80 02 00 00,.8.q....,False,False,False
2026-02-11T14:54:00.460094,592.481622,RX,0x000,0,,,False,False,False
2026-02-11T14:54:00.460094,592.481622,RX,0x1E0,0,,,False,False,False
2026-02-11T14:54:00.460607,592.482135,RX,0x000,128,E0 01 00 00 00 00 00 00,........,False,True,True
2026-02-11T14:54:00.460607,592.482135,RX,0x000,128,00 38 9B 71 80 02 00 00,.8.q....,False,False,False
2026-02-11T14:54:00.460607,592.482135,RX,0x000,0,,,False,False,False
2026-02-11T14:54:00.460607,592.482135,RX,0x1E0,0,,,False,False,False
2026-02-11T14:54:00.460607,592.482135,RX,0x000,128,E0 01 00 00 00 00 00 00,........,False,True,True
2026-02-11T14:54:00.460607,592.482135,RX,0x000,128,00 38 9B 71 80 02 00 00,.8.q....,False,False,False
2026-02-11T14:54:00.460607,592.482135,RX,0x000,0,,,False,False,False
2026-02-11T14:54:00.460607,592.482135,RX,0x1E0,0,,,False,False,False
2026-02-11T14:54:00.460607,592.482135,RX,0x000,128,E0 01 00 00 00 00 00 00,........,False,True,True
2026-02-11T14:54:00.460607,592.482135,RX,0x000,128,00 38 9B 71 80 02 00 00,.8.q....,False,False,False
2026-02-11T14:54:00.460607,592.482135,RX,0x000,0,,,False,False,False
2026-02-11T14:54:00.460607,592.482135,RX,0x1E0,0,,,False,False,False
2026-02-11T14:54:00.460607,592.482135,RX,0x000,128,E0 01 00 00 00 00 00 00,........,False,True,True
2026-02-11T14:54:00.460607,592.482135,RX,0x000,128,00 38 9B 71 80 02 00 00,.8.q....,False,False,False
2026-02-11T14:54:00.460607,592.482135,RX,0x000,0,,,False,False,False
2026-02-11T14:54:00.460607,592.482135,RX,0x1E0,0,,,False,False,False
2026-02-11T14:54:00.460607,592.482135,RX,0x000,128,E0 01 00 00 00 00 00 00,........,False,True,True
2026-02-11T14:54:00.462115,592.483643,RX,0x000,128,00 38 9B 71 80 02 00 00,.8.q....,False,False,False
2026-02-11T14:54:00.462115,592.483643,RX,0x000,0,,,False,False,False
2026-02-11T14:54:00.462115,592.483643,RX,0x1E0,0,,,False,False,False
2026-02-11T14:54:00.462115,592.483643,RX,0x000,128,E0 01 00 00 00 00 00 00,........,False,True,True
2026-02-11T14:54:00.462115,592.483643,RX,0x000,128,00 38 9B 71 80 02 00 00,.8.q....,False,False,False
2026-02-11T14:54:00.462115,592.483643,RX,0x000,0,,,False,False,False
2026-02-11T14:54:00.462115,592.483643,RX,0x1E0,0,,,False,False,False
2026-02-11T14:54:00.462115,592.483643,RX,0x000,128,E0 01 00 00 00 00 00 00,........,False,True,True
2026-02-11T14:54:00.462115,592.483643,RX,0x000,128,00 38 9B 71 80 02 00 00,.8.q....,False,False,False
2026-02-11T14:54:00.462115,592.483643,RX,0x000,0,,,False,False,False
2026-02-11T14:54:00.462115,592.483643,RX,0x1E0,0,,,False,False,False
2026-02-11T14:54:00.462115,592.483643,RX,0x000,128,E0 01 00 00 00 00 00 00,........,False,True,True
2026-02-11T14:54:00.462115,592.483643,RX,0x000,128,00 38 9B 71 80 02 00 00,.8.q....,False,False,False
2026-02-11T14:54:00.462115,592.483643,RX,0x000,0,,,False,False,False
2026-02-11T14:54:00.462115,592.483643,RX,0x1E0,0,,,False,False,False
2026-02-11T14:54:00.462115,592.483643,RX,0x000,128,E0 01 00 00 00 00 00 00,........,False,True,True
2026-02-11T14:54:00.462115,592.483643,RX,0x000,128,00 38 9B 71 80 02 00 00,.8.q....,False,False,False
2026-02-11T14:54:00.463142,592.484670,RX,0x000,0,,,False,False,False
2026-02-11T14:54:00.463142,592.484670,RX,0x1E0,0,,,False,False,False
2026-02-11T14:54:00.463142,592.484670,RX,0x000,128,E0 01 00 00 00 00 00 00,........,False,True,True
2026-02-11T14:54:00.463142,592.484670,RX,0x000,128,00 38 9B 71 80 02 00 00,.8.q....,False,False,False
2026-02-11T14:54:00.463142,592.484670,RX,0x000,0,,,False,False,False
2026-02-11T14:54:00.463142,592.484670,RX,0x1E0,0,,,False,False,False
2026-02-11T14:54:00.463142,592.484670,RX,0x000,128,E0 01 00 00 00 00 00 00,........,False,True,True
2026-02-11T14:54:00.463142,592.484670,RX,0x000,128,00 38 9B 71 80 02 00 00,.8.q....,False,False,False
2026-02-11T14:54:00.463142,592.484670,RX,0x000,0,,,False,False,False
2026-02-11T14:54:00.463142,592.484670,RX,0x1E0,0,,,False,False,False
2026-02-11T14:54:00.463142,592.484670,RX,0x000,128,E0 01 00 00 00 00 00 00,........,False,True,True
2026-02-11T14:54:00.463142,592.484670,RX,0x000,128,00 38 9B 71 80 02 00 00,.8.q....,False,False,False
2026-02-11T14:54:00.463142,592.484670,RX,0x000,0,,,False,False,False
2026-02-11T14:54:00.463142,592.484670,RX,0x1E0,0,,,False,False,False
2026-02-11T14:54:00.463142,592.484670,RX,0x000,128,E0 01 00 00 00 00 00 00,........,False,True,True
2026-02-11T14:54:00.463142,592.484670,RX,0x000,128,00 38 9B 71 80 02 00 00,.8.q....,False,False,False
2026-02-11T14:54:00.463142,592.484670,RX,0x000,0,,,False,False,False
2026-02-11T14:54:00.463142,592.484670,RX,0x1E0,0,,,False,False,False
2026-02-11T14:54:00.463142,592.484670,RX,0x000,128,E0 01 00 00 00 00 00 00,........,False,True,True
2026-02-11T14:54:00.464204,592.485732,RX,0x000,128,00 38 9B 71 80 02 00 00,.8.q....,False,False,False
2026-02-11T14:54:00.464204,592.485732,RX,0x000,0,,,False,False,False
2026-02-11T14:54:00.464204,592.485732,RX,0x1E0,0,,,False,False,False
2026-02-11T14:54:00.464204,592.485732,RX,0x000,128,E0 01 00 00 00 00 00 00,........,False,True,True
2026-02-11T14:54:00.464204,592.485732,RX,0x000,128,00 38 9B 71 80 02 00 00,.8.q....,False,False,False
2026-02-11T14:54:00.464204,592.485732,RX,0x000,0,,,False,False,False
2026-02-11T14:54:00.464204,592.485732,RX,0x1E0,0,,,False,False,False
2026-02-11T14:54:00.464204,592.485732,RX,0x000,128,E0 01 00 00 00 00 00 00,........,False,True,True
2026-02-11T14:54:00.464204,592.485732,RX,0x000,128,00 38 9B 71 80 02 00 00,.8.q....,False,False,False
2026-02-11T14:54:00.464204,592.485732,RX,0x000,0,,,False,False,False
2026-02-11T14:54:00.464204,592.485732,RX,0x1E0,0,,,False,False,False
2026-02-11T14:54:00.464204,592.485732,RX,0x000,128,E0 01 00 00 00 00 00 00,........,False,True,True
2026-02-11T14:54:00.464204,592.485732,RX,0x000,128,00 38 9B 71 80 02 00 00,.8.q....,False,False,False
2026-02-11T14:54:00.464204,592.485732,RX,0x000,0,,,False,False,False
2026-02-11T14:54:00.465224,592.486752,RX,0x1E0,0,,,False,False,False
2026-02-11T14:54:00.465224,592.486752,RX,0x000,128,E0 01 00 00 00 00 00 00,........,False,True,True
2026-02-11T14:54:00.465224,592.486752,RX,0x000,128,00 38 9B 71 80 02 00 00,.8.q....,False,False,False
2026-02-11T14:54:00.465224,592.486752,RX,0x000,0,,,False,False,False
2026-02-11T14:54:00.465224,592.486752,RX,0x1E0,0,,,False,False,False
2026-02-11T14:54:00.465224,592.486752,RX,0x000,128,E0 01 00 00 00 00 00 00,........,False,True,True
2026-02-11T14:54:00.466447,592.487975,RX,0x000,128,00 38 9B 71 80 02 00 00,.8.q....,False,False,False
2026-02-11T14:54:00.466447,592.487975,RX,0x000,0,,,False,False,False
2026-02-11T14:54:00.466447,592.487975,RX,0x1E0,0,,,False,False,False
2026-02-11T14:54:00.466447,592.487975,RX,0x000,128,E0 01 00 00 00 00 00 00,........,False,True,True
2026-02-11T14:54:00.466447,592.487975,RX,0x000,128,00 38 9B 71 80 02 00 00,.8.q....,False,False,False
2026-02-11T14:54:00.466447,592.487975,RX,0x000,0,,,False,False,False
2026-02-11T14:54:00.466447,592.487975,RX,0x1E0,0,,,False,False,False
2026-02-11T14:54:00.466447,592.487975,RX,0x000,128,E0 01 00 00 00 00 00 00,........,False,True,True
2026-02-11T14:54:00.466447,592.487975,RX,0x000,128,00 38 9B 71 80 02 00 00,.8.q....,False,False,False
2026-02-11T14:54:00.466447,592.487975,RX,0x000,0,,,False,False,False
2026-02-11T14:54:00.466447,592.487975,RX,0x1E0,0,,,False,False,False
2026-02-11T14:54:00.467954,592.489482,RX,0x000,128,E0 01 00 00 00 00 00 00,........,False,True,True
2026-02-11T14:54:00.467954,592.489482,RX,0x000,128,00 38 9B 71 80 02 00 00,.8.q....,False,False,False
2026-02-11T14:54:00.467954,592.489482,RX,0x000,0,,,False,False,False
2026-02-11T14:54:00.467954,592.489482,RX,0x1E0,0,,,False,False,False
2026-02-11T14:54:00.467954,592.489482,RX,0x000,128,E0 01 00 00 00 00 00 00,........,False,True,True
2026-02-11T14:54:00.467954,592.489482,RX,0x000,128,00 38 9B 71 80 02 00 00,.8.q....,False,False,False
2026-02-11T14:54:00.467954,592.489482,RX,0x000,0,,,False,False,False
2026-02-11T14:54:00.467954,592.489482,RX,0x1E0,0,,,False,False,False
2026-02-11T14:54:00.468976,592.490505,RX,0x000,128,E0 01 00 00 00 00 00 00,........,False,True,True
2026-02-11T14:54:00.468976,592.490505,RX,0x000,128,00 38 9B 71 80 02 00 00,.8.q....,False,False,False
2026-02-11T14:54:00.468976,592.490505,RX,0x000,0,,,False,False,False
2026-02-11T14:54:00.468976,592.490505,RX,0x1E0,0,,,False,False,False
2026-02-11T14:54:00.468976,592.490505,RX,0x000,128,E0 01 00 00 00 00 00 00,........,False,True,True
2026-02-11T14:54:00.468976,592.490505,RX,0x000,128,00 38 9B 71 80 02 00 00,.8.q....,False,False,False
2026-02-11T14:54:00.468976,592.490505,RX,0x000,0,,,False,False,False
2026-02-11T14:54:00.468976,592.490505,RX,0x1E0,0,,,False,False,False
2026-02-11T14:54:00.468976,592.490505,RX,0x000,128,E0 01 00 00 00 00 00 00,........,False,True,True
2026-02-11T14:54:00.468976,592.490505,RX,0x000,128,00 38 9B 71 80 02 00 00,.8.q....,False,False,False
2026-02-11T14:54:00.468976,592.490505,RX,0x000,0,,,False,False,False
2026-02-11T14:54:00.468976,592.490505,RX,0x1E0,0,,,False,False,False
2026-02-11T14:54:00.468976,592.490505,RX,0x000,128,E0 01 00 00 00 00 00 00,........,False,True,True
2026-02-11T14:54:00.468976,592.490505,RX,0x000,128,00 38 9B 71 80 02 00 00,.8.q....,False,False,False
2026-02-11T14:54:00.469977,592.491505,RX,0x000,0,,,False,False,False
2026-02-11T14:54:00.469977,592.491505,RX,0x1E0,0,,,False,False,False
2026-02-11T14:54:00.469977,592.491505,RX,0x000,128,E0 01 00 00 00 00 00 00,........,False,True,True
2026-02-11T14:54:00.469977,592.491505,RX,0x000,128,00 38 9B 71 80 02 00 00,.8.q....,False,False,False
2026-02-11T14:54:00.469977,592.491505,RX,0x000,0,,,False,False,False
2026-02-11T14:54:00.469977,592.491505,RX,0x1E0,0,,,False,False,False
2026-02-11T14:54:00.469977,592.491505,RX,0x000,128,E0 01 00 00 00 00 00 00,........,False,True,True
2026-02-11T14:54:00.469977,592.491505,RX,0x000,128,00 38 9B 71 80 02 00 00,.8.q....,False,False,False
2026-02-11T14:54:00.469977,592.491505,RX,0x000,0,,,False,False,False
2026-02-11T14:54:00.469977,592.491505,RX,0x1E0,0,,,False,False,False
2026-02-11T14:54:00.469977,592.491505,RX,0x000,128,E0 01 00 00 00 00 00 00,........,False,True,True
2026-02-11T14:54:00.469977,592.491505,RX,0x000,128,00 38 9B 71 80 02 00 00,.8.q....,False,False,False
2026-02-11T14:54:00.469977,592.491505,RX,0x000,0,,,False,False,False
2026-02-11T14:54:00.469977,592.491505,RX,0x1E0,0,,,False,False,False
2026-02-11T14:54:00.469977,592.491505,RX,0x000,128,E0 01 00 00 00 00 00 00,........,False,True,True
2026-02-11T14:54:00.470977,592.492505,RX,0x000,128,00 38 9B 71 80 02 00 00,.8.q....,False,False,False
2026-02-11T14:54:00.470977,592.492505,RX,0x000,0,,,False,False,False
2026-02-11T14:54:00.470977,592.492505,RX,0x1E0,0,,,False,False,False
2026-02-11T14:54:00.470977,592.492505,RX,0x000,128,E0 01 00 00 00 00 00 00,........,False,True,True
2026-02-11T14:54:00.470977,592.492505,RX,0x000,128,00 38 9B 71 80 02 00 00,.8.q....,False,False,False
2026-02-11T14:54:00.470977,592.492505,RX,0x000,0,,,False,False,False
2026-02-11T14:54:00.470977,592.492505,RX,0x1E0,0,,,False,False,False
2026-02-11T14:54:00.470977,592.492505,RX,0x000,128,E0 01 00 00 00 00 00 00,........,False,True,True
2026-02-11T14:54:00.470977,592.492505,RX,0x000,128,00 38 9B 71 80 02 00 00,.8.q....,False,False,False
2026-02-11T14:54:00.470977,592.492505,RX,0x000,0,,,False,False,False
2026-02-11T14:54:00.470977,592.492505,RX,0x1E0,0,,,False,False,False
2026-02-11T14:54:00.470977,592.492505,RX,0x000,128,E0 01 00 00 00 00 00 00,........,False,True,True
2026-02-11T14:54:00.470977,592.492505,RX,0x000,128,00 38 9B 71 80 02 00 00,.8.q....,False,False,False
2026-02-11T14:54:00.470977,592.492505,RX,0x000,0,,,False,False,False
2026-02-11T14:54:00.470977,592.492505,RX,0x1E0,0,,,False,False,False
2026-02-11T14:54:00.470977,592.492505,RX,0x000,128,E0 01 00 00 00 00 00 00,........,False,True,True
2026-02-11T14:54:00.470977,592.492505,RX,0x000,128,00 38 9B 71 80 02 00 00,.8.q....,False,False,False
2026-02-11T14:54:00.470977,592.492505,RX,0x000,0,,,False,False,False
2026-02-11T14:54:00.471979,592.493507,RX,0x1E0,0,,,False,False,False
2026-02-11T14:54:00.471979,592.493507,RX,0x000,128,E0 01 00 00 00 00 00 00,........,False,True,True
2026-02-11T14:54:00.471979,592.493507,RX,0x000,128,00 38 9B 71 80 02 00 00,.8.q....,False,False,False
2026-02-11T14:54:00.471979,592.493507,RX,0x000,0,,,False,False,False
2026-02-11T14:54:00.471979,592.493507,RX,0x1E0,0,,,False,False,False
2026-02-11T14:54:00.471979,592.493507,RX,0x000,128,E0 01 00 00 00 00 00 00,........,False,True,True
2026-02-11T14:54:00.471979,592.493507,RX,0x000,128,00 38 9B 71 80 02 00 00,.8.q....,False,False,False
2026-02-11T14:54:00.471979,592.493507,RX,0x000,0,,,False,False,False
2026-02-11T14:54:00.471979,592.493507,RX,0x1E0,0,,,False,False,False
2026-02-11T14:54:00.471979,592.493507,RX,0x000,128,E0 01 00 00 00 00 00 00,........,False,True,True
2026-02-11T14:54:00.471979,592.493507,RX,0x000,128,00 38 9B 71 80 02 00 00,.8.q....,False,False,False
2026-02-11T14:54:00.471979,592.493507,RX,0x000,0,,,False,False,False
2026-02-11T14:54:00.471979,592.493507,RX,0x1E0,0,,,False,False,False
2026-02-11T14:54:00.472983,592.494511,RX,0x000,128,E0 01 00 00 00 00 00 00,........,False,True,True
2026-02-11T14:54:00.472983,592.494511,RX,0x000,128,00 38 9B 71 80 02 00 00,.8.q....,False,False,False
2026-02-11T14:54:00.472983,592.494511,RX,0x000,0,,,False,False,False
2026-02-11T14:54:00.472983,592.494511,RX,0x1E0,0,,,False,False,False
2026-02-11T14:54:00.472983,592.494511,RX,0x000,128,E0 01 00 00 00 00 00 00,........,False,True,True
2026-02-11T14:54:00.472983,592.494511,RX,0x000,128,00 38 9B 71 80 02 00 00,.8.q....,False,False,False
2026-02-11T14:54:00.472983,592.494511,RX,0x000,0,,,False,False,False
2026-02-11T14:54:00.472983,592.494511,RX,0x1E0,0,,,False,False,False
2026-02-11T14:54:00.472983,592.494511,RX,0x000,128,E0 01 00 00 00 00 00 00,........,False,True,True
2026-02-11T14:54:00.472983,592.494511,RX,0x000,128,00 38 9B 71 80 02 00 00,.8.q....,False,False,False
2026-02-11T14:54:00.472983,592.494511,RX,0x000,0,,,False,False,False
2026-02-11T14:54:00.472983,592.494511,RX,0x1E0,0,,,False,False,False
2026-02-11T14:54:00.472983,592.494511,RX,0x000,128,E0 01 00 00 00 00 00 00,........,False,True,True
2026-02-11T14:54:00.472983,592.494511,RX,0x000,128,00 38 9B 71 80 02 00 00,.8.q....,False,False,False
2026-02-11T14:54:00.472983,592.494511,RX,0x000,0,,,False,False,False
2026-02-11T14:54:00.472983,592.494511,RX,0x1E0,0,,,False,False,False
2026-02-11T14:54:00.472983,592.494511,RX,0x000,128,E0 01 00 00 00 00 00 00,........,False,True,True
2026-02-11T14:54:00.472983,592.494511,RX,0x000,128,00 38 9B 71 80 02 00 00,.8.q....,False,False,False
2026-02-11T14:54:00.472983,592.494511,RX,0x000,0,,,False,False,False
2026-02-11T14:54:00.473979,592.495507,RX,0x1E0,0,,,False,False,False
2026-02-11T14:54:00.473979,592.495507,RX,0x000,128,E0 01 00 00 00 00 00 00,........,False,True,True
2026-02-11T14:54:00.473979,592.495507,RX,0x000,128,00 38 9B 71 80 02 00 00,.8.q....,False,False,False
2026-02-11T14:54:00.473979,592.495507,RX,0x000,0,,,False,False,False
2026-02-11T14:54:00.473979,592.495507,RX,0x1E0,0,,,False,False,False
2026-02-11T14:54:00.473979,592.495507,RX,0x000,128,E0 01 00 00 00 00 00 00,........,False,True,True
2026-02-11T14:54:00.473979,592.495507,RX,0x000,128,00 38 9B 71 80 02 00 00,.8.q....,False,False,False
2026-02-11T14:54:00.473979,592.495507,RX,0x000,0,,,False,False,False
2026-02-11T14:54:00.473979,592.495507,RX,0x1E0,0,,,False,False,False
2026-02-11T14:54:00.473979,592.495507,RX,0x000,128,E0 01 00 00 00 00 00 00,........,False,True,True
2026-02-11T14:54:00.473979,592.495507,RX,0x000,128,00 38 9B 71 80 02 00 00,.8.q....,False,False,False
2026-02-11T14:54:00.474979,592.496507,RX,0x000,0,,,False,False,False
2026-02-11T14:54:00.474979,592.496507,RX,0x1E0,0,,,False,False,False
2026-02-11T14:54:00.474979,592.496507,RX,0x000,128,E0 01 00 00 00 00 00 00,........,False,True,True
2026-02-11T14:54:00.474979,592.496507,RX,0x000,128,00 38 9B 71 80 02 00 00,.8.q....,False,False,False
2026-02-11T14:54:00.474979,592.496507,RX,0x000,0,,,False,False,False
2026-02-11T14:54:00.474979,592.496507,RX,0x1E0,0,,,False,False,False
2026-02-11T14:54:00.474979,592.496507,RX,0x000,128,E0 01 00 00 00 00 00 00,........,False,True,True
2026-02-11T14:54:00.474979,592.496507,RX,0x000,128,00 38 9B 71 80 02 00 00,.8.q....,False,False,False
2026-02-11T14:54:00.474979,592.496507,RX,0x000,0,,,False,False,False
2026-02-11T14:54:00.474979,592.496507,RX,0x1E0,0,,,False,False,False
2026-02-11T14:54:00.474979,592.496507,RX,0x000,128,E0 01 00 00 00 00 00 00,........,False,True,True
2026-02-11T14:54:00.474979,592.496507,RX,0x000,128,00 38 9B 71 80 02 00 00,.8.q....,False,False,False
2026-02-11T14:54:00.474979,592.496507,RX,0x000,0,,,False,False,False
2026-02-11T14:54:00.474979,592.496507,RX,0x1E0,0,,,False,False,False
2026-02-11T14:54:00.474979,592.496507,RX,0x000,128,E0 01 00 00 00 00 00 00,........,False,True,True
2026-02-11T14:54:00.474979,592.496507,RX,0x000,128,00 38 9B 71 80 02 00 00,.8.q....,False,False,False
2026-02-11T14:54:00.474979,592.496507,RX,0x000,0,,,False,False,False
2026-02-11T14:54:00.474979,592.496507,RX,0x1E0,0,,,False,False,False
2026-02-11T14:54:00.474979,592.496507,RX,0x000,128,E0 01 00 00 00 00 00 00,........,False,True,True
2026-02-11T14:54:00.474979,592.496507,RX,0x000,128,00 38 9B 71 80 02 00 00,.8.q....,False,False,False
2026-02-11T14:54:00.474979,592.496507,RX,0x000,0,,,False,False,False
2026-02-11T14:54:00.475979,592.497507,RX,0x1E0,0,,,False,False,False
2026-02-11T14:54:00.475979,592.497507,RX,0x000,128,E0 01 00 00 00 00 00 00,........,False,True,True
2026-02-11T14:54:00.475979,592.497507,RX,0x000,128,00 38 9B 71 80 02 00 00,.8.q....,False,False,False
2026-02-11T14:54:00.475979,592.497507,RX,0x000,0,,,False,False,False
2026-02-11T14:54:00.475979,592.497507,RX,0x1E0,0,,,False,False,False
2026-02-11T14:54:00.475979,592.497507,RX,0x000,128,E0 01 00 00 00 00 00 00,........,False,True,True
2026-02-11T14:54:00.475979,592.497507,RX,0x000,128,00 38 9B 71 80 02 00 00,.8.q....,False,False,False
2026-02-11T14:54:00.475979,592.497507,RX,0x000,0,,,False,False,False
2026-02-11T14:54:00.475979,592.497507,RX,0x1E0,0,,,False,False,False
2026-02-11T14:54:00.475979,592.497507,RX,0x000,128,E0 01 00 00 00 00 00 00,........,False,True,True
2026-02-11T14:54:00.475979,592.497507,RX,0x000,128,00 38 9B 71 80 02 00 00,.8.q....,False,False,False
2026-02-11T14:54:00.475979,592.497507,RX,0x000,0,,,False,False,False
2026-02-11T14:54:00.475979,592.497507,RX,0x1E0,0,,,False,False,False
2026-02-11T14:54:00.475979,592.497507,RX,0x000,128,E0 01 00 00 00 00 00 00,........,False,True,True
2026-02-11T14:54:00.475979,592.497507,RX,0x000,128,00 38 9B 71 80 02 00 00,.8.q....,False,False,False
2026-02-11T14:54:00.475979,592.497507,RX,0x000,0,,,False,False,False
2026-02-11T14:54:00.475979,592.497507,RX,0x1E0,0,,,False,False,False
2026-02-11T14:54:00.475979,592.497507,RX,0x000,128,E0 01 00 00 00 00 00 00,........,False,True,True
2026-02-11T14:54:00.475979,592.497507,RX,0x000,128,00 38 9B 71 80 02 00 00,.8.q....,False,False,False
2026-02-11T14:54:00.475979,592.497507,RX,0x000,0,,,False,False,False
2026-02-11T14:54:00.475979,592.497507,RX,0x1E0,0,,,False,False,False
2026-02-11T14:54:00.476980,592.498508,RX,0x000,128,E0 01 00 00 00 00 00 00,........,False,True,True
2026-02-11T14:54:00.476980,592.498508,RX,0x000,128,00 38 9B 71 80 02 00 00,.8.q....,False,False,False
2026-02-11T14:54:00.476980,592.498508,RX,0x000,0,,,False,False,False
2026-02-11T14:54:00.476980,592.498508,RX,0x1E0,0,,,False,False,False
2026-02-11T14:54:00.476980,592.498508,RX,0x000,128,E0 01 00 00 00 00 00 00,........,False,True,True
2026-02-11T14:54:00.476980,592.498508,RX,0x000,128,00 38 9B 71 80 02 00 00,.8.q....,False,False,False
2026-02-11T14:54:00.476980,592.498508,RX,0x000,0,,,False,False,False
2026-02-11T14:54:00.476980,592.498508,RX,0x1E0,0,,,False,False,False
2026-02-11T14:54:00.476980,592.498508,RX,0x000,128,E0 01 00 00 00 00 00 00,........,False,True,True
2026-02-11T14:54:00.477486,592.499014,RX,0x000,128,00 38 9B 71 80 02 00 00,.8.q....,False,False,False
2026-02-11T14:54:00.477486,592.499014,RX,0x000,0,,,False,False,False
2026-02-11T14:54:00.477486,592.499014,RX,0x1E0,0,,,False,False,False
2026-02-11T14:54:00.477486,592.499014,RX,0x000,128,E0 01 00 00 00 00 00 00,........,False,True,True
2026-02-11T14:54:00.477486,592.499014,RX,0x000,128,00 38 9B 71 80 02 00 00,.8.q....,False,False,False
2026-02-11T14:54:00.477486,592.499014,RX,0x000,0,,,False,False,False
2026-02-11T14:54:00.477486,592.499014,RX,0x1E0,0,,,False,False,False
2026-02-11T14:54:00.477486,592.499014,RX,0x000,128,E0 01 00 00 00 00 00 00,........,False,True,True
2026-02-11T14:54:00.477486,592.499014,RX,0x000,128,00 38 9B 71 80 02 00 00,.8.q....,False,False,False
2026-02-11T14:54:00.477486,592.499014,RX,0x000,0,,,False,False,False
2026-02-11T14:54:00.477992,592.499520,RX,0x1E0,0,,,False,False,False
2026-02-11T14:54:00.477992,592.499520,RX,0x000,128,E0 01 00 00 00 00 00 00,........,False,True,True
2026-02-11T14:54:00.477992,592.499520,RX,0x000,128,00 38 9B 71 80 02 00 00,.8.q....,False,False,False
2026-02-11T14:54:00.477992,592.499520,RX,0x000,0,,,False,False,False
2026-02-11T14:54:00.477992,592.499520,RX,0x1E0,0,,,False,False,False
2026-02-11T14:54:00.477992,592.499520,RX,0x000,128,E0 01 00 00 00 00 00 00,........,False,True,True
2026-02-11T14:54:00.477992,592.499520,RX,0x000,128,00 38 9B 71 80 02 00 00,.8.q....,False,False,False
2026-02-11T14:54:00.477992,592.499520,RX,0x000,0,,,False,False,False
2026-02-11T14:54:00.477992,592.499520,RX,0x1E0,0,,,False,False,False
2026-02-11T14:54:00.477992,592.499520,RX,0x000,128,E0 01 00 00 00 00 00 00,........,False,True,True
2026-02-11T14:54:00.477992,592.499520,RX,0x000,128,00 38 9B 71 80 02 00 00,.8.q....,False,False,False
2026-02-11T14:54:00.477992,592.499520,RX,0x000,0,,,False,False,False
2026-02-11T14:54:00.477992,592.499520,RX,0x1E0,0,,,False,False,False
2026-02-11T14:54:00.477992,592.499520,RX,0x000,128,E0 01 00 00 00 00 00 00,........,False,True,True
2026-02-11T14:54:00.477992,592.499520,RX,0x000,128,00 38 9B 71 80 02 00 00,.8.q....,False,False,False
2026-02-11T14:54:00.477992,592.499520,RX,0x000,0,,,False,False,False
2026-02-11T14:54:00.477992,592.499520,RX,0x1E0,0,,,False,False,False
2026-02-11T14:54:00.477992,592.499520,RX,0x000,128,E0 01 00 00 00 00 00 00,........,False,True,True
2026-02-11T14:54:00.477992,592.499520,RX,0x000,128,00 38 9B 71 80 02 00 00,.8.q....,False,False,False
2026-02-11T14:54:00.477992,592.499520,RX,0x000,0,,,False,False,False
2026-02-11T14:54:00.479020,592.499520,RX,0x1E0,0,,,False,False,False
2026-02-11T14:54:00.479020,592.500548,RX,0x000,128,E0 01 00 00 00 00 00 00,........,False,True,True
2026-02-11T14:54:00.479020,592.500548,RX,0x000,128,00 38 9B 71 80 02 00 00,.8.q....,False,False,False
2026-02-11T14:54:00.479020,592.500548,RX,0x000,0,,,False,False,False
2026-02-11T14:54:00.479020,592.500548,RX,0x1E0,0,,,False,False,False
2026-02-11T14:54:00.479020,592.500548,RX,0x000,128,E0 01 00 00 00 00 00 00,........,False,True,True
2026-02-11T14:54:00.479020,592.500548,RX,0x000,128,00 38 9B 71 80 02 00 00,.8.q....,False,False,False
2026-02-11T14:54:00.479020,592.500548,RX,0x000,0,,,False,False,False
2026-02-11T14:54:00.479020,592.500548,RX,0x1E0,0,,,False,False,False
2026-02-11T14:54:00.479020,592.500548,RX,0x000,128,E0 01 00 00 00 00 00 00,........,False,True,True
2026-02-11T14:54:00.479020,592.500548,RX,0x000,128,00 38 9B 71 80 02 00 00,.8.q....,False,False,False
2026-02-11T14:54:00.479020,592.500548,RX,0x000,0,,,False,False,False
2026-02-11T14:54:00.479020,592.500548,RX,0x1E0,0,,,False,False,False
2026-02-11T14:54:00.479020,592.500548,RX,0x000,128,E0 01 00 00 00 00 00 00,........,False,True,True
2026-02-11T14:54:00.480020,592.501548,RX,0x000,128,00 38 9B 71 80 02 00 00,.8.q....,False,False,False
2026-02-11T14:54:00.480020,592.501548,RX,0x000,0,,,False,False,False
2026-02-11T14:54:00.480020,592.501548,RX,0x1E0,0,,,False,False,False
2026-02-11T14:54:00.480020,592.501548,RX,0x000,128,E0 01 00 00 00 00 00 00,........,False,True,True
2026-02-11T14:54:00.480020,592.501548,RX,0x000,128,00 38 9B 71 80 02 00 00,.8.q....,False,False,False
2026-02-11T14:54:00.480020,592.501548,RX,0x000,0,,,False,False,False
2026-02-11T14:54:00.480020,592.501548,RX,0x1E0,0,,,False,False,False
2026-02-11T14:54:00.480020,592.501548,RX,0x000,128,E0 01 00 00 00 00 00 00,........,False,True,True
2026-02-11T14:54:00.480020,592.501548,RX,0x000,128,00 38 9B 71 80 02 00 00,.8.q....,False,False,False
2026-02-11T14:54:00.480020,592.501548,RX,0x000,0,,,False,False,False
2026-02-11T14:54:00.480020,592.501548,RX,0x1E0,0,,,False,False,False
2026-02-11T14:54:00.480020,592.501548,RX,0x000,128,E0 01 00 00 00 00 00 00,........,False,True,True
2026-02-11T14:54:00.480020,592.501548,RX,0x000,128,00 38 9B 71 80 02 00 00,.8.q....,False,False,False
2026-02-11T14:54:00.480020,592.501548,RX,0x000,0,,,False,False,False
2026-02-11T14:54:00.480020,592.501548,RX,0x1E0,0,,,False,False,False
2026-02-11T14:54:00.480020,592.501548,RX,0x000,128,E0 01 00 00 00 00 00 00,........,False,True,True
2026-02-11T14:54:00.480020,592.501548,RX,0x000,128,00 38 9B 71 80 02 00 00,.8.q....,False,False,False
2026-02-11T14:54:00.481020,592.502548,RX,0x000,0,,,False,False,False
2026-02-11T14:54:00.481020,592.502548,RX,0x1E0,0,,,False,False,False
2026-02-11T14:54:00.481020,592.502548,RX,0x000,128,E0 01 00 00 00 00 00 00,........,False,True,True
2026-02-11T14:54:00.481020,592.502548,RX,0x000,128,00 38 9B 71 80 02 00 00,.8.q....,False,False,False
2026-02-11T14:54:00.481020,592.502548,RX,0x000,0,,,False,False,False
2026-02-11T14:54:00.481020,592.502548,RX,0x1E0,0,,,False,False,False
2026-02-11T14:54:00.481020,592.502548,RX,0x000,128,E0 01 00 00 00 00 00 00,........,False,True,True
2026-02-11T14:54:00.481020,592.502548,RX,0x000,128,00 38 9B 71 80 02 00 00,.8.q....,False,False,False
2026-02-11T14:54:00.481020,592.502548,RX,0x000,0,,,False,False,False
2026-02-11T14:54:00.481020,592.502548,RX,0x1E0,0,,,False,False,False
2026-02-11T14:54:00.481020,592.502548,RX,0x000,128,E0 01 00 00 00 00 00 00,........,False,True,True
2026-02-11T14:54:00.482023,592.503551,RX,0x000,128,00 38 9B 71 80 02 00 00,.8.q....,False,False,False
2026-02-11T14:54:00.482023,592.503551,RX,0x000,0,,,False,False,False
2026-02-11T14:54:00.482023,592.503551,RX,0x1E0,0,,,False,False,False
2026-02-11T14:54:00.482023,592.503551,RX,0x000,128,E0 01 00 00 00 00 00 00,........,False,True,True
2026-02-11T14:54:00.482023,592.503551,RX,0x000,128,00 38 9B 71 80 02 00 00,.8.q....,False,False,False
2026-02-11T14:54:00.482023,592.503551,RX,0x000,0,,,False,False,False
2026-02-11T14:54:00.482023,592.503551,RX,0x1E0,0,,,False,False,False
2026-02-11T14:54:00.482023,592.503551,RX,0x000,128,E0 01 00 00 00 00 00 00,........,False,True,True
2026-02-11T14:54:00.482023,592.503551,RX,0x000,128,00 38 9B 71 80 02 00 00,.8.q....,False,False,False
2026-02-11T14:54:00.482023,592.503551,RX,0x000,0,,,False,False,False
2026-02-11T14:54:00.482023,592.503551,RX,0x1E0,0,,,False,False,False
2026-02-11T14:54:00.482023,592.503551,RX,0x000,128,E0 01 00 00 00 00 00 00,........,False,True,True
2026-02-11T14:54:00.482023,592.503551,RX,0x000,128,00 38 9B 71 80 02 00 00,.8.q....,False,False,False
2026-02-11T14:54:00.482023,592.503551,RX,0x000,0,,,False,False,False
2026-02-11T14:54:00.482023,592.503551,RX,0x1E0,0,,,False,False,False
2026-02-11T14:54:00.482023,592.503551,RX,0x000,128,E0 01 00 00 00 00 00 00,........,False,True,True
2026-02-11T14:54:00.482023,592.503551,RX,0x000,128,00 38 9B 71 80 02 00 00,.8.q....,False,False,False
2026-02-11T14:54:00.483359,592.504887,RX,0x000,0,,,False,False,False
2026-02-11T14:54:00.483359,592.504887,RX,0x1E0,0,,,False,False,False
2026-02-11T14:54:00.483359,592.504887,RX,0x000,128,E0 01 00 00 00 00 00 00,........,False,True,True
2026-02-11T14:54:00.483359,592.504887,RX,0x000,128,00 38 9B 71 80 02 00 00,.8.q....,False,False,False
2026-02-11T14:54:00.483359,592.504887,RX,0x000,0,,,False,False,False
2026-02-11T14:54:00.483359,592.504887,RX,0x1E0,0,,,False,False,False
2026-02-11T14:54:00.483359,592.504887,RX,0x000,128,E0 01 00 00 00 00 00 00,........,False,True,True
2026-02-11T14:54:00.483359,592.504887,RX,0x000,128,00 38 9B 71 80 02 00 00,.8.q....,False,False,False
2026-02-11T14:54:00.483359,592.504887,RX,0x000,0,,,False,False,False
2026-02-11T14:54:00.483359,592.504887,RX,0x1E0,0,,,False,False,False
2026-02-11T14:54:00.483359,592.504887,RX,0x000,128,E0 01 00 00 00 00 00 00,........,False,True,True
2026-02-11T14:54:00.483359,592.504887,RX,0x000,128,00 38 9B 71 80 02 00 00,.8.q....,False,False,False
2026-02-11T14:54:00.483359,592.504887,RX,0x000,0,,,False,False,False
2026-02-11T14:54:00.483359,592.504887,RX,0x1E0,0,,,False,False,False
2026-02-11T14:54:00.483359,592.504887,RX,0x000,128,E0 01 00 00 00 00 00 00,........,False,True,True
2026-02-11T14:54:00.484442,592.505970,RX,0x000,128,00 38 9B 71 80 02 00 00,.8.q....,False,False,False
2026-02-11T14:54:00.484442,592.505970,RX,0x000,0,,,False,False,False
2026-02-11T14:54:00.484442,592.505970,RX,0x1E0,0,,,False,False,False
2026-02-11T14:54:00.484442,592.505970,RX,0x000,128,E0 01 00 00 00 00 00 00,........,False,True,True
2026-02-11T14:54:00.484442,592.505970,RX,0x000,128,00 38 9B 71 80 02 00 00,.8.q....,False,False,False
2026-02-11T14:54:00.484442,592.505970,RX,0x000,0,,,False,False,False
2026-02-11T14:54:00.484442,592.505970,RX,0x1E0,0,,,False,False,False
2026-02-11T14:54:00.484442,592.505970,RX,0x000,128,E0 01 00 00 00 00 00 00,........,False,True,True
2026-02-11T14:54:00.484442,592.505970,RX,0x000,128,00 38 9B 71 80 02 00 00,.8.q....,False,False,False
2026-02-11T14:54:00.484442,592.505970,RX,0x000,0,,,False,False,False
2026-02-11T14:54:00.484442,592.505970,RX,0x1E0,0,,,False,False,False
2026-02-11T14:54:00.485465,592.506993,RX,0x000,128,E0 01 00 00 00 00 00 00,........,False,True,True
2026-02-11T14:54:00.485465,592.506993,RX,0x000,128,00 38 9B 71 80 02 00 00,.8.q....,False,False,False
2026-02-11T14:54:00.485465,592.506993,RX,0x000,0,,,False,False,False
2026-02-11T14:54:00.485465,592.506993,RX,0x1E0,0,,,False,False,False
2026-02-11T14:54:00.485465,592.506993,RX,0x000,128,E0 01 00 00 00 00 00 00,........,False,True,True
2026-02-11T14:54:00.485465,592.506993,RX,0x000,128,00 38 9B 71 80 02 00 00,.8.q....,False,False,False
2026-02-11T14:54:00.485465,592.506993,RX,0x000,0,,,False,False,False
2026-02-11T14:54:00.485465,592.506993,RX,0x1E0,0,,,False,False,False
2026-02-11T14:54:00.485465,592.506993,RX,0x000,128,E0 01 00 00 00 00 00 00,........,False,True,True
2026-02-11T14:54:00.485465,592.506993,RX,0x000,128,00 38 9B 71 80 02 00 00,.8.q....,False,False,False
2026-02-11T14:54:00.485465,592.506993,RX,0x000,0,,,False,False,False
2026-02-11T14:54:00.485465,592.506993,RX,0x1E0,0,,,False,False,False
2026-02-11T14:54:00.485465,592.506993,RX,0x000,128,E0 01 00 00 00 00 00 00,........,False,True,True
2026-02-11T14:54:00.485465,592.506993,RX,0x000,128,00 38 9B 71 80 02 00 00,.8.q....,False,False,False
2026-02-11T14:54:00.485465,592.506993,RX,0x000,0,,,False,False,False
2026-02-11T14:54:00.485465,592.506993,RX,0x1E0,0,,,False,False,False
2026-02-11T14:54:00.485465,592.506993,RX,0x000,128,E0 01 00 00 00 00 00 00,........,False,True,True
2026-02-11T14:54:00.485465,592.506993,RX,0x000,128,00 38 9B 71 80 02 00 00,.8.q....,False,False,False
2026-02-11T14:54:00.485465,592.506993,RX,0x000,0,,,False,False,False
2026-02-11T14:54:00.485465,592.506993,RX,0x1E0,0,,,False,False,False
2026-02-11T14:54:00.485465,592.506993,RX,0x000,128,E0 01 00 00 00 00 00 00,........,False,True,True
2026-02-11T14:54:00.486802,592.506993,RX,0x000,128,00 38 9B 71 80 02 00 00,.8.q....,False,False,False
2026-02-11T14:54:00.486802,592.508330,RX,0x000,0,,,False,False,False
2026-02-11T14:54:00.486802,592.508330,RX,0x1E0,0,,,False,False,False
2026-02-11T14:54:00.486802,592.508330,RX,0x000,128,E0 01 00 00 00 00 00 00,........,False,True,True
2026-02-11T14:54:00.486802,592.508330,RX,0x000,128,00 38 9B 71 80 02 00 00,.8.q....,False,False,False
2026-02-11T14:54:00.486802,592.508330,RX,0x000,0,,,False,False,False
2026-02-11T14:54:00.486802,592.508330,RX,0x1E0,0,,,False,False,False
2026-02-11T14:54:00.486802,592.508330,RX,0x000,128,E0 01 00 00 00 00 00 00,........,False,True,True
2026-02-11T14:54:00.486802,592.508330,RX,0x000,128,00 38 9B 71 80 02 00 00,.8.q....,False,False,False
2026-02-11T14:54:00.486802,592.508330,RX,0x000,0,,,False,False,False
2026-02-11T14:54:00.486802,592.508330,RX,0x1E0,0,,,False,False,False
2026-02-11T14:54:00.486802,592.508330,RX,0x000,128,E0 01 00 00 00 00 00 00,........,False,True,True
2026-02-11T14:54:00.486802,592.508330,RX,0x000,128,00 38 9B 71 80 02 00 00,.8.q....,False,False,False
2026-02-11T14:54:00.488323,592.509851,RX,0x000,0,,,False,False,False
2026-02-11T14:54:00.488323,592.509851,RX,0x1E0,0,,,False,False,False
2026-02-11T14:54:00.488323,592.509851,RX,0x000,128,E0 01 00 00 00 00 00 00,........,False,True,True
2026-02-11T14:54:00.488323,592.509851,RX,0x000,128,00 38 9B 71 80 02 00 00,.8.q....,False,False,False
2026-02-11T14:54:00.488323,592.509851,RX,0x000,0,,,False,False,False
2026-02-11T14:54:00.488323,592.509851,RX,0x1E0,0,,,False,False,False
2026-02-11T14:54:00.488323,592.509851,RX,0x000,128,E0 01 00 00 00 00 00 00,........,False,True,True
2026-02-11T14:54:00.488323,592.509851,RX,0x000,128,00 38 9B 71 80 02 00 00,.8.q....,False,False,False
2026-02-11T14:54:00.488323,592.509851,RX,0x000,0,,,False,False,False
2026-02-11T14:54:00.488323,592.509851,RX,0x1E0,0,,,False,False,False
2026-02-11T14:54:00.488323,592.509851,RX,0x000,128,E0 01 00 00 00 00 00 00,........,False,True,True
2026-02-11T14:54:00.488323,592.509851,RX,0x000,128,00 38 9B 71 80 02 00 00,.8.q....,False,False,False
2026-02-11T14:54:00.488323,592.509851,RX,0x000,0,,,False,False,False
2026-02-11T14:54:00.488323,592.509851,RX,0x1E0,0,,,False,False,False
2026-02-11T14:54:00.489389,592.509851,RX,0x000,128,E0 01 00 00 00 00 00 00,........,False,True,True
2026-02-11T14:54:00.489389,592.510916,RX,0x000,128,00 38 9B 71 80 02 00 00,.8.q....,False,False,False
2026-02-11T14:54:00.489389,592.510916,RX,0x000,0,,,False,False,False
2026-02-11T14:54:00.489389,592.510916,RX,0x1E0,0,,,False,False,False
2026-02-11T14:54:00.489389,592.510916,RX,0x000,128,E0 01 00 00 00 00 00 00,........,False,True,True
2026-02-11T14:54:00.489389,592.510916,RX,0x000,128,00 38 9B 71 80 02 00 00,.8.q....,False,False,False
2026-02-11T14:54:00.489389,592.510916,RX,0x000,0,,,False,False,False
2026-02-11T14:54:00.489389,592.510916,RX,0x1E0,0,,,False,False,False
2026-02-11T14:54:00.489389,592.510916,RX,0x000,128,E0 01 00 00 00 00 00 00,........,False,True,True
2026-02-11T14:54:00.489389,592.510916,RX,0x000,128,00 38 9B 71 80 02 00 00,.8.q....,False,False,False
2026-02-11T14:54:00.489389,592.510916,RX,0x000,0,,,False,False,False
2026-02-11T14:54:00.489389,592.510916,RX,0x1E0,0,,,False,False,False
2026-02-11T14:54:00.489389,592.510916,RX,0x000,128,E0 01 00 00 00 00 00 00,........,False,True,True
2026-02-11T14:54:00.489389,592.510916,RX,0x000,128,00 38 9B 71 80 02 00 00,.8.q....,False,False,False
2026-02-11T14:54:00.489389,592.510916,RX,0x000,0,,,False,False,False
2026-02-11T14:54:00.489389,592.510916,RX,0x1E0,0,,,False,False,False
2026-02-11T14:54:00.489389,592.510916,RX,0x000,128,E0 01 00 00 00 00 00 00,........,False,True,True
2026-02-11T14:54:00.489389,592.510916,RX,0x000,128,00 38 9B 71 80 02 00 00,.8.q....,False,False,False
2026-02-11T14:54:00.489389,592.510916,RX,0x000,0,,,False,False,False
2026-02-11T14:54:00.489389,592.510916,RX,0x1E0,0,,,False,False,False
2026-02-11T14:54:00.489389,592.510916,RX,0x000,128,E0 01 00 00 00 00 00 00,........,False,True,True
2026-02-11T14:54:00.489389,592.510916,RX,0x000,128,00 38 9B 71 80 02 00 00,.8.q....,False,False,False
2026-02-11T14:54:00.489389,592.510916,RX,0x000,0,,,False,False,False
2026-02-11T14:54:00.489389,592.510916,RX,0x1E0,0,,,False,False,False
2026-02-11T14:54:00.489389,592.510916,RX,0x000,128,E0 01 00 00 00 00 00 00,........,False,True,True
2026-02-11T14:54:00.489389,592.510916,RX,0x000,128,00 38 9B 71 80 02 00 00,.8.q....,False,False,False
2026-02-11T14:54:00.489389,592.510916,RX,0x000,0,,,False,False,False
2026-02-11T14:54:00.489389,592.510916,RX,0x1E0,0,,,False,False,False
2026-02-11T14:54:00.489389,592.510916,RX,0x000,128,E0 01 00 00 00 00 00 00,........,False,True,True
2026-02-11T14:54:00.489389,592.510916,RX,0x000,128,00 38 9B 71 80 02 00 00,.8.q....,False,False,False
2026-02-11T14:54:00.489389,592.510916,RX,0x000,0,,,False,False,False
2026-02-11T14:54:00.489389,592.510916,RX,0x1E0,0,,,False,False,False
2026-02-11T14:54:00.489389,592.510916,RX,0x000,128,E0 01 00 00 00 00 00 00,........,False,True,True
2026-02-11T14:54:00.489389,592.510916,RX,0x000,128,00 38 9B 71 80 02 00 00,.8.q....,False,False,False
2026-02-11T14:54:00.489389,592.510916,RX,0x000,0,,,False,False,False
2026-02-11T14:54:00.489389,592.510916,RX,0x1E0,0,,,False,False,False
2026-02-11T14:54:00.489389,592.510916,RX,0x000,128,E0 01 00 00 00 00 00 00,........,False,True,True
2026-02-11T14:54:00.491839,592.513367,RX,0x000,128,00 38 9B 71 80 02 00 00,.8.q....,False,False,False
2026-02-11T14:54:00.491839,592.513367,RX,0x000,0,,,False,False,False
2026-02-11T14:54:00.491839,592.513367,RX,0x1E0,0,,,False,False,False
2026-02-11T14:54:00.491839,592.513367,RX,0x000,128,E0 01 00 00 00 00 00 00,........,False,True,True
2026-02-11T14:54:00.491839,592.513367,RX,0x000,128,00 38 9B 71 80 02 00 00,.8.q....,False,False,False
2026-02-11T14:54:00.491839,592.513367,RX,0x000,0,,,False,False,False
2026-02-11T14:54:00.491839,592.513367,RX,0x1E0,0,,,False,False,False
2026-02-11T14:54:00.491839,592.513367,RX,0x000,128,E0 01 00 00 00 00 00 00,........,False,True,True
2026-02-11T14:54:00.491839,592.513367,RX,0x000,128,00 38 9B 71 80 02 00 00,.8.q....,False,False,False
2026-02-11T14:54:00.492420,592.513948,RX,0x000,0,,,False,False,False
2026-02-11T14:54:00.492420,592.513948,RX,0x1E0,0,,,False,False,False
2026-02-11T14:54:00.492420,592.513948,RX,0x000,128,E0 01 00 00 00 00 00 00,........,False,True,True
2026-02-11T14:54:00.492420,592.513948,RX,0x000,128,00 38 9B 71 80 02 00 00,.8.q....,False,False,False
2026-02-11T14:54:00.492420,592.513948,RX,0x000,0,,,False,False,False
2026-02-11T14:54:00.492420,592.513948,RX,0x1E0,0,,,False,False,False
2026-02-11T14:54:00.492420,592.513948,RX,0x000,128,E0 01 00 00 00 00 00 00,........,False,True,True
2026-02-11T14:54:00.492420,592.513948,RX,0x000,128,00 38 9B 71 80 02 00 00,.8.q....,False,False,False
2026-02-11T14:54:00.492420,592.513948,RX,0x000,0,,,False,False,False
2026-02-11T14:54:00.492420,592.513948,RX,0x1E0,0,,,False,False,False
2026-02-11T14:54:00.492420,592.513948,RX,0x000,128,E0 01 00 00 00 00 00 00,........,False,True,True
2026-02-11T14:54:00.492420,592.513948,RX,0x000,128,00 38 9B 71 80 02 00 00,.8.q....,False,False,False
2026-02-11T14:54:00.492420,592.513948,RX,0x000,0,,,False,False,False
2026-02-11T14:54:00.492420,592.513948,RX,0x1E0,0,,,False,False,False
2026-02-11T14:54:00.492420,592.513948,RX,0x000,128,E0 01 00 00 00 00 00 00,........,False,True,True
2026-02-11T14:54:00.492420,592.513948,RX,0x000,128,00 38 9B 71 80 02 00 00,.8.q....,False,False,False
2026-02-11T14:54:00.493450,592.514978,RX,0x000,0,,,False,False,False
2026-02-11T14:54:00.493450,592.514978,RX,0x1E0,0,,,False,False,False
2026-02-11T14:54:00.493450,592.514978,RX,0x000,128,E0 01 00 00 00 00 00 00,........,False,True,True
2026-02-11T14:54:00.493450,592.514978,RX,0x000,128,00 38 9B 71 80 02 00 00,.8.q....,False,False,False
2026-02-11T14:54:00.493450,592.514978,RX,0x000,0,,,False,False,False
2026-02-11T14:54:00.493450,592.514978,RX,0x1E0,0,,,False,False,False
2026-02-11T14:54:00.493450,592.514978,RX,0x000,128,E0 01 00 00 00 00 00 00,........,False,True,True
2026-02-11T14:54:00.493450,592.514978,RX,0x000,128,00 38 9B 71 80 02 00 00,.8.q....,False,False,False
2026-02-11T14:54:00.493450,592.514978,RX,0x000,0,,,False,False,False
2026-02-11T14:54:00.493450,592.514978,RX,0x1E0,0,,,False,False,False
2026-02-11T14:54:00.493450,592.514978,RX,0x000,128,E0 01 00 00 00 00 00 00,........,False,True,True
2026-02-11T14:54:00.493450,592.514978,RX,0x000,128,00 38 9B 71 80 02 00 00,.8.q....,False,False,False
2026-02-11T14:54:00.494547,592.516075,RX,0x000,0,,,False,False,False
2026-02-11T14:54:00.494547,592.516075,RX,0x1E0,0,,,False,False,False
2026-02-11T14:54:00.494547,592.516075,RX,0x000,128,E0 01 00 00 00 00 00 00,........,False,True,True
2026-02-11T14:54:00.494547,592.516075,RX,0x000,128,00 38 9B 71 80 02 00 00,.8.q....,False,False,False
2026-02-11T14:54:00.494547,592.516075,RX,0x000,0,,,False,False,False
2026-02-11T14:54:00.494547,592.516075,RX,0x1E0,0,,,False,False,False
2026-02-11T14:54:00.494547,592.516075,RX,0x000,128,E0 01 00 00 00 00 00 00,........,False,True,True
2026-02-11T14:54:00.495579,592.517107,RX,0x000,128,00 38 9B 71 80 02 00 00,.8.q....,False,False,False
2026-02-11T14:54:00.495579,592.517107,RX,0x000,0,,,False,False,False
2026-02-11T14:54:00.495579,592.517107,RX,0x1E0,0,,,False,False,False
2026-02-11T14:54:00.495579,592.517107,RX,0x000,128,E0 01 00 00 00 00 00 00,........,False,True,True
2026-02-11T14:54:00.495579,592.517107,RX,0x000,128,00 38 9B 71 80 02 00 00,.8.q....,False,False,False
2026-02-11T14:54:00.495579,592.517107,RX,0x000,0,,,False,False,False
2026-02-11T14:54:00.495579,592.517107,RX,0x1E0,0,,,False,False,False
2026-02-11T14:54:00.496610,592.517107,RX,0x000,128,E0 01 00 00 00 00 00 00,........,False,True,True
2026-02-11T14:54:00.496610,592.518138,RX,0x000,128,00 38 9B 71 80 02 00 00,.8.q....,False,False,False
2026-02-11T14:54:00.496610,592.518138,RX,0x000,0,,,False,False,False
2026-02-11T14:54:00.496610,592.518138,RX,0x1E0,0,,,False,False,False
2026-02-11T14:54:00.496610,592.518138,RX,0x000,128,E0 01 00 00 00 00 00 00,........,False,True,True
2026-02-11T14:54:00.496610,592.518138,RX,0x000,128,00 38 9B 71 80 02 00 00,.8.q....,False,False,False
2026-02-11T14:54:00.496610,592.518138,RX,0x000,0,,,False,False,False
2026-02-11T14:54:00.496610,592.518138,RX,0x1E0,0,,,False,False,False
2026-02-11T14:54:00.496610,592.518138,RX,0x000,128,E0 01 00 00 00 00 00 00,........,False,True,True
2026-02-11T14:54:00.496610,592.518138,RX,0x000,128,00 38 9B 71 80 02 00 00,.8.q....,False,False,False
2026-02-11T14:54:00.496610,592.518138,RX,0x000,0,,,False,False,False
2026-02-11T14:54:00.496610,592.518138,RX,0x1E0,0,,,False,False,False
2026-02-11T14:54:00.496610,592.518138,RX,0x000,128,E0 01 00 00 00 00 00 00,........,False,True,True
2026-02-11T14:54:00.498118,592.519646,RX,0x000,128,00 38 9B 71 80 02 00 00,.8.q....,False,False,False
2026-02-11T14:54:00.498118,592.519646,RX,0x000,0,,,False,False,False
2026-02-11T14:54:00.498118,592.519646,RX,0x1E0,0,,,False,False,False
2026-02-11T14:54:00.498118,592.519646,RX,0x000,128,E0 01 00 00 00 00 00 00,........,False,True,True
2026-02-11T14:54:00.498118,592.519646,RX,0x000,128,00 38 9B 71 80 02 00 00,.8.q....,False,False,False
2026-02-11T14:54:00.498118,592.519646,RX,0x000,0,,,False,False,False
2026-02-11T14:54:00.498118,592.519646,RX,0x1E0,0,,,False,False,False
2026-02-11T14:54:00.498118,592.519646,RX,0x000,128,E0 01 00 00 00 00 00 00,........,False,True,True
2026-02-11T14:54:00.498118,592.519646,RX,0x000,128,00 38 9B 71 80 02 00 00,.8.q....,False,False,False
2026-02-11T14:54:00.499143,592.519646,RX,0x000,0,,,False,False,False
2026-02-11T14:54:00.499143,592.520671,RX,0x1E0,0,,,False,False,False
2026-02-11T14:54:00.499143,592.520671,RX,0x000,128,E0 01 00 00 00 00 00 00,........,False,True,True
2026-02-11T14:54:00.499143,592.520671,RX,0x000,128,00 38 9B 71 80 02 00 00,.8.q....,False,False,False
2026-02-11T14:54:00.499143,592.520671,RX,0x000,0,,,False,False,False
2026-02-11T14:54:00.499143,592.520671,RX,0x1E0,0,,,False,False,False
2026-02-11T14:54:00.499143,592.520671,RX,0x000,128,E0 01 00 00 00 00 00 00,........,False,True,True
2026-02-11T14:54:00.499143,592.520671,RX,0x000,128,00 38 9B 71 80 02 00 00,.8.q....,False,False,False
2026-02-11T14:54:00.499143,592.520671,RX,0x000,0,,,False,False,False
2026-02-11T14:54:00.499143,592.520671,RX,0x1E0,0,,,False,False,False
2026-02-11T14:54:00.499143,592.520671,RX,0x000,128,E0 01 00 00 00 00 00 00,........,False,True,True
2026-02-11T14:54:00.499143,592.520671,RX,0x000,128,00 38 9B 71 80 02 00 00,.8.q....,False,False,False
2026-02-11T14:54:00.499143,592.520671,RX,0x000,0,,,False,False,False
2026-02-11T14:54:00.500478,592.522006,RX,0x1E0,0,,,False,False,False
2026-02-11T14:54:00.500478,592.522006,RX,0x000,128,E0 01 00 00 00 00 00 00,........,False,True,True
2026-02-11T14:54:00.500478,592.522006,RX,0x000,128,00 38 9B 71 80 02 00 00,.8.q....,False,False,False
2026-02-11T14:54:00.500478,592.522006,RX,0x000,0,,,False,False,False
2026-02-11T14:54:00.500478,592.522006,RX,0x1E0,0,,,False,False,False
2026-02-11T14:54:00.500478,592.522006,RX,0x000,128,E0 01 00 00 00 00 00 00,........,False,True,True
2026-02-11T14:54:00.500478,592.522006,RX,0x000,128,00 38 9B 71 80 02 00 00,.8.q....,False,False,False
2026-02-11T14:54:00.500478,592.522006,RX,0x000,0,,,False,False,False
2026-02-11T14:54:00.500478,592.522006,RX,0x1E0,0,,,False,False,False
2026-02-11T14:54:00.500478,592.522006,RX,0x000,128,E0 01 00 00 00 00 00 00,........,False,True,True
2026-02-11T14:54:00.500478,592.522006,RX,0x000,128,00 38 9B 71 80 02 00 00,.8.q....,False,False,False
2026-02-11T14:54:00.500478,592.522006,RX,0x000,0,,,False,False,False
2026-02-11T14:54:00.500478,592.522006,RX,0x1E0,0,,,False,False,False
2026-02-11T14:54:00.501492,592.523021,RX,0x000,128,E0 01 00 00 00 00 00 00,........,False,True,True
2026-02-11T14:54:00.501492,592.523021,RX,0x000,128,00 38 9B 71 80 02 00 00,.8.q....,False,False,False
2026-02-11T14:54:00.501492,592.523021,RX,0x000,0,,,False,False,False
2026-02-11T14:54:00.501492,592.523021,RX,0x1E0,0,,,False,False,False
2026-02-11T14:54:00.501492,592.523021,RX,0x000,128,E0 01 00 00 00 00 00 00,........,False,True,True
2026-02-11T14:54:00.501492,592.523021,RX,0x000,128,00 38 9B 71 80 02 00 00,.8.q....,False,False,False
2026-02-11T14:54:00.501492,592.523021,RX,0x000,0,,,False,False,False
2026-02-11T14:54:00.501492,592.523021,RX,0x1E0,0,,,False,False,False
2026-02-11T14:54:00.501492,592.523021,RX,0x000,128,E0 01 00 00 00 00 00 00,........,False,True,True
2026-02-11T14:54:00.501492,592.523021,RX,0x000,128,00 38 9B 71 80 02 00 00,.8.q....,False,False,False
2026-02-11T14:54:00.501492,592.523021,RX,0x000,0,,,False,False,False
2026-02-11T14:54:00.501492,592.523021,RX,0x1E0,0,,,False,False,False
2026-02-11T14:54:00.501492,592.523021,RX,0x000,128,E0 01 00 00 00 00 00 00,........,False,True,True
2026-02-11T14:54:00.501492,592.523021,RX,0x000,128,00 38 9B 71 80 02 00 00,.8.q....,False,False,False
2026-02-11T14:54:00.501492,592.523021,RX,0x000,0,,,False,False,False
2026-02-11T14:54:00.502499,592.524027,RX,0x1E0,0,,,False,False,False
2026-02-11T14:54:00.502499,592.524027,RX,0x000,128,E0 01 00 00 00 00 00 00,........,False,True,True
2026-02-11T14:54:00.502499,592.524027,RX,0x000,128,00 38 9B 71 80 02 00 00,.8.q....,False,False,False
2026-02-11T14:54:00.502499,592.524027,RX,0x000,0,,,False,False,False
2026-02-11T14:54:00.502499,592.524027,RX,0x1E0,0,,,False,False,False
2026-02-11T14:54:00.502499,592.524027,RX,0x000,128,E0 01 00 00 00 00 00 00,........,False,True,True
2026-02-11T14:54:00.502499,592.524027,RX,0x000,128,00 38 9B 71 80 02 00 00,.8.q....,False,False,False
2026-02-11T14:54:00.502499,592.524027,RX,0x000,0,,,False,False,False
2026-02-11T14:54:00.502499,592.524027,RX,0x1E0,0,,,False,False,False
2026-02-11T14:54:00.502499,592.524027,RX,0x000,128,E0 01 00 00 00 00 00 00,........,False,True,True
2026-02-11T14:54:00.502499,592.524027,RX,0x000,128,00 38 9B 71 80 02 00 00,.8.q....,False,False,False
2026-02-11T14:54:00.502499,592.524027,RX,0x000,0,,,False,False,False
2026-02-11T14:54:00.502499,592.524027,RX,0x1E0,0,,,False,False,False
2026-02-11T14:54:00.502499,592.524027,RX,0x000,128,E0 01 00 00 00 00 00 00,........,False,True,True
2026-02-11T14:54:00.502499,592.524027,RX,0x000,128,00 38 9B 71 80 02 00 00,.8.q....,False,False,False
2026-02-11T14:54:00.502499,592.524027,RX,0x000,0,,,False,False,False
2026-02-11T14:54:00.503507,592.525035,RX,0x1E0,0,,,False,False,False
2026-02-11T14:54:00.503507,592.525035,RX,0x000,128,E0 01 00 00 00 00 00 00,........,False,True,True
2026-02-11T14:54:00.503507,592.525035,RX,0x000,128,00 38 9B 71 80 02 00 00,.8.q....,False,False,False
2026-02-11T14:54:00.503507,592.525035,RX,0x000,0,,,False,False,False
2026-02-11T14:54:00.503507,592.525035,RX,0x1E0,0,,,False,False,False
2026-02-11T14:54:00.503507,592.525035,RX,0x000,128,E0 01 00 00 00 00 00 00,........,False,True,True
2026-02-11T14:54:00.503507,592.525035,RX,0x000,128,00 38 9B 71 80 02 00 00,.8.q....,False,False,False
2026-02-11T14:54:00.503507,592.525035,RX,0x000,0,,,False,False,False
2026-02-11T14:54:00.503507,592.525035,RX,0x1E0,0,,,False,False,False
2026-02-11T14:54:00.503507,592.525035,RX,0x000,128,E0 01 00 00 00 00 00 00,........,False,True,True
2026-02-11T14:54:00.503507,592.525035,RX,0x000,128,00 38 9B 71 80 02 00 00,.8.q....,False,False,False
2026-02-11T14:54:00.504493,592.526021,RX,0x000,0,,,False,False,False
2026-02-11T14:54:00.504493,592.526021,RX,0x1E0,0,,,False,False,False
2026-02-11T14:54:00.504493,592.526021,RX,0x000,128,E0 01 00 00 00 00 00 00,........,False,True,True
2026-02-11T14:54:00.504493,592.526021,RX,0x000,128,00 38 9B 71 80 02 00 00,.8.q....,False,False,False
2026-02-11T14:54:00.504493,592.526021,RX,0x000,0,,,False,False,False
2026-02-11T14:54:00.504493,592.526021,RX,0x1E0,0,,,False,False,False
2026-02-11T14:54:00.504493,592.526021,RX,0x000,128,E0 01 00 00 00 00 00 00,........,False,True,True
2026-02-11T14:54:00.504493,592.526021,RX,0x000,128,00 38 9B 71 80 02 00 00,.8.q....,False,False,False
2026-02-11T14:54:00.505492,592.527020,RX,0x000,0,,,False,False,False
2026-02-11T14:54:00.505492,592.527020,RX,0x1E0,0,,,False,False,False
2026-02-11T14:54:00.505492,592.527020,RX,0x000,128,E0 01 00 00 00 00 00 00,........,False,True,True
2026-02-11T14:54:00.505492,592.527020,RX,0x000,128,00 38 9B 71 80 02 00 00,.8.q....,False,False,False
2026-02-11T14:54:00.505492,592.527020,RX,0x000,0,,,False,False,False
2026-02-11T14:54:00.505492,592.527020,RX,0x1E0,0,,,False,False,False
2026-02-11T14:54:00.505492,592.527020,RX,0x000,128,E0 01 00 00 00 00 00 00,........,False,True,True
2026-02-11T14:54:00.505492,592.527020,RX,0x000,128,00 38 9B 71 80 02 00 00,.8.q....,False,False,False
2026-02-11T14:54:00.505492,592.527020,RX,0x000,0,,,False,False,False
2026-02-11T14:54:00.505492,592.527020,RX,0x1E0,0,,,False,False,False
2026-02-11T14:54:00.505492,592.527020,RX,0x000,128,E0 01 00 00 00 00 00 00,........,False,True,True
2026-02-11T14:54:00.505492,592.527020,RX,0x000,128,00 38 9B 71 80 02 00 00,.8.q....,False,False,False
2026-02-11T14:54:00.505492,592.527020,RX,0x000,0,,,False,False,False
2026-02-11T14:54:00.505492,592.527020,RX,0x1E0,0,,,False,False,False
2026-02-11T14:54:00.505492,592.527020,RX,0x000,128,E0 01 00 00 00 00 00 00,........,False,True,True
2026-02-11T14:54:00.505492,592.527020,RX,0x000,128,00 38 9B 71 80 02 00 00,.8.q....,False,False,False
2026-02-11T14:54:00.505492,592.527020,RX,0x000,0,,,False,False,False
2026-02-11T14:54:00.505492,592.527020,RX,0x1E0,0,,,False,False,False
2026-02-11T14:54:00.506492,592.528020,RX,0x000,128,E0 01 00 00 00 00 00 00,........,False,True,True
2026-02-11T14:54:00.506492,592.528020,RX,0x000,128,00 38 9B 71 80 02 00 00,.8.q....,False,False,False
2026-02-11T14:54:00.506492,592.528020,RX,0x000,0,,,False,False,False
2026-02-11T14:54:00.506492,592.528020,RX,0x1E0,0,,,False,False,False
2026-02-11T14:54:00.506492,592.528020,RX,0x000,128,E0 01 00 00 00 00 00 00,........,False,True,True
2026-02-11T14:54:00.506492,592.528020,RX,0x000,128,00 38 9B 71 80 02 00 00,.8.q....,False,False,False
2026-02-11T14:54:00.506492,592.528020,RX,0x000,0,,,False,False,False
2026-02-11T14:54:00.506492,592.528020,RX,0x1E0,0,,,False,False,False
2026-02-11T14:54:00.506492,592.528020,RX,0x000,128,E0 01 00 00 00 00 00 00,........,False,True,True
2026-02-11T14:54:00.506492,592.528020,RX,0x000,128,00 38 9B 71 80 02 00 00,.8.q....,False,False,False
2026-02-11T14:54:00.506492,592.528020,RX,0x000,0,,,False,False,False
2026-02-11T14:54:00.506492,592.528020,RX,0x1E0,0,,,False,False,False
2026-02-11T14:54:00.506492,592.528020,RX,0x000,128,E0 01 00 00 00 00 00 00,........,False,True,True
2026-02-11T14:54:00.506492,592.528020,RX,0x000,128,00 38 9B 71 80 02 00 00,.8.q....,False,False,False
2026-02-11T14:54:00.506492,592.528020,RX,0x000,0,,,False,False,False
2026-02-11T14:54:00.506492,592.528020,RX,0x1E0,0,,,False,False,False
2026-02-11T14:54:00.506492,592.528020,RX,0x000,128,E0 01 00 00 00 00 00 00,........,False,True,True
2026-02-11T14:54:00.506492,592.528020,RX,0x000,128,00 38 9B 71 80 02 00 00,.8.q....,False,False,False
2026-02-11T14:54:00.506492,592.528020,RX,0x000,0,,,False,False,False
2026-02-11T14:54:00.506492,592.528020,RX,0x1E0,0,,,False,False,False
2026-02-11T14:54:00.506492,592.528020,RX,0x000,128,E0 01 00 00 00 00 00 00,........,False,True,True
2026-02-11T14:54:00.506492,592.528020,RX,0x000,128,00 38 9B 71 80 02 00 00,.8.q....,False,False,False
2026-02-11T14:54:00.506492,592.528020,RX,0x000,0,,,False,False,False
2026-02-11T14:54:00.506492,592.528020,RX,0x1E0,0,,,False,False,False
2026-02-11T14:54:00.506492,592.528020,RX,0x000,128,E0 01 00 00 00 00 00 00,........,False,True,True
2026-02-11T14:54:00.506492,592.528020,RX,0x000,128,00 38 9B 71 80 02 00 00,.8.q....,False,False,False
2026-02-11T14:54:00.506492,592.528020,RX,0x000,0,,,False,False,False
2026-02-11T14:54:00.506492,592.528020,RX,0x1E0,0,,,False,False,False
2026-02-11T14:54:00.506492,592.528020,RX,0x000,128,E0 01 00 00 00 00 00 00,........,False,True,True
2026-02-11T14:54:00.508000,592.529528,RX,0x000,128,00 38 9B 71 80 02 00 00,.8.q....,False,False,False
2026-02-11T14:54:00.508000,592.529528,RX,0x000,0,,,False,False,False
2026-02-11T14:54:00.508000,592.529528,RX,0x1E0,0,,,False,False,False
2026-02-11T14:54:00.508000,592.529528,RX,0x000,128,E0 01 00 00 00 00 00 00,........,False,True,True
2026-02-11T14:54:00.508000,592.529528,RX,0x000,128,00 38 9B 71 80 02 00 00,.8.q....,False,False,False
2026-02-11T14:54:00.508000,592.529528,RX,0x000,0,,,False,False,False
2026-02-11T14:54:00.508000,592.529528,RX,0x1E0,0,,,False,False,False
2026-02-11T14:54:00.508000,592.529528,RX,0x000,128,E0 01 00 00 00 00 00 00,........,False,True,True
2026-02-11T14:54:00.508000,592.529528,RX,0x000,128,00 38 9B 71 80 02 00 00,.8.q....,False,False,False
2026-02-11T14:54:00.508000,592.529528,RX,0x000,0,,,False,False,False
2026-02-11T14:54:00.508000,592.529528,RX,0x1E0,0,,,False,False,False
2026-02-11T14:54:00.508000,592.529528,RX,0x000,128,E0 01 00 00 00 00 00 00,........,False,True,True
2026-02-11T14:54:00.508000,592.529528,RX,0x000,128,00 38 9B 71 80 02 00 00,.8.q....,False,False,False
2026-02-11T14:54:00.508000,592.529528,RX,0x000,0,,,False,False,False
2026-02-11T14:54:00.508000,592.529528,RX,0x1E0,0,,,False,False,False
2026-02-11T14:54:00.508000,592.529528,RX,0x000,128,E0 01 00 00 00 00 00 00,........,False,True,True
2026-02-11T14:54:00.508000,592.529528,RX,0x000,128,00 38 9B 71 80 02 00 00,.8.q....,False,False,False
2026-02-11T14:54:00.508000,592.529528,RX,0x000,0,,,False,False,False
2026-02-11T14:54:00.508000,592.529528,RX,0x1E0,0,,,False,False,False
2026-02-11T14:54:00.509045,592.530573,RX,0x000,128,E0 01 00 00 00 00 00 00,........,False,True,True
2026-02-11T14:54:00.509045,592.530573,RX,0x000,128,00 38 9B 71 80 02 00 00,.8.q....,False,False,False
2026-02-11T14:54:00.509045,592.530573,RX,0x000,0,,,False,False,False
2026-02-11T14:54:00.509045,592.530573,RX,0x1E0,0,,,False,False,False
2026-02-11T14:54:00.509045,592.530573,RX,0x000,128,E0 01 00 00 00 00 00 00,........,False,True,True
2026-02-11T14:54:00.509045,592.530573,RX,0x000,128,00 38 9B 71 80 02 00 00,.8.q....,False,False,False
2026-02-11T14:54:00.509045,592.530573,RX,0x000,0,,,False,False,False
2026-02-11T14:54:00.509045,592.530573,RX,0x1E0,0,,,False,False,False
2026-02-11T14:54:00.509045,592.530573,RX,0x000,128,E0 01 00 00 00 00 00 00,........,False,True,True
2026-02-11T14:54:00.509045,592.530573,RX,0x000,128,00 38 9B 71 80 02 00 00,.8.q....,False,False,False
2026-02-11T14:54:00.509045,592.530573,RX,0x000,0,,,False,False,False
2026-02-11T14:54:00.509045,592.530573,RX,0x1E0,0,,,False,False,False
2026-02-11T14:54:00.509045,592.530573,RX,0x000,128,E0 01 00 00 00 00 00 00,........,False,True,True
2026-02-11T14:54:00.509045,592.530573,RX,0x000,128,00 38 9B 71 80 02 00 00,.8.q....,False,False,False
2026-02-11T14:54:00.509045,592.530573,RX,0x000,0,,,False,False,False
2026-02-11T14:54:00.509045,592.530573,RX,0x1E0,0,,,False,False,False
2026-02-11T14:54:00.509045,592.530573,RX,0x000,128,E0 01 00 00 00 00 00 00,........,False,True,True
2026-02-11T14:54:00.510069,592.531597,RX,0x000,128,00 38 9B 71 80 02 00 00,.8.q....,False,False,False
2026-02-11T14:54:00.510069,592.531597,RX,0x000,0,,,False,False,False
2026-02-11T14:54:00.510069,592.531597,RX,0x1E0,0,,,False,False,False
2026-02-11T14:54:00.510069,592.531597,RX,0x000,128,E0 01 00 00 00 00 00 00,........,False,True,True
2026-02-11T14:54:00.510069,592.531597,RX,0x000,128,00 38 9B 71 80 02 00 00,.8.q....,False,False,False
2026-02-11T14:54:00.510069,592.531597,RX,0x000,0,,,False,False,False
2026-02-11T14:54:00.510069,592.531597,RX,0x1E0,0,,,False,False,False
2026-02-11T14:54:00.510069,592.531597,RX,0x000,128,E0 01 00 00 00 00 00 00,........,False,True,True
2026-02-11T14:54:00.510069,592.531597,RX,0x000,128,00 38 9B 71 80 02 00 00,.8.q....,False,False,False
2026-02-11T14:54:00.510069,592.531597,RX,0x000,0,,,False,False,False
2026-02-11T14:54:00.511424,592.532952,RX,0x1E0,0,,,False,False,False
2026-02-11T14:54:00.511424,592.532952,RX,0x000,128,E0 01 00 00 00 00 00 00,........,False,True,True
2026-02-11T14:54:00.511424,592.532952,RX,0x000,128,00 38 9B 71 80 02 00 00,.8.q....,False,False,False
2026-02-11T14:54:00.511424,592.532952,RX,0x000,0,,,False,False,False
2026-02-11T14:54:00.511424,592.532952,RX,0x1E0,0,,,False,False,False
2026-02-11T14:54:00.511424,592.532952,RX,0x000,128,E0 01 00 00 00 00 00 00,........,False,True,True
2026-02-11T14:54:00.511424,592.532952,RX,0x000,128,00 38 9B 71 80 02 00 00,.8.q....,False,False,False
2026-02-11T14:54:00.511424,592.532952,RX,0x000,0,,,False,False,False
2026-02-11T14:54:00.511424,592.532952,RX,0x1E0,0,,,False,False,False
2026-02-11T14:54:00.511424,592.532952,RX,0x000,128,E0 01 00 00 00 00 00 00,........,False,True,True
2026-02-11T14:54:00.511424,592.532952,RX,0x000,128,00 38 9B 71 80 02 00 00,.8.q....,False,False,False
2026-02-11T14:54:00.511424,592.532952,RX,0x000,0,,,False,False,False
2026-02-11T14:54:00.511424,592.532952,RX,0x1E0,0,,,False,False,False
2026-02-11T14:54:00.511424,592.532952,RX,0x000,128,E0 01 00 00 00 00 00 00,........,False,True,True
2026-02-11T14:54:00.511424,592.532952,RX,0x000,128,00 38 9B 71 80 02 00 00,.8.q....,False,False,False
2026-02-11T14:54:00.512770,592.534298,RX,0x000,0,,,False,False,False
2026-02-11T14:54:00.512770,592.534298,RX,0x1E0,0,,,False,False,False
2026-02-11T14:54:00.512770,592.534298,RX,0x000,128,E0 01 00 00 00 00 00 00,........,False,True,True
2026-02-11T14:54:00.512770,592.534298,RX,0x000,128,00 38 9B 71 80 02 00 00,.8.q....,False,False,False
2026-02-11T14:54:00.512770,592.534298,RX,0x000,0,,,False,False,False
2026-02-11T14:54:00.512770,592.534298,RX,0x1E0,0,,,False,False,False
2026-02-11T14:54:00.512770,592.534298,RX,0x000,128,E0 01 00 00 00 00 00 00,........,False,True,True
2026-02-11T14:54:00.512770,592.534298,RX,0x000,128,00 38 9B 71 80 02 00 00,.8.q....,False,False,False
2026-02-11T14:54:00.512770,592.534298,RX,0x000,0,,,False,False,False
2026-02-11T14:54:00.512770,592.534298,RX,0x1E0,0,,,False,False,False
2026-02-11T14:54:00.512770,592.534298,RX,0x000,128,E0 01 00 00 00 00 00 00,........,False,True,True
2026-02-11T14:54:00.512770,592.534298,RX,0x000,128,00 38 9B 71 80 02 00 00,.8.q....,False,False,False
2026-02-11T14:54:00.512770,592.534298,RX,0x000,0,,,False,False,False
2026-02-11T14:54:00.513786,592.534298,RX,0x1E0,0,,,False,False,False
2026-02-11T14:54:00.513786,592.535314,RX,0x000,128,E0 01 00 00 00 00 00 00,........,False,True,True
2026-02-11T14:54:00.513786,592.535314,RX,0x000,128,00 38 9B 71 80 02 00 00,.8.q....,False,False,False
2026-02-11T14:54:00.513786,592.535314,RX,0x000,0,,,False,False,False
2026-02-11T14:54:00.513786,592.535314,RX,0x1E0,0,,,False,False,False
2026-02-11T14:54:00.513786,592.535314,RX,0x000,128,E0 01 00 00 00 00 00 00,........,False,True,True
2026-02-11T14:54:00.513786,592.535314,RX,0x000,128,00 38 9B 71 80 02 00 00,.8.q....,False,False,False
2026-02-11T14:54:00.513786,592.535314,RX,0x000,0,,,False,False,False
2026-02-11T14:54:00.513786,592.535314,RX,0x1E0,0,,,False,False,False
2026-02-11T14:54:00.513786,592.535314,RX,0x000,128,E0 01 00 00 00 00 00 00,........,False,True,True
2026-02-11T14:54:00.513786,592.535314,RX,0x000,128,00 38 9B 71 80 02 00 00,.8.q....,False,False,False
2026-02-11T14:54:00.513786,592.535314,RX,0x000,0,,,False,False,False
2026-02-11T14:54:00.513786,592.535314,RX,0x1E0,0,,,False,False,False
2026-02-11T14:54:00.513786,592.535314,RX,0x000,128,E0 01 00 00 00 00 00 00,........,False,True,True
2026-02-11T14:54:00.513786,592.535314,RX,0x000,128,00 38 9B 71 80 02 00 00,.8.q....,False,False,False
2026-02-11T14:54:00.513786,592.535314,RX,0x000,0,,,False,False,False
2026-02-11T14:54:00.513786,592.535314,RX,0x1E0,0,,,False,False,False
2026-02-11T14:54:00.514795,592.536323,RX,0x000,128,E0 01 00 00 00 00 00 00,........,False,True,True
2026-02-11T14:54:00.514795,592.536323,RX,0x000,128,00 38 9B 71 80 02 00 00,.8.q....,False,False,False
2026-02-11T14:54:00.514795,592.536323,RX,0x000,0,,,False,False,False
2026-02-11T14:54:00.514795,592.536323,RX,0x1E0,0,,,False,False,False
2026-02-11T14:54:00.514795,592.536323,RX,0x000,128,E0 01 00 00 00 00 00 00,........,False,True,True
2026-02-11T14:54:00.514795,592.536323,RX,0x000,128,00 38 9B 71 80 02 00 00,.8.q....,False,False,False
2026-02-11T14:54:00.514795,592.536323,RX,0x000,0,,,False,False,False
2026-02-11T14:54:00.514795,592.536323,RX,0x1E0,0,,,False,False,False
2026-02-11T14:54:00.514795,592.536323,RX,0x000,128,E0 01 00 00 00 00 00 00,........,False,True,True
2026-02-11T14:54:00.514795,592.536323,RX,0x000,128,00 38 9B 71 80 02 00 00,.8.q....,False,False,False
2026-02-11T14:54:00.514795,592.536323,RX,0x000,0,,,False,False,False
2026-02-11T14:54:00.514795,592.536323,RX,0x1E0,0,,,False,False,False
2026-02-11T14:54:00.514795,592.536323,RX,0x000,128,E0 01 00 00 00 00 00 00,........,False,True,True
2026-02-11T14:54:00.514795,592.536323,RX,0x000,128,00 38 9B 71 80 02 00 00,.8.q....,False,False,False
2026-02-11T14:54:00.514795,592.536323,RX,0x000,0,,,False,False,False
2026-02-11T14:54:00.514795,592.536323,RX,0x1E0,0,,,False,False,False
2026-02-11T14:54:00.514795,592.536323,RX,0x000,128,E0 01 00 00 00 00 00 00,........,False,True,True
2026-02-11T14:54:00.514795,592.536323,RX,0x000,128,00 38 9B 71 80 02 00 00,.8.q....,False,False,False
2026-02-11T14:54:00.514795,592.536323,RX,0x000,0,,,False,False,False
2026-02-11T14:54:00.515817,592.537344,RX,0x1E0,0,,,False,False,False
2026-02-11T14:54:00.515817,592.537344,RX,0x000,128,E0 01 00 00 00 00 00 00,........,False,True,True
2026-02-11T14:54:00.515817,592.537344,RX,0x000,128,00 38 9B 71 80 02 00 00,.8.q....,False,False,False
2026-02-11T14:54:00.515817,592.537344,RX,0x000,0,,,False,False,False
2026-02-11T14:54:00.515817,592.537344,RX,0x1E0,0,,,False,False,False
2026-02-11T14:54:00.515817,592.537344,RX,0x000,128,E0 01 00 00 00 00 00 00,........,False,True,True
2026-02-11T14:54:00.515817,592.537344,RX,0x000,128,00 38 9B 71 80 02 00 00,.8.q....,False,False,False
2026-02-11T14:54:00.515817,592.537344,RX,0x000,0,,,False,False,False
2026-02-11T14:54:00.515817,592.537344,RX,0x1E0,0,,,False,False,False
2026-02-11T14:54:00.515817,592.537344,RX,0x000,128,E0 01 00 00 00 00 00 00,........,False,True,True
2026-02-11T14:54:00.515817,592.537344,RX,0x000,128,00 38 9B 71 80 02 00 00,.8.q....,False,False,False
2026-02-11T14:54:00.515817,592.537344,RX,0x000,0,,,False,False,False
2026-02-11T14:54:00.515817,592.537344,RX,0x1E0,0,,,False,False,False
2026-02-11T14:54:00.515817,592.537344,RX,0x000,128,E0 01 00 00 00 00 00 00,........,False,True,True
2026-02-11T14:54:00.515817,592.537344,RX,0x000,128,00 38 9B 71 80 02 00 00,.8.q....,False,False,False
2026-02-11T14:54:00.515817,592.537344,RX,0x000,0,,,False,False,False
2026-02-11T14:54:00.515817,592.537344,RX,0x1E0,0,,,False,False,False
2026-02-11T14:54:00.515817,592.537344,RX,0x000,128,E0 01 00 00 00 00 00 00,........,False,True,True
2026-02-11T14:54:00.515817,592.537344,RX,0x000,128,00 38 9B 71 80 02 00 00,.8.q....,False,False,False
2026-02-11T14:54:00.515817,592.537344,RX,0x000,0,,,False,False,False
2026-02-11T14:54:00.515817,592.537344,RX,0x1E0,0,,,False,False,False
2026-02-11T14:54:00.515817,592.537344,RX,0x000,128,E0 01 00 00 00 00 00 00,........,False,True,True
2026-02-11T14:54:00.515817,592.537344,RX,0x000,128,00 38 9B 71 80 02 00 00,.8.q....,False,False,False
2026-02-11T14:54:00.515817,592.537344,RX,0x000,0,,,False,False,False
2026-02-11T14:54:00.515817,592.537344,RX,0x1E0,0,,,False,False,False
2026-02-11T14:54:00.515817,592.537344,RX,0x000,128,E0 01 00 00 00 00 00 00,........,False,True,True
2026-02-11T14:54:00.517235,592.538763,RX,0x000,128,00 38 9B 71 80 02 00 00,.8.q....,False,False,False
2026-02-11T14:54:00.517235,592.538763,RX,0x000,0,,,False,False,False
2026-02-11T14:54:00.517235,592.538763,RX,0x1E0,0,,,False,False,False
2026-02-11T14:54:00.517235,592.538763,RX,0x000,128,E0 01 00 00 00 00 00 00,........,False,True,True
2026-02-11T14:54:00.517235,592.538763,RX,0x000,128,00 38 9B 71 80 02 00 00,.8.q....,False,False,False
2026-02-11T14:54:00.517235,592.538763,RX,0x000,0,,,False,False,False
2026-02-11T14:54:00.517235,592.538763,RX,0x1E0,0,,,False,False,False
2026-02-11T14:54:00.517235,592.538763,RX,0x000,128,E0 01 00 00 00 00 00 00,........,False,True,True
2026-02-11T14:54:00.517235,592.538763,RX,0x000,128,00 38 9B 71 80 02 00 00,.8.q....,False,False,False
2026-02-11T14:54:00.517235,592.538763,RX,0x000,0,,,False,False,False
2026-02-11T14:54:00.517235,592.538763,RX,0x1E0,0,,,False,False,False
2026-02-11T14:54:00.517235,592.538763,RX,0x000,128,E0 01 00 00 00 00 00 00,........,False,True,True
2026-02-11T14:54:00.518232,592.539760,RX,0x000,128,00 38 9B 71 80 02 00 00,.8.q....,False,False,False
2026-02-11T14:54:00.518232,592.539760,RX,0x000,0,,,False,False,False
2026-02-11T14:54:00.518232,592.539760,RX,0x1E0,0,,,False,False,False
2026-02-11T14:54:00.518232,592.539760,RX,0x000,128,E0 01 00 00 00 00 00 00,........,False,True,True
2026-02-11T14:54:00.518232,592.539760,RX,0x000,128,00 38 9B 71 80 02 00 00,.8.q....,False,False,False
2026-02-11T14:54:00.518232,592.539760,RX,0x000,0,,,False,False,False
2026-02-11T14:54:00.518232,592.539760,RX,0x1E0,0,,,False,False,False
2026-02-11T14:54:00.518232,592.539760,RX,0x000,128,E0 01 00 00 00 00 00 00,........,False,True,True
2026-02-11T14:54:00.518232,592.539760,RX,0x000,128,00 38 9B 71 80 02 00 00,.8.q....,False,False,False
2026-02-11T14:54:00.518739,592.540267,RX,0x000,0,,,False,False,False
2026-02-11T14:54:00.518739,592.540267,RX,0x1E0,0,,,False,False,False
2026-02-11T14:54:00.518739,592.540267,RX,0x000,128,E0 01 00 00 00 00 00 00,........,False,True,True
2026-02-11T14:54:00.518739,592.540267,RX,0x000,128,00 38 9B 71 80 02 00 00,.8.q....,False,False,False
2026-02-11T14:54:00.518739,592.540267,RX,0x000,0,,,False,False,False
2026-02-11T14:54:00.518739,592.540267,RX,0x1E0,0,,,False,False,False
2026-02-11T14:54:00.518739,592.540267,RX,0x000,128,E0 01 00 00 00 00 00 00,........,False,True,True
2026-02-11T14:54:00.518739,592.540267,RX,0x000,128,00 38 9B 71 80 02 00 00,.8.q....,False,False,False
2026-02-11T14:54:00.518739,592.540267,RX,0x000,0,,,False,False,False
2026-02-11T14:54:00.518739,592.540267,RX,0x1E0,0,,,False,False,False
2026-02-11T14:54:00.518739,592.540267,RX,0x000,128,E0 01 00 00 00 00 00 00,........,False,True,True
2026-02-11T14:54:00.518739,592.540267,RX,0x000,128,00 38 9B 71 80 02 00 00,.8.q....,False,False,False
2026-02-11T14:54:00.518739,592.540267,RX,0x000,0,,,False,False,False
2026-02-11T14:54:00.518739,592.540267,RX,0x1E0,0,,,False,False,False
2026-02-11T14:54:00.518739,592.540267,RX,0x000,128,E0 01 00 00 00 00 00 00,........,False,True,True
2026-02-11T14:54:00.518739,592.540267,RX,0x000,128,00 38 9B 71 80 02 00 00,.8.q....,False,False,False
2026-02-11T14:54:00.518739,592.540267,RX,0x000,0,,,False,False,False
2026-02-11T14:54:00.518739,592.540267,RX,0x1E0,0,,,False,False,False
2026-02-11T14:54:00.519971,592.541499,RX,0x000,128,E0 01 00 00 00 00 00 00,........,False,True,True
2026-02-11T14:54:00.519971,592.541499,RX,0x000,128,00 38 9B 71 80 02 00 00,.8.q....,False,False,False
2026-02-11T14:54:00.519971,592.541499,RX,0x000,0,,,False,False,False
2026-02-11T14:54:00.519971,592.541499,RX,0x1E0,0,,,False,False,False
2026-02-11T14:54:00.519971,592.541499,RX,0x000,128,E0 01 00 00 00 00 00 00,........,False,True,True
2026-02-11T14:54:00.519971,592.541499,RX,0x000,128,00 38 9B 71 80 02 00 00,.8.q....,False,False,False
2026-02-11T14:54:00.519971,592.541499,RX,0x000,0,,,False,False,False
2026-02-11T14:54:00.519971,592.541499,RX,0x1E0,0,,,False,False,False
2026-02-11T14:54:00.519971,592.541499,RX,0x000,128,E0 01 00 00 00 00 00 00,........,False,True,True
2026-02-11T14:54:00.519971,592.541499,RX,0x000,128,00 38 9B 71 80 02 00 00,.8.q....,False,False,False
2026-02-11T14:54:00.519971,592.541499,RX,0x000,0,,,False,False,False
2026-02-11T14:54:00.519971,592.541499,RX,0x1E0,0,,,False,False,False
2026-02-11T14:54:00.519971,592.541499,RX,0x000,128,E0 01 00 00 00 00 00 00,........,False,True,True
2026-02-11T14:54:00.519971,592.541499,RX,0x000,128,00 38 9B 71 80 02 00 00,.8.q....,False,False,False
2026-02-11T14:54:00.519971,592.541499,RX,0x000,0,,,False,False,False
2026-02-11T14:54:00.520972,592.542500,RX,0x1E0,0,,,False,False,False
2026-02-11T14:54:00.520972,592.542500,RX,0x000,128,E0 01 00 00 00 00 00 00,........,False,True,True
2026-02-11T14:54:00.520972,592.542500,RX,0x000,128,00 38 9B 71 80 02 00 00,.8.q....,False,False,False
2026-02-11T14:54:00.520972,592.542500,RX,0x000,0,,,False,False,False
2026-02-11T14:54:00.520972,592.542500,RX,0x1E0,0,,,False,False,False
2026-02-11T14:54:00.520972,592.542500,RX,0x000,128,E0 01 00 00 00 00 00 00,........,False,True,True
2026-02-11T14:54:00.520972,592.542500,RX,0x000,128,00 38 9B 71 80 02 00 00,.8.q....,False,False,False
2026-02-11T14:54:00.520972,592.542500,RX,0x000,0,,,False,False,False
2026-02-11T14:54:00.520972,592.542500,RX,0x1E0,0,,,False,False,False
2026-02-11T14:54:00.520972,592.542500,RX,0x000,128,E0 01 00 00 00 00 00 00,........,False,True,True
2026-02-11T14:54:00.520972,592.542500,RX,0x000,128,00 38 9B 71 80 02 00 00,.8.q....,False,False,False
2026-02-11T14:54:00.520972,592.542500,RX,0x000,0,,,False,False,False
2026-02-11T14:54:00.520972,592.542500,RX,0x1E0,0,,,False,False,False
2026-02-11T14:54:00.520972,592.542500,RX,0x000,128,E0 01 00 00 00 00 00 00,........,False,True,True
2026-02-11T14:54:00.520972,592.542500,RX,0x000,128,00 38 9B 71 80 02 00 00,.8.q....,False,False,False
2026-02-11T14:54:00.520972,592.542500,RX,0x000,0,,,False,False,False
2026-02-11T14:54:00.520972,592.542500,RX,0x1E0,0,,,False,False,False
2026-02-11T14:54:00.520972,592.542500,RX,0x000,128,E0 01 00 00 00 00 00 00,........,False,True,True
2026-02-11T14:54:00.521978,592.543506,RX,0x000,128,00 38 9B 71 80 02 00 00,.8.q....,False,False,False
2026-02-11T14:54:00.521978,592.543506,RX,0x000,0,,,False,False,False
2026-02-11T14:54:00.521978,592.543506,RX,0x1E0,0,,,False,False,False
2026-02-11T14:54:00.521978,592.543506,RX,0x000,128,E0 01 00 00 00 00 00 00,........,False,True,True
2026-02-11T14:54:00.521978,592.543506,RX,0x000,128,00 38 9B 71 80 02 00 00,.8.q....,False,False,False
2026-02-11T14:54:00.521978,592.543506,RX,0x000,0,,,False,False,False
2026-02-11T14:54:00.521978,592.543506,RX,0x1E0,0,,,False,False,False
2026-02-11T14:54:00.521978,592.543506,RX,0x000,128,E0 01 00 00 00 00 00 00,........,False,True,True
2026-02-11T14:54:00.521978,592.543506,RX,0x000,128,00 38 9B 71 80 02 00 00,.8.q....,False,False,False
2026-02-11T14:54:00.521978,592.543506,RX,0x000,0,,,False,False,False
2026-02-11T14:54:00.521978,592.543506,RX,0x1E0,0,,,False,False,False
2026-02-11T14:54:00.521978,592.543506,RX,0x000,128,E0 01 00 00 00 00 00 00,........,False,True,True
2026-02-11T14:54:00.521978,592.543506,RX,0x000,128,00 38 9B 71 80 02 00 00,.8.q....,False,False,False
2026-02-11T14:54:00.521978,592.543506,RX,0x000,0,,,False,False,False
2026-02-11T14:54:00.521978,592.543506,RX,0x1E0,0,,,False,False,False
2026-02-11T14:54:00.521978,592.543506,RX,0x000,128,E0 01 00 00 00 00 00 00,........,False,True,True
2026-02-11T14:54:00.521978,592.543506,RX,0x000,128,00 38 9B 71 80 02 00 00,.8.q....,False,False,False
2026-02-11T14:54:00.522992,592.544520,RX,0x000,0,,,False,False,False
2026-02-11T14:54:00.522992,592.544520,RX,0x1E0,0,,,False,False,False
2026-02-11T14:54:00.522992,592.544520,RX,0x000,128,E0 01 00 00 00 00 00 00,........,False,True,True
2026-02-11T14:54:00.522992,592.544520,RX,0x000,128,00 38 9B 71 80 02 00 00,.8.q....,False,False,False
2026-02-11T14:54:00.522992,592.544520,RX,0x000,0,,,False,False,False
2026-02-11T14:54:00.522992,592.544520,RX,0x1E0,0,,,False,False,False
2026-02-11T14:54:00.522992,592.544520,RX,0x000,128,E0 01 00 00 00 00 00 00,........,False,True,True
2026-02-11T14:54:00.522992,592.544520,RX,0x000,128,00 38 9B 71 80 02 00 00,.8.q....,False,False,False
2026-02-11T14:54:00.522992,592.544520,RX,0x000,0,,,False,False,False
2026-02-11T14:54:00.522992,592.544520,RX,0x1E0,0,,,False,False,False
2026-02-11T14:54:00.522992,592.544520,RX,0x000,128,E0 01 00 00 00 00 00 00,........,False,True,True
2026-02-11T14:54:00.522992,592.544520,RX,0x000,128,00 38 9B 71 80 02 00 00,.8.q....,False,False,False
2026-02-11T14:54:00.522992,592.544520,RX,0x000,0,,,False,False,False
2026-02-11T14:54:00.522992,592.544520,RX,0x1E0,0,,,False,False,False
2026-02-11T14:54:00.522992,592.544520,RX,0x000,128,E0 01 00 00 00 00 00 00,........,False,True,True
2026-02-11T14:54:00.522992,592.544520,RX,0x000,128,00 38 9B 71 80 02 00 00,.8.q....,False,False,False
2026-02-11T14:54:00.526250,592.547778,RX,0x000,0,,,False,False,False
2026-02-11T14:54:00.527258,592.548786,RX,0x1E0,0,,,False,False,False
2026-02-11T14:54:00.528764,592.550292,RX,0x000,128,E0 01 00 00 00 00 00 00,........,False,True,True
2026-02-11T14:54:00.528764,592.550292,RX,0x000,128,00 38 9B 71 80 02 00 00,.8.q....,False,False,False
2026-02-11T14:54:00.528764,592.550292,RX,0x000,0,,,False,False,False
2026-02-11T14:54:00.528764,592.550292,RX,0x1E0,0,,,False,False,False
2026-02-11T14:54:00.529765,592.551293,RX,0x000,128,E0 01 00 00 00 00 00 00,........,False,True,True
2026-02-11T14:54:00.529765,592.551293,RX,0x000,128,00 38 9B 71 80 02 00 00,.8.q....,False,False,False
2026-02-11T14:54:00.529765,592.551293,RX,0x000,0,,,False,False,False
2026-02-11T14:54:00.529765,592.551293,RX,0x1E0,0,,,False,False,False
2026-02-11T14:54:00.529765,592.551293,RX,0x000,128,E0 01 00 00 00 00 00 00,........,False,True,True
2026-02-11T14:54:00.529765,592.551293,RX,0x000,128,00 38 9B 71 80 02 00 00,.8.q....,False,False,False
2026-02-11T14:54:00.529765,592.551293,RX,0x000,0,,,False,False,False
2026-02-11T14:54:00.529765,592.551293,RX,0x1E0,0,,,False,False,False
2026-02-11T14:54:00.529765,592.551293,RX,0x000,128,E0 01 00 00 00 00 00 00,........,False,True,True
2026-02-11T14:54:00.529765,592.551293,RX,0x000,128,00 38 9B 71 80 02 00 00,.8.q....,False,False,False
2026-02-11T14:54:00.529765,592.551293,RX,0x000,0,,,False,False,False
2026-02-11T14:54:00.531271,592.552799,RX,0x1E0,0,,,False,False,False
2026-02-11T14:54:00.531271,592.552799,RX,0x000,128,E0 01 00 00 00 00 00 00,........,False,True,True
2026-02-11T14:54:00.531271,592.552799,RX,0x000,128,00 38 9B 71 80 02 00 00,.8.q....,False,False,False
2026-02-11T14:54:00.531271,592.552799,RX,0x000,0,,,False,False,False
2026-02-11T14:54:00.531271,592.552799,RX,0x1E0,0,,,False,False,False
2026-02-11T14:54:00.531271,592.552799,RX,0x000,128,E0 01 00 00 00 00 00 00,........,False,True,True
2026-02-11T14:54:00.531271,592.552799,RX,0x000,128,00 38 9B 71 80 02 00 00,.8.q....,False,False,False
2026-02-11T14:54:00.531271,592.552799,RX,0x000,0,,,False,False,False
2026-02-11T14:54:00.531271,592.552799,RX,0x1E0,0,,,False,False,False
2026-02-11T14:54:00.532274,592.553802,RX,0x000,128,E0 01 00 00 00 00 00 00,........,False,True,True
2026-02-11T14:54:00.532274,592.553802,RX,0x000,128,00 38 9B 71 80 02 00 00,.8.q....,False,False,False
2026-02-11T14:54:00.532274,592.553802,RX,0x000,0,,,False,False,False
2026-02-11T14:54:00.532274,592.553802,RX,0x1E0,0,,,False,False,False
2026-02-11T14:54:00.532274,592.553802,RX,0x000,128,E0 01 00 00 00 00 00 00,........,False,True,True
2026-02-11T14:54:00.533275,592.554803,RX,0x000,128,00 38 9B 71 80 02 00 00,.8.q....,False,False,False
2026-02-11T14:54:00.533275,592.554803,RX,0x000,0,,,False,False,False
2026-02-11T14:54:00.533275,592.554803,RX,0x1E0,0,,,False,False,False
2026-02-11T14:54:00.533275,592.554803,RX,0x000,128,E0 01 00 00 00 00 00 00,........,False,True,True
2026-02-11T14:54:00.533275,592.554803,RX,0x000,128,00 38 9B 71 80 02 00 00,.8.q....,False,False,False
2026-02-11T14:54:00.533275,592.554803,RX,0x000,0,,,False,False,False
2026-02-11T14:54:00.533275,592.554803,RX,0x1E0,0,,,False,False,False
2026-02-11T14:54:00.533275,592.554803,RX,0x000,128,E0 01 00 00 00 00 00 00,........,False,True,True
2026-02-11T14:54:00.533275,592.554803,RX,0x000,128,00 38 9B 71 80 02 00 00,.8.q....,False,False,False
2026-02-11T14:54:00.533275,592.554803,RX,0x000,0,,,False,False,False
2026-02-11T14:54:00.533275,592.554803,RX,0x1E0,0,,,False,False,False
2026-02-11T14:54:00.534275,592.555803,RX,0x000,128,E0 01 00 00 00 00 00 00,........,False,True,True
2026-02-11T14:54:00.534275,592.555803,RX,0x000,128,00 38 9B 71 80 02 00 00,.8.q....,False,False,False
2026-02-11T14:54:00.534275,592.555803,RX,0x000,0,,,False,False,False
2026-02-11T14:54:00.534275,592.555803,RX,0x1E0,0,,,False,False,False
2026-02-11T14:54:00.534275,592.555803,RX,0x000,128,E0 01 00 00 00 00 00 00,........,False,True,True
2026-02-11T14:54:00.535275,592.556803,RX,0x000,128,00 38 9B 71 80 02 00 00,.8.q....,False,False,False
2026-02-11T14:54:00.535275,592.556803,RX,0x000,0,,,False,False,False
2026-02-11T14:54:00.535275,592.556803,RX,0x1E0,0,,,False,False,False
2026-02-11T14:54:00.535275,592.556803,RX,0x000,128,E0 01 00 00 00 00 00 00,........,False,True,True
2026-02-11T14:54:00.535275,592.556803,RX,0x000,128,00 38 9B 71 80 02 00 00,.8.q....,False,False,False
2026-02-11T14:54:00.535275,592.556803,RX,0x000,0,,,False,False,False
2026-02-11T14:54:00.535275,592.556803,RX,0x1E0,0,,,False,False,False
2026-02-11T14:54:00.535275,592.556803,RX,0x000,128,E0 01 00 00 00 00 00 00,........,False,True,True
2026-02-11T14:54:00.535275,592.556803,RX,0x000,128,00 38 9B 71 80 02 00 00,.8.q....,False,False,False
2026-02-11T14:54:00.535275,592.556803,RX,0x000,0,,,False,False,False
2026-02-11T14:54:00.536275,592.557803,RX,0x1E0,0,,,False,False,False
2026-02-11T14:54:00.536275,592.557803,RX,0x000,128,E0 01 00 00 00 00 00 00,........,False,True,True
2026-02-11T14:54:00.536275,592.557803,RX,0x000,128,00 38 9B 71 80 02 00 00,.8.q....,False,False,False
2026-02-11T14:54:00.536275,592.557803,RX,0x000,0,,,False,False,False
2026-02-11T14:54:00.536275,592.557803,RX,0x1E0,0,,,False,False,False
2026-02-11T14:54:00.536275,592.557803,RX,0x000,128,E0 01 00 00 00 00 00 00,........,False,True,True
2026-02-11T14:54:00.536275,592.557803,RX,0x000,128,00 38 9B 71 80 02 00 00,.8.q....,False,False,False
2026-02-11T14:54:00.537283,592.558811,RX,0x000,0,,,False,False,False
2026-02-11T14:54:00.537283,592.558811,RX,0x1E0,0,,,False,False,False
2026-02-11T14:54:00.537283,592.558811,RX,0x000,128,E0 01 00 00 00 00 00 00,........,False,True,True
2026-02-11T14:54:00.537283,592.558811,RX,0x000,128,00 38 9B 71 80 02 00 00,.8.q....,False,False,False
2026-02-11T14:54:00.537283,592.558811,RX,0x000,0,,,False,False,False
2026-02-11T14:54:00.537283,592.558811,RX,0x1E0,0,,,False,False,False
2026-02-11T14:54:00.538275,592.559803,RX,0x000,128,E0 01 00 00 00 00 00 00,........,False,True,True
2026-02-11T14:54:00.538275,592.559803,RX,0x000,128,00 38 9B 71 80 02 00 00,.8.q....,False,False,False
2026-02-11T14:54:00.538275,592.559803,RX,0x000,0,,,False,False,False
2026-02-11T14:54:00.538275,592.559803,RX,0x1E0,0,,,False,False,False
2026-02-11T14:54:00.538275,592.559803,RX,0x000,128,E0 01 00 00 00 00 00 00,........,False,True,True
2026-02-11T14:54:00.538781,592.560309,RX,0x000,128,00 38 9B 71 80 02 00 00,.8.q....,False,False,False
2026-02-11T14:54:00.538781,592.560309,RX,0x000,0,,,False,False,False
2026-02-11T14:54:00.538781,592.560309,RX,0x1E0,0,,,False,False,False
2026-02-11T14:54:00.538781,592.560309,RX,0x000,128,E0 01 00 00 00 00 00 00,........,False,True,True
2026-02-11T14:54:00.538781,592.560309,RX,0x000,128,00 38 9B 71 80 02 00 00,.8.q....,False,False,False
2026-02-11T14:54:00.538781,592.560309,RX,0x000,0,,,False,False,False
2026-02-11T14:54:00.538781,592.560309,RX,0x1E0,0,,,False,False,False
2026-02-11T14:54:00.539784,592.561312,RX,0x000,128,E0 01 00 00 00 00 00 00,........,False,True,True
2026-02-11T14:54:00.539784,592.561312,RX,0x000,128,00 38 9B 71 80 02 00 00,.8.q....,False,False,False
2026-02-11T14:54:00.539784,592.561312,RX,0x000,0,,,False,False,False
2026-02-11T14:54:00.539784,592.561312,RX,0x1E0,0,,,False,False,False
2026-02-11T14:54:00.539784,592.561312,RX,0x000,128,E0 01 00 00 00 00 00 00,........,False,True,True
2026-02-11T14:54:00.539784,592.561312,RX,0x000,128,00 38 9B 71 80 02 00 00,.8.q....,False,False,False
2026-02-11T14:54:00.541290,592.562818,RX,0x000,0,,,False,False,False
2026-02-11T14:54:00.541290,592.562818,RX,0x1E0,0,,,False,False,False
2026-02-11T14:54:00.541290,592.562818,RX,0x000,128,E0 01 00 00 00 00 00 00,........,False,True,True
2026-02-11T14:54:00.541290,592.562818,RX,0x000,128,00 38 9B 71 80 02 00 00,.8.q....,False,False,False
2026-02-11T14:54:00.541290,592.562818,RX,0x000,0,,,False,False,False
2026-02-11T14:54:00.542294,592.563822,RX,0x1E0,0,,,False,False,False
2026-02-11T14:54:00.542294,592.563822,RX,0x000,128,E0 01 00 00 00 00 00 00,........,False,True,True
2026-02-11T14:54:00.542294,592.563822,RX,0x000,128,00 38 9B 71 80 02 00 00,.8.q....,False,False,False
2026-02-11T14:54:00.542294,592.563822,RX,0x000,0,,,False,False,False
2026-02-11T14:54:00.542294,592.563822,RX,0x1E0,0,,,False,False,False
2026-02-11T14:54:00.543553,592.565081,RX,0x000,128,E0 01 00 00 00 00 00 00,........,False,True,True
2026-02-11T14:54:00.543553,592.565081,RX,0x000,128,00 38 9B 71 80 02 00 00,.8.q....,False,False,False
2026-02-11T14:54:00.543553,592.565081,RX,0x000,0,,,False,False,False
2026-02-11T14:54:00.544553,592.566081,RX,0x1E0,0,,,False,False,False
2026-02-11T14:54:00.544553,592.566081,RX,0x000,128,E0 01 00 00 00 00 00 00,........,False,True,True
2026-02-11T14:54:00.545553,592.566081,RX,0x000,128,00 38 9B 71 80 02 00 00,.8.q....,False,False,False
2026-02-11T14:54:00.545553,592.567081,RX,0x000,0,,,False,False,False
2026-02-11T14:54:00.545553,592.567081,RX,0x1E0,0,,,False,False,False
2026-02-11T14:54:00.545553,592.567081,RX,0x000,128,E0 01 00 00 00 00 00 00,........,False,True,True
2026-02-11T14:54:00.545553,592.567081,RX,0x000,128,00 38 9B 71 80 02 00 00,.8.q....,False,False,False
2026-02-11T14:54:00.545553,592.567081,RX,0x000,0,,,False,False,False
2026-02-11T14:54:00.545553,592.567081,RX,0x1E0,0,,,False,False,False
2026-02-11T14:54:00.545553,592.567081,RX,0x000,128,E0 01 00 00 00 00 00 00,........,False,True,True
2026-02-11T14:54:00.545553,592.567081,RX,0x000,128,00 38 9B 71 80 02 00 00,.8.q....,False,False,False
2026-02-11T14:54:00.545553,592.567081,RX,0x000,0,,,False,False,False
2026-02-11T14:54:00.545553,592.567081,RX,0x1E0,0,,,False,False,False
2026-02-11T14:54:00.545553,592.567081,RX,0x000,128,E0 01 00 00 00 00 00 00,........,False,True,True
2026-02-11T14:54:00.546553,592.568081,RX,0x000,128,00 38 9B 71 80 02 00 00,.8.q....,False,False,False
2026-02-11T14:54:00.546553,592.568081,RX,0x000,0,,,False,False,False
2026-02-11T14:54:00.546553,592.568081,RX,0x1E0,0,,,False,False,False
2026-02-11T14:54:00.546553,592.568081,RX,0x000,128,E0 01 00 00 00 00 00 00,........,False,True,True
2026-02-11T14:54:00.546553,592.568081,RX,0x000,128,00 38 9B 71 80 02 00 00,.8.q....,False,False,False
2026-02-11T14:54:00.546553,592.568081,RX,0x000,0,,,False,False,False
2026-02-11T14:54:00.546553,592.568081,RX,0x1E0,0,,,False,False,False
2026-02-11T14:54:00.546553,592.568081,RX,0x000,128,E0 01 00 00 00 00 00 00,........,False,True,True
2026-02-11T14:54:00.546553,592.568081,RX,0x000,128,00 38 9B 71 80 02 00 00,.8.q....,False,False,False
2026-02-11T14:54:00.546553,592.568081,RX,0x000,0,,,False,False,False
2026-02-11T14:54:00.546553,592.568081,RX,0x1E0,0,,,False,False,False
2026-02-11T14:54:00.546553,592.568081,RX,0x000,128,E0 01 00 00 00 00 00 00,........,False,True,True
2026-02-11T14:54:00.548060,592.569588,RX,0x000,128,00 38 9B 71 80 02 00 00,.8.q....,False,False,False
2026-02-11T14:54:00.548060,592.569588,RX,0x000,0,,,False,False,False
2026-02-11T14:54:00.548060,592.569588,RX,0x1E0,0,,,False,False,False
2026-02-11T14:54:00.548060,592.569588,RX,0x000,128,E0 01 00 00 00 00 00 00,........,False,True,True
2026-02-11T14:54:00.548060,592.569588,RX,0x000,128,00 38 9B 71 80 02 00 00,.8.q....,False,False,False
2026-02-11T14:54:00.548060,592.569588,RX,0x000,0,,,False,False,False
2026-02-11T14:54:00.548060,592.569588,RX,0x1E0,0,,,False,False,False
2026-02-11T14:54:00.549106,592.570634,RX,0x000,128,E0 01 00 00 00 00 00 00,........,False,True,True
2026-02-11T14:54:00.549106,592.570634,RX,0x000,128,00 38 9B 71 80 02 00 00,.8.q....,False,False,False
2026-02-11T14:54:00.549106,592.570634,RX,0x000,0,,,False,False,False
2026-02-11T14:54:00.549106,592.570634,RX,0x1E0,0,,,False,False,False
2026-02-11T14:54:00.549106,592.570634,RX,0x000,128,E0 01 00 00 00 00 00 00,........,False,True,True
2026-02-11T14:54:00.549106,592.570634,RX,0x000,128,00 38 9B 71 80 02 00 00,.8.q....,False,False,False
2026-02-11T14:54:00.550105,592.571633,RX,0x000,0,,,False,False,False
2026-02-11T14:54:00.550105,592.571633,RX,0x1E0,0,,,False,False,False
2026-02-11T14:54:00.550105,592.571633,RX,0x000,128,E0 01 00 00 00 00 00 00,........,False,True,True
2026-02-11T14:54:00.550105,592.571633,RX,0x000,128,00 38 9B 71 80 02 00 00,.8.q....,False,False,False
2026-02-11T14:54:00.550105,592.571633,RX,0x000,0,,,False,False,False
2026-02-11T14:54:00.550105,592.571633,RX,0x1E0,0,,,False,False,False
2026-02-11T14:54:00.550105,592.571633,RX,0x000,128,E0 01 00 00 00 00 00 00,........,False,True,True
2026-02-11T14:54:00.551108,592.572636,RX,0x000,128,00 38 9B 71 80 02 00 00,.8.q....,False,False,False
2026-02-11T14:54:00.551108,592.572636,RX,0x000,0,,,False,False,False
2026-02-11T14:54:00.551108,592.572636,RX,0x1E0,0,,,False,False,False
2026-02-11T14:54:00.551108,592.572636,RX,0x000,128,E0 01 00 00 00 00 00 00,........,False,True,True
2026-02-11T14:54:00.551108,592.572636,RX,0x000,128,00 38 9B 71 80 02 00 00,.8.q....,False,False,False
2026-02-11T14:54:00.551108,592.572636,RX,0x000,0,,,False,False,False
2026-02-11T14:54:00.552108,592.573636,RX,0x1E0,0,,,False,False,False
2026-02-11T14:54:00.552108,592.573636,RX,0x000,128,E0 01 00 00 00 00 00 00,........,False,True,True
2026-02-11T14:54:00.552108,592.573636,RX,0x000,128,00 38 9B 71 80 02 00 00,.8.q....,False,False,False
2026-02-11T14:54:00.552108,592.573636,RX,0x000,0,,,False,False,False
2026-02-11T14:54:00.552108,592.573636,RX,0x1E0,0,,,False,False,False
2026-02-11T14:54:00.552108,592.573636,RX,0x000,128,E0 01 00 00 00 00 00 00,........,False,True,True
2026-02-11T14:54:00.552108,592.573636,RX,0x000,128,00 38 9B 71 80 02 00 00,.8.q....,False,False,False
2026-02-11T14:54:00.553108,592.574636,RX,0x000,0,,,False,False,False
2026-02-11T14:54:00.553108,592.574636,RX,0x1E0,0,,,False,False,False
2026-02-11T14:54:00.553108,592.574636,RX,0x000,128,E0 01 00 00 00 00 00 00,........,False,True,True
2026-02-11T14:54:00.553108,592.574636,RX,0x000,128,00 38 9B 71 80 02 00 00,.8.q....,False,False,False
2026-02-11T14:54:00.553108,592.574636,RX,0x000,0,,,False,False,False
2026-02-11T14:54:00.554108,592.574636,RX,0x1E0,0,,,False,False,False
2026-02-11T14:54:00.554108,592.575636,RX,0x000,128,E0 01 00 00 00 00 00 00,........,False,True,True
2026-02-11T14:54:00.554108,592.575636,RX,0x000,128,00 38 9B 71 80 02 00 00,.8.q....,False,False,False
2026-02-11T14:54:00.554108,592.575636,RX,0x000,0,,,False,False,False
2026-02-11T14:54:00.554108,592.575636,RX,0x1E0,0,,,False,False,False
2026-02-11T14:54:00.554108,592.575636,RX,0x000,128,E0 01 00 00 00 00 00 00,........,False,True,True
2026-02-11T14:54:00.554108,592.575636,RX,0x000,128,00 38 9B 71 80 02 00 00,.8.q....,False,False,False
2026-02-11T14:54:00.555108,592.575636,RX,0x000,0,,,False,False,False
2026-02-11T14:54:00.555108,592.576636,RX,0x1E0,0,,,False,False,False
2026-02-11T14:54:00.555108,592.576636,RX,0x000,128,E0 01 00 00 00 00 00 00,........,False,True,True
2026-02-11T14:54:00.555108,592.576636,RX,0x000,128,00 38 9B 71 80 02 00 00,.8.q....,False,False,False
2026-02-11T14:54:00.555108,592.576636,RX,0x000,0,,,False,False,False
2026-02-11T14:54:00.555108,592.576636,RX,0x1E0,0,,,False,False,False
2026-02-11T14:54:00.556108,592.577636,RX,0x000,128,E0 01 00 00 00 00 00 00,........,False,True,True
2026-02-11T14:54:00.556108,592.577636,RX,0x000,128,00 38 9B 71 80 02 00 00,.8.q....,False,False,False
2026-02-11T14:54:00.556108,592.577636,RX,0x000,0,,,False,False,False
2026-02-11T14:54:00.556108,592.577636,RX,0x1E0,0,,,False,False,False
2026-02-11T14:54:00.556108,592.577636,RX,0x000,128,E0 01 00 00 00 00 00 00,........,False,True,True
2026-02-11T14:54:00.556108,592.577636,RX,0x000,128,00 38 9B 71 80 02 00 00,.8.q....,False,False,False
2026-02-11T14:54:00.556108,592.577636,RX,0x000,0,,,False,False,False
2026-02-11T14:54:00.556108,592.577636,RX,0x1E0,0,,,False,False,False
2026-02-11T14:54:00.556108,592.577636,RX,0x000,128,E0 01 00 00 00 00 00 00,........,False,True,True
2026-02-11T14:54:00.557108,592.578635,RX,0x000,128,00 38 9B 71 80 02 00 00,.8.q....,False,False,False
2026-02-11T14:54:00.557108,592.578635,RX,0x000,0,,,False,False,False
2026-02-11T14:54:00.557108,592.578635,RX,0x1E0,0,,,False,False,False
2026-02-11T14:54:00.557108,592.578635,RX,0x000,128,E0 01 00 00 00 00 00 00,........,False,True,True
2026-02-11T14:54:00.557108,592.578635,RX,0x000,128,00 38 9B 71 80 02 00 00,.8.q....,False,False,False
2026-02-11T14:54:00.557108,592.578635,RX,0x000,0,,,False,False,False
2026-02-11T14:54:00.557108,592.578635,RX,0x1E0,0,,,False,False,False
2026-02-11T14:54:00.558108,592.579636,RX,0x000,128,E0 01 00 00 00 00 00 00,........,False,True,True
2026-02-11T14:54:00.558108,592.579636,RX,0x000,128,00 38 9B 71 80 02 00 00,.8.q....,False,False,False
2026-02-11T14:54:00.558108,592.579636,RX,0x000,0,,,False,False,False
2026-02-11T14:54:00.558614,592.580142,RX,0x1E0,0,,,False,False,False
2026-02-11T14:54:00.558614,592.580142,RX,0x000,128,E0 01 00 00 00 00 00 00,........,False,True,True
2026-02-11T14:54:00.558614,592.580142,RX,0x000,128,00 38 9B 71 80 02 00 00,.8.q....,False,False,False
2026-02-11T14:54:00.558614,592.580142,RX,0x000,0,,,False,False,False
2026-02-11T14:54:00.558614,592.580142,RX,0x1E0,0,,,False,False,False
2026-02-11T14:54:00.559650,592.581178,RX,0x000,128,E0 01 00 00 00 00 00 00,........,False,True,True
2026-02-11T14:54:00.559650,592.581178,RX,0x000,128,00 38 9B 71 80 02 00 00,.8.q....,False,False,False
2026-02-11T14:54:00.559650,592.581178,RX,0x000,0,,,False,False,False
2026-02-11T14:54:00.559650,592.581178,RX,0x1E0,0,,,False,False,False
2026-02-11T14:54:00.559650,592.581178,RX,0x000,128,E0 01 00 00 00 00 00 00,........,False,True,True
2026-02-11T14:54:00.559650,592.581178,RX,0x000,128,00 38 9B 71 80 02 00 00,.8.q....,False,False,False
2026-02-11T14:54:00.559650,592.581178,RX,0x000,0,,,False,False,False
2026-02-11T14:54:00.559650,592.581178,RX,0x1E0,0,,,False,False,False
2026-02-11T14:54:00.561160,592.582688,RX,0x000,128,E0 01 00 00 00 00 00 00,........,False,True,True
2026-02-11T14:54:00.561160,592.582688,RX,0x000,128,00 38 9B 71 80 02 00 00,.8.q....,False,False,False
2026-02-11T14:54:00.561160,592.582688,RX,0x000,0,,,False,False,False
2026-02-11T14:54:00.561160,592.582688,RX,0x1E0,0,,,False,False,False
2026-02-11T14:54:00.561160,592.582688,RX,0x000,128,E0 01 00 00 00 00 00 00,........,False,True,True
2026-02-11T14:54:00.561160,592.582688,RX,0x000,128,00 38 9B 71 80 02 00 00,.8.q....,False,False,False
2026-02-11T14:54:00.561160,592.582688,RX,0x000,0,,,False,False,False
2026-02-11T14:54:00.561160,592.582688,RX,0x1E0,0,,,False,False,False
2026-02-11T14:54:00.562193,592.583720,RX,0x000,128,E0 01 00 00 00 00 00 00,........,False,True,True
2026-02-11T14:54:00.562193,592.583720,RX,0x000,128,00 38 9B 71 80 02 00 00,.8.q....,False,False,False
2026-02-11T14:54:00.562193,592.583720,RX,0x000,0,,,False,False,False
2026-02-11T14:54:00.562193,592.583720,RX,0x1E0,0,,,False,False,False
2026-02-11T14:54:00.562193,592.583720,RX,0x000,128,E0 01 00 00 00 00 00 00,........,False,True,True
2026-02-11T14:54:00.562193,592.583720,RX,0x000,128,00 38 9B 71 80 02 00 00,.8.q....,False,False,False
2026-02-11T14:54:00.562193,592.583720,RX,0x000,0,,,False,False,False
2026-02-11T14:54:00.562193,592.583720,RX,0x1E0,0,,,False,False,False
2026-02-11T14:54:00.562193,592.583720,RX,0x000,128,E0 01 00 00 00 00 00 00,........,False,True,True
2026-02-11T14:54:00.563207,592.584735,RX,0x000,128,00 38 9B 71 80 02 00 00,.8.q....,False,False,False
2026-02-11T14:54:00.563207,592.584735,RX,0x000,0,,,False,False,False
2026-02-11T14:54:00.563207,592.584735,RX,0x1E0,0,,,False,False,False
2026-02-11T14:54:00.563207,592.584735,RX,0x000,128,E0 01 00 00 00 00 00 00,........,False,True,True
2026-02-11T14:54:00.563207,592.584735,RX,0x000,128,00 38 9B 71 80 02 00 00,.8.q....,False,False,False
2026-02-11T14:54:00.563207,592.584735,RX,0x000,0,,,False,False,False
2026-02-11T14:54:00.564216,592.585744,RX,0x1E0,0,,,False,False,False
2026-02-11T14:54:00.564216,592.585744,RX,0x000,128,E0 01 00 00 00 00 00 00,........,False,True,True
2026-02-11T14:54:00.564216,592.585744,RX,0x000,128,00 38 9B 71 80 02 00 00,.8.q....,False,False,False
2026-02-11T14:54:00.564216,592.585744,RX,0x000,0,,,False,False,False
2026-02-11T14:54:00.564216,592.585744,RX,0x1E0,0,,,False,False,False
2026-02-11T14:54:00.564216,592.585744,RX,0x000,128,E0 01 00 00 00 00 00 00,........,False,True,True
2026-02-11T14:54:00.565226,592.586755,RX,0x000,128,00 38 9B 71 80 02 00 00,.8.q....,False,False,False
2026-02-11T14:54:00.565226,592.586755,RX,0x000,0,,,False,False,False
2026-02-11T14:54:00.565226,592.586755,RX,0x1E0,0,,,False,False,False
2026-02-11T14:54:00.565226,592.586755,RX,0x000,128,E0 01 00 00 00 00 00 00,........,False,True,True
2026-02-11T14:54:00.565226,592.586755,RX,0x000,128,00 38 9B 71 80 02 00 00,.8.q....,False,False,False
2026-02-11T14:54:00.566236,592.587764,RX,0x000,0,,,False,False,False
2026-02-11T14:54:00.566236,592.587764,RX,0x1E0,0,,,False,False,False
2026-02-11T14:54:00.566236,592.587764,RX,0x000,128,E0 01 00 00 00 00 00 00,........,False,True,True
2026-02-11T14:54:00.566236,592.587764,RX,0x000,128,00 38 9B 71 80 02 00 00,.8.q....,False,False,False
2026-02-11T14:54:00.566236,592.587764,RX,0x000,0,,,False,False,False
2026-02-11T14:54:00.566236,592.587764,RX,0x1E0,0,,,False,False,False
2026-02-11T14:54:00.566236,592.587764,RX,0x000,128,E0 01 00 00 00 00 00 00,........,False,True,True
2026-02-11T14:54:00.567251,592.588779,RX,0x000,128,00 38 9B 71 80 02 00 00,.8.q....,False,False,False
2026-02-11T14:54:00.567251,592.588779,RX,0x000,0,,,False,False,False
2026-02-11T14:54:00.567251,592.588779,RX,0x1E0,0,,,False,False,False
2026-02-11T14:54:00.567251,592.588779,RX,0x000,128,E0 01 00 00 00 00 00 00,........,False,True,True
2026-02-11T14:54:00.567251,592.588779,RX,0x000,128,00 38 9B 71 80 02 00 00,.8.q....,False,False,False
2026-02-11T14:54:00.567251,592.588779,RX,0x000,0,,,False,False,False
2026-02-11T14:54:00.567251,592.588779,RX,0x1E0,0,,,False,False,False
2026-02-11T14:54:00.568250,592.589778,RX,0x000,128,E0 01 00 00 00 00 00 00,........,False,True,True
2026-02-11T14:54:00.568250,592.589778,RX,0x000,128,00 38 9B 71 80 02 00 00,.8.q....,False,False,False
2026-02-11T14:54:00.568250,592.589778,RX,0x000,0,,,False,False,False
2026-02-11T14:54:00.568759,592.590286,RX,0x1E0,0,,,False,False,False
2026-02-11T14:54:00.568759,592.590286,RX,0x000,128,E0 01 00 00 00 00 00 00,........,False,True,True
2026-02-11T14:54:00.568759,592.590286,RX,0x000,128,00 38 9B 71 80 02 00 00,.8.q....,False,False,False
2026-02-11T14:54:00.568759,592.590286,RX,0x000,0,,,False,False,False
2026-02-11T14:54:00.568759,592.590286,RX,0x1E0,0,,,False,False,False
2026-02-11T14:54:00.568759,592.590286,RX,0x000,128,E0 01 00 00 00 00 00 00,........,False,True,True
2026-02-11T14:54:00.568759,592.590286,RX,0x000,128,00 38 9B 71 80 02 00 00,.8.q....,False,False,False
2026-02-11T14:54:00.569789,592.591317,RX,0x000,0,,,False,False,False
2026-02-11T14:54:00.569789,592.591317,RX,0x1E0,0,,,False,False,False
2026-02-11T14:54:00.569789,592.591317,RX,0x000,128,E0 01 00 00 00 00 00 00,........,False,True,True
2026-02-11T14:54:00.569789,592.591317,RX,0x000,128,00 38 9B 71 80 02 00 00,.8.q....,False,False,False
2026-02-11T14:54:00.569789,592.591317,RX,0x000,0,,,False,False,False
2026-02-11T14:54:00.569789,592.591317,RX,0x1E0,0,,,False,False,False
2026-02-11T14:54:00.569789,592.591317,RX,0x000,128,E0 01 00 00 00 00 00 00,........,False,True,True
2026-02-11T14:54:00.569789,592.591317,RX,0x000,128,00 38 9B 71 80 02 00 00,.8.q....,False,False,False
2026-02-11T14:54:00.569789,592.591317,RX,0x000,0,,,False,False,False
2026-02-11T14:54:00.569789,592.591317,RX,0x1E0,0,,,False,False,False
2026-02-11T14:54:00.569789,592.591317,RX,0x000,128,E0 01 00 00 00 00 00 00,........,False,True,True
2026-02-11T14:54:00.569789,592.591317,RX,0x000,128,00 38 9B 71 80 02 00 00,.8.q....,False,False,False
2026-02-11T14:54:00.571226,592.592754,RX,0x000,0,,,False,False,False
2026-02-11T14:54:00.571226,592.592754,RX,0x1E0,0,,,False,False,False
2026-02-11T14:54:00.571226,592.592754,RX,0x000,128,E0 01 00 00 00 00 00 00,........,False,True,True
2026-02-11T14:54:00.571226,592.592754,RX,0x000,128,00 38 9B 71 80 02 00 00,.8.q....,False,False,False
2026-02-11T14:54:00.571226,592.592754,RX,0x000,0,,,False,False,False
2026-02-11T14:54:00.571226,592.592754,RX,0x1E0,0,,,False,False,False
2026-02-11T14:54:00.571226,592.592754,RX,0x000,128,E0 01 00 00 00 00 00 00,........,False,True,True
2026-02-11T14:54:00.571226,592.592754,RX,0x000,128,00 38 9B 71 80 02 00 00,.8.q....,False,False,False
2026-02-11T14:54:00.572241,592.593769,RX,0x000,0,,,False,False,False
2026-02-11T14:54:00.572241,592.593769,RX,0x1E0,0,,,False,False,False
2026-02-11T14:54:00.572241,592.593769,RX,0x000,128,E0 01 00 00 00 00 00 00,........,False,True,True
2026-02-11T14:54:00.572241,592.593769,RX,0x000,128,00 38 9B 71 80 02 00 00,.8.q....,False,False,False
2026-02-11T14:54:00.573259,592.594787,RX,0x000,0,,,False,False,False
2026-02-11T14:54:00.573259,592.594787,RX,0x1E0,0,,,False,False,False
2026-02-11T14:54:00.573259,592.594787,RX,0x000,128,E0 01 00 00 00 00 00 00,........,False,True,True
2026-02-11T14:54:00.573259,592.594787,RX,0x000,128,00 38 9B 71 80 02 00 00,.8.q....,False,False,False
2026-02-11T14:54:00.573259,592.594787,RX,0x000,0,,,False,False,False
2026-02-11T14:54:00.573259,592.594787,RX,0x1E0,0,,,False,False,False
2026-02-11T14:54:00.573259,592.594787,RX,0x000,128,E0 01 00 00 00 00 00 00,........,False,True,True
2026-02-11T14:54:00.574433,592.595961,RX,0x000,128,00 38 9B 71 80 02 00 00,.8.q....,False,False,False
2026-02-11T14:54:00.574433,592.595961,RX,0x000,0,,,False,False,False
2026-02-11T14:54:00.574433,592.595961,RX,0x1E0,0,,,False,False,False
2026-02-11T14:54:00.574433,592.595961,RX,0x000,128,E0 01 00 00 00 00 00 00,........,False,True,True
2026-02-11T14:54:00.575446,592.596974,RX,0x000,128,00 38 9B 71 80 02 00 00,.8.q....,False,False,False
2026-02-11T14:54:00.575446,592.596974,RX,0x000,0,,,False,False,False
2026-02-11T14:54:00.575446,592.596974,RX,0x1E0,0,,,False,False,False
2026-02-11T14:54:00.575446,592.596974,RX,0x000,128,E0 01 00 00 00 00 00 00,........,False,True,True
2026-02-11T14:54:00.575446,592.596974,RX,0x000,128,00 38 9B 71 80 02 00 00,.8.q....,False,False,False
2026-02-11T14:54:00.575446,592.596974,RX,0x000,0,,,False,False,False
2026-02-11T14:54:00.575446,592.596974,RX,0x1E0,0,,,False,False,False
2026-02-11T14:54:00.575446,592.596974,RX,0x000,128,E0 01 00 00 00 00 00 00,........,False,True,True
2026-02-11T14:54:00.575446,592.596974,RX,0x000,128,00 38 9B 71 80 02 00 00,.8.q....,False,False,False
2026-02-11T14:54:00.575446,592.596974,RX,0x000,0,,,False,False,False
2026-02-11T14:54:00.576954,592.598482,RX,0x1E0,0,,,False,False,False
2026-02-11T14:54:00.576954,592.598482,RX,0x000,128,E0 01 00 00 00 00 00 00,........,False,True,True
2026-02-11T14:54:00.576954,592.598482,RX,0x000,128,00 38 9B 71 80 02 00 00,.8.q....,False,False,False
2026-02-11T14:54:00.576954,592.598482,RX,0x000,0,,,False,False,False
2026-02-11T14:54:00.576954,592.598482,RX,0x1E0,0,,,False,False,False
2026-02-11T14:54:00.576954,592.598482,RX,0x000,128,E0 01 00 00 00 00 00 00,........,False,True,True
2026-02-11T14:54:00.577957,592.599485,RX,0x000,128,00 38 9B 71 80 02 00 00,.8.q....,False,False,False
2026-02-11T14:54:00.577957,592.599485,RX,0x000,0,,,False,False,False
2026-02-11T14:54:00.577957,592.599485,RX,0x1E0,0,,,False,False,False
2026-02-11T14:54:00.577957,592.599485,RX,0x000,128,E0 01 00 00 00 00 00 00,........,False,True,True
2026-02-11T14:54:00.577957,592.599485,RX,0x000,128,00 38 9B 71 80 02 00 00,.8.q....,False,False,False
2026-02-11T14:54:00.577957,592.599485,RX,0x000,0,,,False,False,False
2026-02-11T14:54:00.577957,592.599485,RX,0x1E0,0,,,False,False,False
2026-02-11T14:54:00.577957,592.599485,RX,0x000,128,E0 01 00 00 00 00 00 00,........,False,True,True
2026-02-11T14:54:00.579147,592.600675,RX,0x000,128,00 38 9B 71 80 02 00 00,.8.q....,False,False,False
2026-02-11T14:54:00.579147,592.600675,RX,0x000,0,,,False,False,False
2026-02-11T14:54:00.579147,592.600675,RX,0x1E0,0,,,False,False,False
2026-02-11T14:54:00.579147,592.600675,RX,0x000,128,E0 01 00 00 00 00 00 00,........,False,True,True
2026-02-11T14:54:00.579147,592.600675,RX,0x000,128,00 38 9B 71 80 02 00 00,.8.q....,False,False,False
2026-02-11T14:54:00.579147,592.600675,RX,0x000,0,,,False,False,False
2026-02-11T14:54:00.579147,592.600675,RX,0x1E0,0,,,False,False,False
2026-02-11T14:54:00.579147,592.600675,RX,0x000,128,E0 01 00 00 00 00 00 00,........,False,True,True
2026-02-11T14:54:00.579147,592.600675,RX,0x000,128,00 38 9B 71 80 02 00 00,.8.q....,False,False,False
2026-02-11T14:54:00.580173,592.601701,RX,0x000,0,,,False,False,False
2026-02-11T14:54:00.580173,592.601701,RX,0x1E0,0,,,False,False,False
2026-02-11T14:54:00.580173,592.601701,RX,0x000,128,E0 01 00 00 00 00 00 00,........,False,True,True
2026-02-11T14:54:00.580173,592.601701,RX,0x000,128,00 38 9B 71 80 02 00 00,.8.q....,False,False,False
2026-02-11T14:54:00.580173,592.601701,RX,0x000,0,,,False,False,False
2026-02-11T14:54:00.580173,592.601701,RX,0x1E0,0,,,False,False,False
2026-02-11T14:54:00.580173,592.601701,RX,0x000,128,E0 01 00 00 00 00 00 00,........,False,True,True
2026-02-11T14:54:00.580173,592.601701,RX,0x000,128,00 38 9B 71 80 02 00 00,.8.q....,False,False,False
2026-02-11T14:54:00.580173,592.601701,RX,0x000,0,,,False,False,False
2026-02-11T14:54:00.580173,592.601701,RX,0x1E0,0,,,False,False,False
2026-02-11T14:54:00.580173,592.601701,RX,0x000,128,E0 01 00 00 00 00 00 00,........,False,True,True
2026-02-11T14:54:00.580173,592.601701,RX,0x000,128,00 38 9B 71 80 02 00 00,.8.q....,False,False,False
2026-02-11T14:54:00.580173,592.601701,RX,0x000,0,,,False,False,False
2026-02-11T14:54:00.580173,592.601701,RX,0x1E0,0,,,False,False,False
2026-02-11T14:54:00.581519,592.603047,RX,0x000,128,E0 01 00 00 00 00 00 00,........,False,True,True
2026-02-11T14:54:00.581519,592.603047,RX,0x000,128,00 38 9B 71 80 02 00 00,.8.q....,False,False,False
2026-02-11T14:54:00.581519,592.603047,RX,0x000,0,,,False,False,False
2026-02-11T14:54:00.581519,592.603047,RX,0x1E0,0,,,False,False,False
2026-02-11T14:54:00.581519,592.603047,RX,0x000,128,E0 01 00 00 00 00 00 00,........,False,True,True
2026-02-11T14:54:00.581519,592.603047,RX,0x000,128,00 38 9B 71 80 02 00 00,.8.q....,False,False,False
2026-02-11T14:54:00.581519,592.603047,RX,0x000,0,,,False,False,False
2026-02-11T14:54:00.581519,592.603047,RX,0x1E0,0,,,False,False,False
2026-02-11T14:54:00.581519,592.603047,RX,0x000,128,E0 01 00 00 00 00 00 00,........,False,True,True
2026-02-11T14:54:00.581519,592.603047,RX,0x000,128,00 38 9B 71 80 02 00 00,.8.q....,False,False,False
2026-02-11T14:54:00.581519,592.603047,RX,0x000,0,,,False,False,False
2026-02-11T14:54:00.581519,592.603047,RX,0x1E0,0,,,False,False,False
2026-02-11T14:54:00.582551,592.604079,RX,0x000,128,E0 01 00 00 00 00 00 00,........,False,True,True
2026-02-11T14:54:00.582551,592.604079,RX,0x000,128,00 38 9B 71 80 02 00 00,.8.q....,False,False,False
2026-02-11T14:54:00.582551,592.604079,RX,0x000,0,,,False,False,False
2026-02-11T14:54:00.582551,592.604079,RX,0x1E0,0,,,False,False,False
2026-02-11T14:54:00.582551,592.604079,RX,0x000,128,E0 01 00 00 00 00 00 00,........,False,True,True
2026-02-11T14:54:00.582551,592.604079,RX,0x000,128,00 38 9B 71 80 02 00 00,.8.q....,False,False,False
2026-02-11T14:54:00.582551,592.604079,RX,0x000,0,,,False,False,False
2026-02-11T14:54:00.582551,592.604079,RX,0x1E0,0,,,False,False,False
2026-02-11T14:54:00.582551,592.604079,RX,0x000,128,E0 01 00 00 00 00 00 00,........,False,True,True
2026-02-11T14:54:00.582551,592.604079,RX,0x000,128,00 38 9B 71 80 02 00 00,.8.q....,False,False,False
2026-02-11T14:54:00.582551,592.604079,RX,0x000,0,,,False,False,False
2026-02-11T14:54:00.582551,592.604079,RX,0x1E0,0,,,False,False,False
2026-02-11T14:54:00.582551,592.604079,RX,0x000,128,E0 01 00 00 00 00 00 00,........,False,True,True
2026-02-11T14:54:00.582551,592.604079,RX,0x000,128,00 38 9B 71 80 02 00 00,.8.q....,False,False,False
2026-02-11T14:54:00.582551,592.604079,RX,0x000,0,,,False,False,False
2026-02-11T14:54:00.583561,592.605089,RX,0x1E0,0,,,False,False,False
2026-02-11T14:54:00.583561,592.605089,RX,0x000,128,E0 01 00 00 00 00 00 00,........,False,True,True
2026-02-11T14:54:00.583561,592.605089,RX,0x000,128,00 38 9B 71 80 02 00 00,.8.q....,False,False,False
2026-02-11T14:54:00.583561,592.605089,RX,0x000,0,,,False,False,False
2026-02-11T14:54:00.583561,592.605089,RX,0x1E0,0,,,False,False,False
2026-02-11T14:54:00.583561,592.605089,RX,0x000,128,E0 01 00 00 00 00 00 00,........,False,True,True
2026-02-11T14:54:00.583561,592.605089,RX,0x000,128,00 38 9B 71 80 02 00 00,.8.q....,False,False,False
2026-02-11T14:54:00.583561,592.605089,RX,0x000,0,,,False,False,False
2026-02-11T14:54:00.583561,592.605089,RX,0x1E0,0,,,False,False,False
2026-02-11T14:54:00.583561,592.605089,RX,0x000,128,E0 01 00 00 00 00 00 00,........,False,True,True
2026-02-11T14:54:00.583561,592.605089,RX,0x000,128,00 38 9B 71 80 02 00 00,.8.q....,False,False,False
2026-02-11T14:54:00.583561,592.605089,RX,0x000,0,,,False,False,False
2026-02-11T14:54:00.583561,592.605089,RX,0x1E0,0,,,False,False,False
2026-02-11T14:54:00.583561,592.605089,RX,0x000,128,E0 01 00 00 00 00 00 00,........,False,True,True
2026-02-11T14:54:00.583561,592.605089,RX,0x000,128,00 38 9B 71 80 02 00 00,.8.q....,False,False,False
2026-02-11T14:54:00.583561,592.605089,RX,0x000,0,,,False,False,False
2026-02-11T14:54:00.584628,592.606156,RX,0x1E0,0,,,False,False,False
2026-02-11T14:54:00.584628,592.606156,RX,0x000,128,E0 01 00 00 00 00 00 00,........,False,True,True
2026-02-11T14:54:00.584628,592.606156,RX,0x000,128,00 38 9B 71 80 02 00 00,.8.q....,False,False,False
2026-02-11T14:54:00.584628,592.606156,RX,0x000,0,,,False,False,False
2026-02-11T14:54:00.584628,592.606156,RX,0x1E0,0,,,False,False,False
2026-02-11T14:54:00.584628,592.606156,RX,0x000,128,E0 01 00 00 00 00 00 00,........,False,True,True
2026-02-11T14:54:00.584628,592.606156,RX,0x000,128,00 38 9B 71 80 02 00 00,.8.q....,False,False,False
2026-02-11T14:54:00.584628,592.606156,RX,0x000,0,,,False,False,False
2026-02-11T14:54:00.584628,592.606156,RX,0x1E0,0,,,False,False,False
2026-02-11T14:54:00.585653,592.607181,RX,0x000,128,E0 01 00 00 00 00 00 00,........,False,True,True
2026-02-11T14:54:00.585653,592.607181,RX,0x000,128,00 38 9B 71 80 02 00 00,.8.q....,False,False,False
2026-02-11T14:54:00.585653,592.607181,RX,0x000,0,,,False,False,False
2026-02-11T14:54:00.585653,592.607181,RX,0x1E0,0,,,False,False,False
2026-02-11T14:54:00.585653,592.607181,RX,0x000,128,E0 01 00 00 00 00 00 00,........,False,True,True
2026-02-11T14:54:00.585653,592.607181,RX,0x000,128,00 38 9B 71 80 02 00 00,.8.q....,False,False,False
2026-02-11T14:54:00.585653,592.607181,RX,0x000,0,,,False,False,False
2026-02-11T14:54:00.585653,592.607181,RX,0x1E0,0,,,False,False,False
2026-02-11T14:54:00.585653,592.607181,RX,0x000,128,E0 01 00 00 00 00 00 00,........,False,True,True
2026-02-11T14:54:00.585653,592.607181,RX,0x000,128,00 38 9B 71 80 02 00 00,.8.q....,False,False,False
2026-02-11T14:54:00.585653,592.607181,RX,0x000,0,,,False,False,False
2026-02-11T14:54:00.585653,592.607181,RX,0x1E0,0,,,False,False,False
2026-02-11T14:54:00.585653,592.607181,RX,0x000,128,E0 01 00 00 00 00 00 00,........,False,True,True
2026-02-11T14:54:00.585653,592.607181,RX,0x000,128,00 38 9B 71 80 02 00 00,.8.q....,False,False,False
2026-02-11T14:54:00.585653,592.607181,RX,0x000,0,,,False,False,False
2026-02-11T14:54:00.586835,592.607181,RX,0x1E0,0,,,False,False,False
2026-02-11T14:54:00.586835,592.608363,RX,0x000,128,E0 01 00 00 00 00 00 00,........,False,True,True
2026-02-11T14:54:00.586835,592.608363,RX,0x000,128,00 38 9B 71 80 02 00 00,.8.q....,False,False,False
2026-02-11T14:54:00.586835,592.608363,RX,0x000,0,,,False,False,False
2026-02-11T14:54:00.586835,592.608363,RX,0x1E0,0,,,False,False,False
2026-02-11T14:54:00.586835,592.608363,RX,0x000,128,E0 01 00 00 00 00 00 00,........,False,True,True
2026-02-11T14:54:00.586835,592.608363,RX,0x000,128,00 38 9B 71 80 02 00 00,.8.q....,False,False,False
2026-02-11T14:54:00.586835,592.608363,RX,0x000,0,,,False,False,False
2026-02-11T14:54:00.586835,592.608363,RX,0x1E0,0,,,False,False,False
2026-02-11T14:54:00.586835,592.608363,RX,0x000,128,E0 01 00 00 00 00 00 00,........,False,True,True
2026-02-11T14:54:00.586835,592.608363,RX,0x000,128,00 38 9B 71 80 02 00 00,.8.q....,False,False,False
2026-02-11T14:54:00.586835,592.608363,RX,0x000,0,,,False,False,False
2026-02-11T14:54:00.586835,592.608363,RX,0x1E0,0,,,False,False,False
2026-02-11T14:54:00.586835,592.608363,RX,0x000,128,E0 01 00 00 00 00 00 00,........,False,True,True
2026-02-11T14:54:00.586835,592.608363,RX,0x000,128,00 38 9B 71 80 02 00 00,.8.q....,False,False,False
2026-02-11T14:54:00.586835,592.608363,RX,0x000,0,,,False,False,False
2026-02-11T14:54:00.586835,592.608363,RX,0x1E0,0,,,False,False,False
2026-02-11T14:54:00.586835,592.608363,RX,0x000,128,E0 01 00 00 00 00 00 00,........,False,True,True
2026-02-11T14:54:00.586835,592.608363,RX,0x000,128,00 38 9B 71 80 02 00 00,.8.q....,False,False,False
2026-02-11T14:54:00.586835,592.608363,RX,0x000,0,,,False,False,False
2026-02-11T14:54:00.586835,592.608363,RX,0x1E0,0,,,False,False,False
2026-02-11T14:54:00.586835,592.608363,RX,0x000,128,E0 01 00 00 00 00 00 00,........,False,True,True
2026-02-11T14:54:00.586835,592.608363,RX,0x000,128,00 38 9B 71 80 02 00 00,.8.q....,False,False,False
2026-02-11T14:54:00.586835,592.608363,RX,0x000,0,,,False,False,False
2026-02-11T14:54:00.588342,592.609870,RX,0x1E0,0,,,False,False,False
2026-02-11T14:54:00.588342,592.609870,RX,0x000,128,E0 01 00 00 00 00 00 00,........,False,True,True
2026-02-11T14:54:00.588342,592.609870,RX,0x000,128,00 38 9B 71 80 02 00 00,.8.q....,False,False,False
2026-02-11T14:54:00.588342,592.609870,RX,0x000,0,,,False,False,False
2026-02-11T14:54:00.588342,592.609870,RX,0x1E0,0,,,False,False,False
2026-02-11T14:54:00.588342,592.609870,RX,0x000,128,E0 01 00 00 00 00 00 00,........,False,True,True
2026-02-11T14:54:00.588342,592.609870,RX,0x000,128,00 38 9B 71 80 02 00 00,.8.q....,False,False,False
2026-02-11T14:54:00.588342,592.609870,RX,0x000,0,,,False,False,False
2026-02-11T14:54:00.588342,592.609870,RX,0x1E0,0,,,False,False,False
2026-02-11T14:54:00.588342,592.609870,RX,0x000,128,E0 01 00 00 00 00 00 00,........,False,True,True
2026-02-11T14:54:00.588342,592.609870,RX,0x000,128,00 38 9B 71 80 02 00 00,.8.q....,False,False,False
2026-02-11T14:54:00.588342,592.609870,RX,0x000,0,,,False,False,False
2026-02-11T14:54:00.588342,592.609870,RX,0x1E0,0,,,False,False,False
2026-02-11T14:54:00.588342,592.609870,RX,0x000,128,E0 01 00 00 00 00 00 00,........,False,True,True
2026-02-11T14:54:00.588342,592.609870,RX,0x000,128,00 38 9B 71 80 02 00 00,.8.q....,False,False,False
2026-02-11T14:54:00.589380,592.610908,RX,0x000,0,,,False,False,False
2026-02-11T14:54:00.589380,592.610908,RX,0x1E0,0,,,False,False,False
2026-02-11T14:54:00.589380,592.610908,RX,0x000,128,E0 01 00 00 00 00 00 00,........,False,True,True
2026-02-11T14:54:00.589380,592.610908,RX,0x000,128,00 38 9B 71 80 02 00 00,.8.q....,False,False,False
2026-02-11T14:54:00.589380,592.610908,RX,0x000,0,,,False,False,False
2026-02-11T14:54:00.589380,592.610908,RX,0x1E0,0,,,False,False,False
2026-02-11T14:54:00.589380,592.610908,RX,0x000,128,E0 01 00 00 00 00 00 00,........,False,True,True
2026-02-11T14:54:00.589380,592.610908,RX,0x000,128,00 38 9B 71 80 02 00 00,.8.q....,False,False,False
2026-02-11T14:54:00.589380,592.610908,RX,0x000,0,,,False,False,False
2026-02-11T14:54:00.589380,592.610908,RX,0x1E0,0,,,False,False,False
2026-02-11T14:54:00.589380,592.610908,RX,0x000,128,E0 01 00 00 00 00 00 00,........,False,True,True
2026-02-11T14:54:00.589380,592.610908,RX,0x000,128,00 38 9B 71 80 02 00 00,.8.q....,False,False,False
2026-02-11T14:54:00.590892,592.612420,RX,0x000,0,,,False,False,False
2026-02-11T14:54:00.590892,592.612420,RX,0x1E0,0,,,False,False,False
2026-02-11T14:54:00.590892,592.612420,RX,0x000,128,E0 01 00 00 00 00 00 00,........,False,True,True
2026-02-11T14:54:00.590892,592.612420,RX,0x000,128,00 38 9B 71 80 02 00 00,.8.q....,False,False,False
2026-02-11T14:54:00.590892,592.612420,RX,0x000,0,,,False,False,False
2026-02-11T14:54:00.590892,592.612420,RX,0x1E0,0,,,False,False,False
2026-02-11T14:54:00.590892,592.612420,RX,0x000,128,E0 01 00 00 00 00 00 00,........,False,True,True
2026-02-11T14:54:00.590892,592.612420,RX,0x000,128,00 38 9B 71 80 02 00 00,.8.q....,False,False,False
2026-02-11T14:54:00.590892,592.612420,RX,0x000,0,,,False,False,False
2026-02-11T14:54:00.590892,592.612420,RX,0x1E0,0,,,False,False,False
2026-02-11T14:54:00.590892,592.612420,RX,0x000,128,E0 01 00 00 00 00 00 00,........,False,True,True
2026-02-11T14:54:00.590892,592.612420,RX,0x000,128,00 38 9B 71 80 02 00 00,.8.q....,False,False,False
2026-02-11T14:54:00.590892,592.612420,RX,0x000,0,,,False,False,False
2026-02-11T14:54:00.591910,592.613438,RX,0x1E0,0,,,False,False,False
2026-02-11T14:54:00.591910,592.613438,RX,0x000,128,E0 01 00 00 00 00 00 00,........,False,True,True
2026-02-11T14:54:00.591910,592.613438,RX,0x000,128,00 38 9B 71 80 02 00 00,.8.q....,False,False,False
2026-02-11T14:54:00.591910,592.613438,RX,0x000,0,,,False,False,False
2026-02-11T14:54:00.591910,592.613438,RX,0x1E0,0,,,False,False,False
2026-02-11T14:54:00.591910,592.613438,RX,0x000,128,E0 01 00 00 00 00 00 00,........,False,True,True
2026-02-11T14:54:00.591910,592.613438,RX,0x000,128,00 38 9B 71 80 02 00 00,.8.q....,False,False,False
2026-02-11T14:54:00.591910,592.613438,RX,0x000,0,,,False,False,False
2026-02-11T14:54:00.591910,592.613438,RX,0x1E0,0,,,False,False,False
2026-02-11T14:54:00.591910,592.613438,RX,0x000,128,E0 01 00 00 00 00 00 00,........,False,True,True
2026-02-11T14:54:00.592925,592.614452,RX,0x000,128,00 38 9B 71 80 02 00 00,.8.q....,False,False,False
2026-02-11T14:54:00.592925,592.614452,RX,0x000,0,,,False,False,False
2026-02-11T14:54:00.592925,592.614452,RX,0x1E0,0,,,False,False,False
2026-02-11T14:54:00.592925,592.614452,RX,0x000,128,E0 01 00 00 00 00 00 00,........,False,True,True
2026-02-11T14:54:00.592925,592.614452,RX,0x000,128,00 38 9B 71 80 02 00 00,.8.q....,False,False,False
2026-02-11T14:54:00.592925,592.614452,RX,0x000,0,,,False,False,False
2026-02-11T14:54:00.592925,592.614452,RX,0x1E0,0,,,False,False,False
2026-02-11T14:54:00.592925,592.614452,RX,0x000,128,E0 01 00 00 00 00 00 00,........,False,True,True
2026-02-11T14:54:00.592925,592.614452,RX,0x000,128,00 38 9B 71 80 02 00 00,.8.q....,False,False,False
2026-02-11T14:54:00.592925,592.614452,RX,0x000,0,,,False,False,False
2026-02-11T14:54:00.592925,592.614452,RX,0x1E0,0,,,False,False,False
2026-02-11T14:54:00.593938,592.615466,RX,0x000,128,E0 01 00 00 00 00 00 00,........,False,True,True
2026-02-11T14:54:00.593938,592.615466,RX,0x000,128,00 38 9B 71 80 02 00 00,.8.q....,False,False,False
2026-02-11T14:54:00.593938,592.615466,RX,0x000,0,,,False,False,False
2026-02-11T14:54:00.593938,592.615466,RX,0x1E0,0,,,False,False,False
2026-02-11T14:54:00.593938,592.615466,RX,0x000,128,E0 01 00 00 00 00 00 00,........,False,True,True
2026-02-11T14:54:00.593938,592.615466,RX,0x000,128,00 38 9B 71 80 02 00 00,.8.q....,False,False,False
2026-02-11T14:54:00.593938,592.615466,RX,0x000,0,,,False,False,False
2026-02-11T14:54:00.593938,592.615466,RX,0x1E0,0,,,False,False,False
2026-02-11T14:54:00.593938,592.615466,RX,0x000,128,E0 01 00 00 00 00 00 00,........,False,True,True
2026-02-11T14:54:00.595110,592.616638,RX,0x000,128,00 38 9B 71 80 02 00 00,.8.q....,False,False,False
2026-02-11T14:54:00.595110,592.616638,RX,0x000,0,,,False,False,False
2026-02-11T14:54:00.595110,592.616638,RX,0x1E0,0,,,False,False,False
2026-02-11T14:54:00.595110,592.616638,RX,0x000,128,E0 01 00 00 00 00 00 00,........,False,True,True
2026-02-11T14:54:00.595110,592.616638,RX,0x000,128,00 38 9B 71 80 02 00 00,.8.q....,False,False,False
2026-02-11T14:54:00.595110,592.616638,RX,0x000,0,,,False,False,False
2026-02-11T14:54:00.595110,592.616638,RX,0x1E0,0,,,False,False,False
2026-02-11T14:54:00.595110,592.616638,RX,0x000,128,E0 01 00 00 00 00 00 00,........,False,True,True
2026-02-11T14:54:00.595110,592.616638,RX,0x000,128,00 38 9B 71 80 02 00 00,.8.q....,False,False,False
2026-02-11T14:54:00.595110,592.616638,RX,0x000,0,,,False,False,False
2026-02-11T14:54:00.595110,592.616638,RX,0x1E0,0,,,False,False,False
2026-02-11T14:54:00.595110,592.616638,RX,0x000,128,E0 01 00 00 00 00 00 00,........,False,True,True
2026-02-11T14:54:00.595110,592.616638,RX,0x000,128,00 38 9B 71 80 02 00 00,.8.q....,False,False,False
2026-02-11T14:54:00.596127,592.617655,RX,0x000,0,,,False,False,False
2026-02-11T14:54:00.596127,592.617655,RX,0x1E0,0,,,False,False,False
2026-02-11T14:54:00.596127,592.617655,RX,0x000,128,E0 01 00 00 00 00 00 00,........,False,True,True
2026-02-11T14:54:00.596127,592.617655,RX,0x000,128,00 38 9B 71 80 02 00 00,.8.q....,False,False,False
2026-02-11T14:54:00.596127,592.617655,RX,0x000,0,,,False,False,False
2026-02-11T14:54:00.596127,592.617655,RX,0x1E0,0,,,False,False,False
2026-02-11T14:54:00.596127,592.617655,RX,0x000,128,E0 01 00 00 00 00 00 00,........,False,True,True
2026-02-11T14:54:00.596127,592.617655,RX,0x000,128,00 38 9B 71 80 02 00 00,.8.q....,False,False,False
2026-02-11T14:54:00.596127,592.617655,RX,0x000,0,,,False,False,False
2026-02-11T14:54:00.596127,592.617655,RX,0x1E0,0,,,False,False,False
2026-02-11T14:54:00.596127,592.617655,RX,0x000,128,E0 01 00 00 00 00 00 00,........,False,True,True
2026-02-11T14:54:00.596127,592.617655,RX,0x000,128,00 38 9B 71 80 02 00 00,.8.q....,False,False,False
2026-02-11T14:54:00.596127,592.617655,RX,0x000,0,,,False,False,False
2026-02-11T14:54:00.596127,592.617655,RX,0x1E0,0,,,False,False,False
2026-02-11T14:54:00.597152,592.618680,RX,0x000,128,E0 01 00 00 00 00 00 00,........,False,True,True
2026-02-11T14:54:00.597152,592.618680,RX,0x000,128,00 38 9B 71 80 02 00 00,.8.q....,False,False,False
2026-02-11T14:54:00.597152,592.618680,RX,0x000,0,,,False,False,False
2026-02-11T14:54:00.597152,592.618680,RX,0x1E0,0,,,False,False,False
2026-02-11T14:54:00.597152,592.618680,RX,0x000,128,E0 01 00 00 00 00 00 00,........,False,True,True
2026-02-11T14:54:00.597152,592.618680,RX,0x000,128,00 38 9B 71 80 02 00 00,.8.q....,False,False,False
2026-02-11T14:54:00.597152,592.618680,RX,0x000,0,,,False,False,False
2026-02-11T14:54:00.597152,592.618680,RX,0x1E0,0,,,False,False,False
2026-02-11T14:54:00.597152,592.618680,RX,0x000,128,E0 01 00 00 00 00 00 00,........,False,True,True
2026-02-11T14:54:00.597152,592.618680,RX,0x000,128,00 38 9B 71 80 02 00 00,.8.q....,False,False,False
2026-02-11T14:54:00.597152,592.618680,RX,0x000,0,,,False,False,False
2026-02-11T14:54:00.597152,592.618680,RX,0x1E0,0,,,False,False,False
2026-02-11T14:54:00.597152,592.618680,RX,0x000,128,E0 01 00 00 00 00 00 00,........,False,True,True
2026-02-11T14:54:00.597152,592.618680,RX,0x000,128,00 38 9B 71 80 02 00 00,.8.q....,False,False,False
2026-02-11T14:54:00.598148,592.619676,RX,0x000,0,,,False,False,False
2026-02-11T14:54:00.598148,592.619676,RX,0x1E0,0,,,False,False,False
2026-02-11T14:54:00.598148,592.619676,RX,0x000,128,E0 01 00 00 00 00 00 00,........,False,True,True
2026-02-11T14:54:00.598148,592.619676,RX,0x000,128,00 38 9B 71 80 02 00 00,.8.q....,False,False,False
2026-02-11T14:54:00.598148,592.619676,RX,0x000,0,,,False,False,False
2026-02-11T14:54:00.598148,592.619676,RX,0x1E0,0,,,False,False,False
2026-02-11T14:54:00.598148,592.619676,RX,0x000,128,E0 01 00 00 00 00 00 00,........,False,True,True
2026-02-11T14:54:00.598148,592.619676,RX,0x000,128,00 38 9B 71 80 02 00 00,.8.q....,False,False,False
2026-02-11T14:54:00.598148,592.619676,RX,0x000,0,,,False,False,False
2026-02-11T14:54:00.598148,592.619676,RX,0x1E0,0,,,False,False,False
2026-02-11T14:54:00.598148,592.619676,RX,0x000,128,E0 01 00 00 00 00 00 00,........,False,True,True
2026-02-11T14:54:00.598148,592.619676,RX,0x000,128,00 38 9B 71 80 02 00 00,.8.q....,False,False,False
2026-02-11T14:54:00.598148,592.619676,RX,0x000,0,,,False,False,False
2026-02-11T14:54:00.598148,592.619676,RX,0x1E0,0,,,False,False,False
2026-02-11T14:54:00.598148,592.619676,RX,0x000,128,E0 01 00 00 00 00 00 00,........,False,True,True
2026-02-11T14:54:00.598148,592.619676,RX,0x000,128,00 38 9B 71 80 02 00 00,.8.q....,False,False,False
2026-02-11T14:54:00.598148,592.619676,RX,0x000,0,,,False,False,False
2026-02-11T14:54:00.599580,592.621108,RX,0x1E0,0,,,False,False,False
2026-02-11T14:54:00.599580,592.621108,RX,0x000,128,E0 01 00 00 00 00 00 00,........,False,True,True
2026-02-11T14:54:00.599580,592.621108,RX,0x000,128,00 38 9B 71 80 02 00 00,.8.q....,False,False,False
2026-02-11T14:54:00.599580,592.621108,RX,0x000,0,,,False,False,False
2026-02-11T14:54:00.599580,592.621108,RX,0x1E0,0,,,False,False,False
2026-02-11T14:54:00.599580,592.621108,RX,0x000,128,E0 01 00 00 00 00 00 00,........,False,True,True
2026-02-11T14:54:00.599580,592.621108,RX,0x000,128,00 38 9B 71 80 02 00 00,.8.q....,False,False,False
2026-02-11T14:54:00.599580,592.621108,RX,0x000,0,,,False,False,False
2026-02-11T14:54:00.599580,592.621108,RX,0x1E0,0,,,False,False,False
2026-02-11T14:54:00.599580,592.621108,RX,0x000,128,E0 01 00 00 00 00 00 00,........,False,True,True
2026-02-11T14:54:00.599580,592.621108,RX,0x000,128,00 38 9B 71 80 02 00 00,.8.q....,False,False,False
2026-02-11T14:54:00.599580,592.621108,RX,0x000,0,,,False,False,False
2026-02-11T14:54:00.599580,592.621108,RX,0x1E0,0,,,False,False,False
2026-02-11T14:54:00.601092,592.622620,RX,0x000,128,E0 01 00 00 00 00 00 00,........,False,True,True
2026-02-11T14:54:00.601092,592.622620,RX,0x000,128,00 38 9B 71 80 02 00 00,.8.q....,False,False,False
2026-02-11T14:54:00.601092,592.622620,RX,0x000,0,,,False,False,False
2026-02-11T14:54:00.601092,592.622620,RX,0x1E0,0,,,False,False,False
2026-02-11T14:54:00.601092,592.622620,RX,0x000,128,E0 01 00 00 00 00 00 00,........,False,True,True
2026-02-11T14:54:00.601092,592.622620,RX,0x000,128,00 38 9B 71 80 02 00 00,.8.q....,False,False,False
2026-02-11T14:54:00.602562,592.624090,RX,0x000,0,,,False,False,False
2026-02-11T14:54:00.602562,592.624090,RX,0x1E0,0,,,False,False,False
2026-02-11T14:54:00.602562,592.624090,RX,0x000,128,E0 01 00 00 00 00 00 00,........,False,True,True
2026-02-11T14:54:00.602562,592.624090,RX,0x000,128,00 38 9B 71 80 02 00 00,.8.q....,False,False,False
2026-02-11T14:54:00.602562,592.624090,RX,0x000,0,,,False,False,False
2026-02-11T14:54:00.602562,592.624090,RX,0x1E0,0,,,False,False,False
2026-02-11T14:54:00.602562,592.624090,RX,0x000,128,E0 01 00 00 00 00 00 00,........,False,True,True
2026-02-11T14:54:00.602562,592.624090,RX,0x000,128,00 38 9B 71 80 02 00 00,.8.q....,False,False,False
2026-02-11T14:54:00.603585,592.625113,RX,0x000,0,,,False,False,False
2026-02-11T14:54:00.603585,592.625113,RX,0x1E0,0,,,False,False,False
2026-02-11T14:54:00.604718,592.626246,RX,0x000,128,E0 01 00 00 00 00 00 00,........,False,True,True
2026-02-11T14:54:00.604718,592.626246,RX,0x000,128,00 38 9B 71 80 02 00 00,.8.q....,False,False,False
2026-02-11T14:54:00.604718,592.626246,RX,0x000,0,,,False,False,False
2026-02-11T14:54:00.604718,592.626246,RX,0x1E0,0,,,False,False,False
2026-02-11T14:54:00.606047,592.627574,RX,0x000,128,E0 01 00 00 00 00 00 00,........,False,True,True
2026-02-11T14:54:00.606047,592.627574,RX,0x000,128,00 38 9B 71 80 02 00 00,.8.q....,False,False,False
2026-02-11T14:54:00.606047,592.627574,RX,0x000,0,,,False,False,False
2026-02-11T14:54:00.606047,592.627574,RX,0x1E0,0,,,False,False,False
2026-02-11T14:54:00.606047,592.627574,RX,0x000,128,E0 01 00 00 00 00 00 00,........,False,True,True
2026-02-11T14:54:00.606047,592.627574,RX,0x000,128,00 38 9B 71 80 02 00 00,.8.q....,False,False,False
2026-02-11T14:54:00.606047,592.627574,RX,0x000,0,,,False,False,False
2026-02-11T14:54:00.607050,592.628578,RX,0x1E0,0,,,False,False,False
2026-02-11T14:54:00.607050,592.628578,RX,0x000,128,E0 01 00 00 00 00 00 00,........,False,True,True
2026-02-11T14:54:00.607050,592.628578,RX,0x000,128,00 38 9B 71 80 02 00 00,.8.q....,False,False,False
2026-02-11T14:54:00.607050,592.628578,RX,0x000,0,,,False,False,False
2026-02-11T14:54:00.608050,592.629578,RX,0x1E0,0,,,False,False,False
2026-02-11T14:54:00.608050,592.629578,RX,0x000,128,E0 01 00 00 00 00 00 00,........,False,True,True
2026-02-11T14:54:00.608050,592.629578,RX,0x000,128,00 38 9B 71 80 02 00 00,.8.q....,False,False,False
2026-02-11T14:54:00.608050,592.629578,RX,0x000,0,,,False,False,False
2026-02-11T14:54:00.608556,592.630084,RX,0x1E0,0,,,False,False,False
2026-02-11T14:54:00.608556,592.630084,RX,0x000,128,E0 01 00 00 00 00 00 00,........,False,True,True
2026-02-11T14:54:00.608556,592.630084,RX,0x000,128,00 38 9B 71 80 02 00 00,.8.q....,False,False,False
2026-02-11T14:54:00.608556,592.630084,RX,0x000,0,,,False,False,False
2026-02-11T14:54:00.608556,592.630084,RX,0x1E0,0,,,False,False,False
2026-02-11T14:54:00.608556,592.630084,RX,0x000,128,E0 01 00 00 00 00 00 00,........,False,True,True
2026-02-11T14:54:00.608556,592.630084,RX,0x000,128,00 38 9B 71 80 02 00 00,.8.q....,False,False,False
2026-02-11T14:54:00.609559,592.631087,RX,0x000,0,,,False,False,False
2026-02-11T14:54:00.609559,592.631087,RX,0x1E0,0,,,False,False,False
2026-02-11T14:54:00.609559,592.631087,RX,0x000,128,E0 01 00 00 00 00 00 00,........,False,True,True
2026-02-11T14:54:00.609559,592.631087,RX,0x000,128,00 38 9B 71 80 02 00 00,.8.q....,False,False,False
2026-02-11T14:54:00.609559,592.631087,RX,0x000,0,,,False,False,False
2026-02-11T14:54:00.609559,592.631087,RX,0x1E0,0,,,False,False,False
2026-02-11T14:54:00.609559,592.631087,RX,0x000,128,E0 01 00 00 00 00 00 00,........,False,True,True
2026-02-11T14:54:00.609559,592.631087,RX,0x000,128,00 38 9B 71 80 02 00 00,.8.q....,False,False,False
2026-02-11T14:54:00.609559,592.631087,RX,0x000,0,,,False,False,False
2026-02-11T14:54:00.609559,592.631087,RX,0x1E0,0,,,False,False,False
2026-02-11T14:54:00.609559,592.631087,RX,0x000,128,E0 01 00 00 00 00 00 00,........,False,True,True
2026-02-11T14:54:00.609559,592.631087,RX,0x000,128,00 38 9B 71 80 02 00 00,.8.q....,False,False,False
2026-02-11T14:54:00.609559,592.631087,RX,0x000,0,,,False,False,False
2026-02-11T14:54:00.609559,592.631087,RX,0x1E0,0,,,False,False,False
2026-02-11T14:54:00.609559,592.631087,RX,0x000,128,E0 01 00 00 00 00 00 00,........,False,True,True
2026-02-11T14:54:00.609559,592.631087,RX,0x000,128,00 38 9B 71 80 02 00 00,.8.q....,False,False,False
2026-02-11T14:54:00.611066,592.632594,RX,0x000,0,,,False,False,False
2026-02-11T14:54:00.611066,592.632594,RX,0x1E0,0,,,False,False,False
2026-02-11T14:54:00.611066,592.632594,RX,0x000,128,E0 01 00 00 00 00 00 00,........,False,True,True
2026-02-11T14:54:00.611066,592.632594,RX,0x000,128,00 38 9B 71 80 02 00 00,.8.q....,False,False,False
2026-02-11T14:54:00.611066,592.632594,RX,0x000,0,,,False,False,False
2026-02-11T14:54:00.611066,592.632594,RX,0x1E0,0,,,False,False,False
2026-02-11T14:54:00.611066,592.632594,RX,0x000,128,E0 01 00 00 00 00 00 00,........,False,True,True
2026-02-11T14:54:00.611066,592.632594,RX,0x000,128,00 38 9B 71 80 02 00 00,.8.q....,False,False,False
2026-02-11T14:54:00.611066,592.632594,RX,0x000,0,,,False,False,False
2026-02-11T14:54:00.611066,592.632594,RX,0x1E0,0,,,False,False,False
2026-02-11T14:54:00.611066,592.632594,RX,0x000,128,E0 01 00 00 00 00 00 00,........,False,True,True
2026-02-11T14:54:00.611066,592.632594,RX,0x000,128,00 38 9B 71 80 02 00 00,.8.q....,False,False,False
2026-02-11T14:54:00.611066,592.632594,RX,0x000,0,,,False,False,False
2026-02-11T14:54:00.611066,592.632594,RX,0x1E0,0,,,False,False,False
2026-02-11T14:54:00.611066,592.632594,RX,0x000,128,E0 01 00 00 00 00 00 00,........,False,True,True
2026-02-11T14:54:00.612073,592.633601,RX,0x000,128,00 38 9B 71 80 02 00 00,.8.q....,False,False,False
2026-02-11T14:54:00.612073,592.633601,RX,0x000,0,,,False,False,False
2026-02-11T14:54:00.612073,592.633601,RX,0x1E0,0,,,False,False,False
2026-02-11T14:54:00.612073,592.633601,RX,0x000,128,E0 01 00 00 00 00 00 00,........,False,True,True
2026-02-11T14:54:00.612073,592.633601,RX,0x000,128,00 38 9B 71 80 02 00 00,.8.q....,False,False,False
2026-02-11T14:54:00.612073,592.633601,RX,0x000,0,,,False,False,False
2026-02-11T14:54:00.612073,592.633601,RX,0x1E0,0,,,False,False,False
2026-02-11T14:54:00.612073,592.633601,RX,0x000,128,E0 01 00 00 00 00 00 00,........,False,True,True
2026-02-11T14:54:00.612073,592.633601,RX,0x000,128,00 38 9B 71 80 02 00 00,.8.q....,False,False,False
2026-02-11T14:54:00.612073,592.633601,RX,0x000,0,,,False,False,False
2026-02-11T14:54:00.612073,592.633601,RX,0x1E0,0,,,False,False,False
2026-02-11T14:54:00.612073,592.633601,RX,0x000,128,E0 01 00 00 00 00 00 00,........,False,True,True
2026-02-11T14:54:00.612073,592.633601,RX,0x000,128,00 38 9B 71 80 02 00 00,.8.q....,False,False,False
2026-02-11T14:54:00.612073,592.633601,RX,0x000,0,,,False,False,False
2026-02-11T14:54:00.613073,592.634601,RX,0x1E0,0,,,False,False,False
2026-02-11T14:54:00.613073,592.634601,RX,0x000,128,E0 01 00 00 00 00 00 00,........,False,True,True
2026-02-11T14:54:00.613073,592.634601,RX,0x000,128,00 38 9B 71 80 02 00 00,.8.q....,False,False,False
2026-02-11T14:54:00.613073,592.634601,RX,0x000,0,,,False,False,False
2026-02-11T14:54:00.613073,592.634601,RX,0x1E0,0,,,False,False,False
2026-02-11T14:54:00.613073,592.634601,RX,0x000,128,E0 01 00 00 00 00 00 00,........,False,True,True
2026-02-11T14:54:00.613073,592.634601,RX,0x000,128,00 38 9B 71 80 02 00 00,.8.q....,False,False,False
2026-02-11T14:54:00.613073,592.634601,RX,0x000,0,,,False,False,False
2026-02-11T14:54:00.613073,592.634601,RX,0x1E0,0,,,False,False,False
2026-02-11T14:54:00.613073,592.634601,RX,0x000,128,E0 01 00 00 00 00 00 00,........,False,True,True
2026-02-11T14:54:00.613073,592.634601,RX,0x000,128,00 38 9B 71 80 02 00 00,.8.q....,False,False,False
2026-02-11T14:54:00.613073,592.634601,RX,0x000,0,,,False,False,False
2026-02-11T14:54:00.613073,592.634601,RX,0x1E0,0,,,False,False,False
2026-02-11T14:54:00.613073,592.634601,RX,0x000,128,E0 01 00 00 00 00 00 00,........,False,True,True
2026-02-11T14:54:00.614074,592.635602,RX,0x000,128,00 38 9B 71 80 02 00 00,.8.q....,False,False,False
2026-02-11T14:54:00.614074,592.635602,RX,0x000,0,,,False,False,False
2026-02-11T14:54:00.614074,592.635602,RX,0x1E0,0,,,False,False,False
2026-02-11T14:54:00.614074,592.635602,RX,0x000,128,E0 01 00 00 00 00 00 00,........,False,True,True
2026-02-11T14:54:00.614074,592.635602,RX,0x000,128,00 38 9B 71 80 02 00 00,.8.q....,False,False,False
2026-02-11T14:54:00.614074,592.635602,RX,0x000,0,,,False,False,False
2026-02-11T14:54:00.614074,592.635602,RX,0x1E0,0,,,False,False,False
2026-02-11T14:54:00.614074,592.635602,RX,0x000,128,E0 01 00 00 00 00 00 00,........,False,True,True
2026-02-11T14:54:00.614074,592.635602,RX,0x000,128,00 38 9B 71 80 02 00 00,.8.q....,False,False,False
2026-02-11T14:54:00.614074,592.635602,RX,0x000,0,,,False,False,False
2026-02-11T14:54:00.614074,592.635602,RX,0x1E0,0,,,False,False,False
2026-02-11T14:54:00.614074,592.635602,RX,0x000,128,E0 01 00 00 00 00 00 00,........,False,True,True
2026-02-11T14:54:00.615073,592.636601,RX,0x000,128,00 38 9B 71 80 02 00 00,.8.q....,False,False,False
2026-02-11T14:54:00.615073,592.636601,RX,0x000,0,,,False,False,False
2026-02-11T14:54:00.615073,592.636601,RX,0x1E0,0,,,False,False,False
2026-02-11T14:54:00.615073,592.636601,RX,0x000,128,E0 01 00 00 00 00 00 00,........,False,True,True
2026-02-11T14:54:00.615073,592.636601,RX,0x000,128,00 38 9B 71 80 02 00 00,.8.q....,False,False,False
2026-02-11T14:54:00.615073,592.636601,RX,0x000,0,,,False,False,False
2026-02-11T14:54:00.615073,592.636601,RX,0x1E0,0,,,False,False,False
2026-02-11T14:54:00.615073,592.636601,RX,0x000,128,E0 01 00 00 00 00 00 00,........,False,True,True
2026-02-11T14:54:00.615073,592.636601,RX,0x000,128,00 38 9B 71 80 02 00 00,.8.q....,False,False,False
2026-02-11T14:54:00.615073,592.636601,RX,0x000,0,,,False,False,False
2026-02-11T14:54:00.616073,592.637601,RX,0x1E0,0,,,False,False,False
2026-02-11T14:54:00.616073,592.637601,RX,0x000,128,E0 01 00 00 00 00 00 00,........,False,True,True
2026-02-11T14:54:00.616073,592.637601,RX,0x000,128,00 38 9B 71 80 02 00 00,.8.q....,False,False,False
2026-02-11T14:54:00.616073,592.637601,RX,0x000,0,,,False,False,False
2026-02-11T14:54:00.616073,592.637601,RX,0x1E0,0,,,False,False,False
2026-02-11T14:54:00.616073,592.637601,RX,0x000,128,E0 01 00 00 00 00 00 00,........,False,True,True
2026-02-11T14:54:00.616073,592.637601,RX,0x000,128,00 38 9B 71 80 02 00 00,.8.q....,False,False,False
2026-02-11T14:54:00.616073,592.637601,RX,0x000,0,,,False,False,False
2026-02-11T14:54:00.616073,592.637601,RX,0x1E0,0,,,False,False,False
2026-02-11T14:54:00.616073,592.637601,RX,0x000,128,E0 01 00 00 00 00 00 00,........,False,True,True
2026-02-11T14:54:00.616073,592.637601,RX,0x000,128,00 38 9B 71 80 02 00 00,.8.q....,False,False,False
2026-02-11T14:54:00.616073,592.637601,RX,0x000,0,,,False,False,False
2026-02-11T14:54:00.616073,592.637601,RX,0x1E0,0,,,False,False,False
2026-02-11T14:54:00.616073,592.637601,RX,0x000,128,E0 01 00 00 00 00 00 00,........,False,True,True
2026-02-11T14:54:00.617077,592.638605,RX,0x000,128,00 38 9B 71 80 02 00 00,.8.q....,False,False,False
2026-02-11T14:54:00.617077,592.638605,RX,0x000,0,,,False,False,False
2026-02-11T14:54:00.617077,592.638605,RX,0x1E0,0,,,False,False,False
2026-02-11T14:54:00.617077,592.638605,RX,0x000,128,E0 01 00 00 00 00 00 00,........,False,True,True
2026-02-11T14:54:00.617077,592.638605,RX,0x000,128,00 38 9B 71 80 02 00 00,.8.q....,False,False,False
2026-02-11T14:54:00.617077,592.638605,RX,0x000,0,,,False,False,False
2026-02-11T14:54:00.617077,592.638605,RX,0x1E0,0,,,False,False,False
2026-02-11T14:54:00.617077,592.638605,RX,0x000,128,E0 01 00 00 00 00 00 00,........,False,True,True
2026-02-11T14:54:00.617077,592.638605,RX,0x000,128,00 38 9B 71 80 02 00 00,.8.q....,False,False,False
2026-02-11T14:54:00.617077,592.638605,RX,0x000,0,,,False,False,False
2026-02-11T14:54:00.617077,592.638605,RX,0x1E0,0,,,False,False,False
2026-02-11T14:54:00.617077,592.638605,RX,0x000,128,E0 01 00 00 00 00 00 00,........,False,True,True
2026-02-11T14:54:00.618073,592.639601,RX,0x000,128,00 38 9B 71 80 02 00 00,.8.q....,False,False,False
2026-02-11T14:54:00.618073,592.639601,RX,0x000,0,,,False,False,False
2026-02-11T14:54:00.618073,592.639601,RX,0x1E0,0,,,False,False,False
2026-02-11T14:54:00.618073,592.639601,RX,0x000,128,E0 01 00 00 00 00 00 00,........,False,True,True
2026-02-11T14:54:00.618073,592.639601,RX,0x000,128,00 38 9B 71 80 02 00 00,.8.q....,False,False,False
2026-02-11T14:54:00.618073,592.639601,RX,0x000,0,,,False,False,False
2026-02-11T14:54:00.618073,592.639601,RX,0x1E0,0,,,False,False,False
2026-02-11T14:54:00.618580,592.639601,RX,0x000,128,E0 01 00 00 00 00 00 00,........,False,True,True
2026-02-11T14:54:00.618580,592.640108,RX,0x000,128,00 38 9B 71 80 02 00 00,.8.q....,False,False,False
2026-02-11T14:54:00.618580,592.640108,RX,0x000,0,,,False,False,False
2026-02-11T14:54:00.618580,592.640108,RX,0x1E0,0,,,False,False,False
2026-02-11T14:54:00.618580,592.640108,RX,0x000,128,E0 01 00 00 00 00 00 00,........,False,True,True
2026-02-11T14:54:00.618580,592.640108,RX,0x000,128,00 38 9B 71 80 02 00 00,.8.q....,False,False,False
2026-02-11T14:54:00.618580,592.640108,RX,0x000,0,,,False,False,False
2026-02-11T14:54:00.618580,592.640108,RX,0x1E0,0,,,False,False,False
2026-02-11T14:54:00.618580,592.640108,RX,0x000,128,E0 01 00 00 00 00 00 00,........,False,True,True
2026-02-11T14:54:00.618580,592.640108,RX,0x000,128,00 38 9B 71 80 02 00 00,.8.q....,False,False,False
2026-02-11T14:54:00.618580,592.640108,RX,0x000,0,,,False,False,False
2026-02-11T14:54:00.618580,592.640108,RX,0x1E0,0,,,False,False,False
2026-02-11T14:54:00.618580,592.640108,RX,0x000,128,E0 01 00 00 00 00 00 00,........,False,True,True
2026-02-11T14:54:00.618580,592.640108,RX,0x000,128,00 38 9B 71 80 02 00 00,.8.q....,False,False,False
2026-02-11T14:54:00.618580,592.640108,RX,0x000,0,,,False,False,False
2026-02-11T14:54:00.619583,592.641111,RX,0x1E0,0,,,False,False,False
2026-02-11T14:54:00.619583,592.641111,RX,0x000,128,E0 01 00 00 00 00 00 00,........,False,True,True
2026-02-11T14:54:00.619583,592.641111,RX,0x000,128,00 38 9B 71 80 02 00 00,.8.q....,False,False,False
2026-02-11T14:54:00.619583,592.641111,RX,0x000,0,,,False,False,False
2026-02-11T14:54:00.619583,592.641111,RX,0x1E0,0,,,False,False,False
2026-02-11T14:54:00.619583,592.641111,RX,0x000,128,E0 01 00 00 00 00 00 00,........,False,True,True
2026-02-11T14:54:00.619583,592.641111,RX,0x000,128,00 38 9B 71 80 02 00 00,.8.q....,False,False,False
2026-02-11T14:54:00.619583,592.641111,RX,0x000,0,,,False,False,False
2026-02-11T14:54:00.619583,592.641111,RX,0x1E0,0,,,False,False,False
2026-02-11T14:54:00.619583,592.641111,RX,0x000,128,E0 01 00 00 00 00 00 00,........,False,True,True
2026-02-11T14:54:00.619583,592.641111,RX,0x000,128,00 38 9B 71 80 02 00 00,.8.q....,False,False,False
2026-02-11T14:54:00.619583,592.641111,RX,0x000,0,,,False,False,False
2026-02-11T14:54:00.619583,592.641111,RX,0x1E0,0,,,False,False,False
2026-02-11T14:54:00.619583,592.641111,RX,0x000,128,E0 01 00 00 00 00 00 00,........,False,True,True
2026-02-11T14:54:00.619583,592.641111,RX,0x000,128,00 38 9B 71 80 02 00 00,.8.q....,False,False,False
2026-02-11T14:54:00.619583,592.641111,RX,0x000,0,,,False,False,False
2026-02-11T14:54:00.619583,592.641111,RX,0x1E0,0,,,False,False,False
2026-02-11T14:54:00.619583,592.641111,RX,0x000,128,E0 01 00 00 00 00 00 00,........,False,True,True
2026-02-11T14:54:00.619583,592.641111,RX,0x000,128,00 38 9B 71 80 02 00 00,.8.q....,False,False,False
2026-02-11T14:54:00.619583,592.641111,RX,0x000,0,,,False,False,False
2026-02-11T14:54:00.619583,592.641111,RX,0x1E0,0,,,False,False,False
2026-02-11T14:54:00.619583,592.641111,RX,0x000,128,E0 01 00 00 00 00 00 00,........,False,True,True
2026-02-11T14:54:00.619583,592.641111,RX,0x000,128,00 38 9B 71 80 02 00 00,.8.q....,False,False,False
2026-02-11T14:54:00.621090,592.642617,RX,0x000,0,,,False,False,False
2026-02-11T14:54:00.621090,592.642617,RX,0x1E0,0,,,False,False,False
2026-02-11T14:54:00.621090,592.642617,RX,0x000,128,E0 01 00 00 00 00 00 00,........,False,True,True
2026-02-11T14:54:00.621090,592.642617,RX,0x000,128,00 38 9B 71 80 02 00 00,.8.q....,False,False,False
2026-02-11T14:54:00.621090,592.642617,RX,0x000,0,,,False,False,False
2026-02-11T14:54:00.621090,592.642617,RX,0x1E0,0,,,False,False,False
2026-02-11T14:54:00.621090,592.642617,RX,0x000,128,E0 01 00 00 00 00 00 00,........,False,True,True
2026-02-11T14:54:00.621090,592.642617,RX,0x000,128,00 38 9B 71 80 02 00 00,.8.q....,False,False,False
2026-02-11T14:54:00.621090,592.642617,RX,0x000,0,,,False,False,False
2026-02-11T14:54:00.622200,592.643728,RX,0x1E0,0,,,False,False,False
2026-02-11T14:54:00.622200,592.643728,RX,0x000,128,E0 01 00 00 00 00 00 00,........,False,True,True
2026-02-11T14:54:00.622200,592.643728,RX,0x000,128,00 38 9B 71 80 02 00 00,.8.q....,False,False,False
2026-02-11T14:54:00.622200,592.643728,RX,0x000,0,,,False,False,False
2026-02-11T14:54:00.622200,592.643728,RX,0x1E0,0,,,False,False,False
2026-02-11T14:54:00.622200,592.643728,RX,0x000,128,E0 01 00 00 00 00 00 00,........,False,True,True
2026-02-11T14:54:00.622200,592.643728,RX,0x000,128,00 38 9B 71 80 02 00 00,.8.q....,False,False,False
2026-02-11T14:54:00.622200,592.643728,RX,0x000,0,,,False,False,False
2026-02-11T14:54:00.622200,592.643728,RX,0x1E0,0,,,False,False,False
2026-02-11T14:54:00.622200,592.643728,RX,0x000,128,E0 01 00 00 00 00 00 00,........,False,True,True
2026-02-11T14:54:00.622200,592.643728,RX,0x000,128,00 38 9B 71 80 02 00 00,.8.q....,False,False,False
2026-02-11T14:54:00.622200,592.643728,RX,0x000,0,,,False,False,False
2026-02-11T14:54:00.622200,592.643728,RX,0x1E0,0,,,False,False,False
2026-02-11T14:54:00.623214,592.644742,RX,0x000,128,E0 01 00 00 00 00 00 00,........,False,True,True
2026-02-11T14:54:00.623214,592.644742,RX,0x000,128,00 38 9B 71 80 02 00 00,.8.q....,False,False,False
2026-02-11T14:54:00.623214,592.644742,RX,0x000,0,,,False,False,False
2026-02-11T14:54:00.623214,592.644742,RX,0x1E0,0,,,False,False,False
2026-02-11T14:54:00.623214,592.644742,RX,0x000,128,E0 01 00 00 00 00 00 00,........,False,True,True
2026-02-11T14:54:00.623214,592.644742,RX,0x000,128,00 38 9B 71 80 02 00 00,.8.q....,False,False,False
2026-02-11T14:54:00.623214,592.644742,RX,0x000,0,,,False,False,False
2026-02-11T14:54:00.623214,592.644742,RX,0x1E0,0,,,False,False,False
2026-02-11T14:54:00.623214,592.644742,RX,0x000,128,E0 01 00 00 00 00 00 00,........,False,True,True
2026-02-11T14:54:00.624230,592.645758,RX,0x000,128,00 38 9B 71 80 02 00 00,.8.q....,False,False,False
2026-02-11T14:54:00.624230,592.645758,RX,0x000,0,,,False,False,False
2026-02-11T14:54:00.624230,592.645758,RX,0x1E0,0,,,False,False,False
2026-02-11T14:54:00.624230,592.645758,RX,0x000,128,E0 01 00 00 00 00 00 00,........,False,True,True
2026-02-11T14:54:00.624230,592.645758,RX,0x000,128,00 38 9B 71 80 02 00 00,.8.q....,False,False,False
2026-02-11T14:54:00.624230,592.645758,RX,0x000,0,,,False,False,False
2026-02-11T14:54:00.624230,592.645758,RX,0x1E0,0,,,False,False,False
2026-02-11T14:54:00.624230,592.645758,RX,0x000,128,E0 01 00 00 00 00 00 00,........,False,True,True
2026-02-11T14:54:00.624230,592.645758,RX,0x000,128,00 38 9B 71 80 02 00 00,.8.q....,False,False,False
2026-02-11T14:54:00.624230,592.645758,RX,0x000,0,,,False,False,False
2026-02-11T14:54:00.624230,592.645758,RX,0x1E0,0,,,False,False,False
2026-02-11T14:54:00.624230,592.645758,RX,0x000,128,E0 01 00 00 00 00 00 00,........,False,True,True
2026-02-11T14:54:00.624230,592.645758,RX,0x000,128,00 38 9B 71 80 02 00 00,.8.q....,False,False,False
2026-02-11T14:54:00.624230,592.645758,RX,0x000,0,,,False,False,False
2026-02-11T14:54:00.624230,592.645758,RX,0x1E0,0,,,False,False,False
2026-02-11T14:54:00.624230,592.645758,RX,0x000,128,E0 01 00 00 00 00 00 00,........,False,True,True
2026-02-11T14:54:00.624230,592.645758,RX,0x000,128,00 38 9B 71 80 02 00 00,.8.q....,False,False,False
2026-02-11T14:54:00.624230,592.645758,RX,0x000,0,,,False,False,False
2026-02-11T14:54:00.624230,592.645758,RX,0x1E0,0,,,False,False,False
2026-02-11T14:54:00.625333,592.646861,RX,0x000,128,E0 01 00 00 00 00 00 00,........,False,True,True
2026-02-11T14:54:00.625333,592.646861,RX,0x000,128,00 38 9B 71 80 02 00 00,.8.q....,False,False,False
2026-02-11T14:54:00.625333,592.646861,RX,0x000,0,,,False,False,False
2026-02-11T14:54:00.625333,592.646861,RX,0x1E0,0,,,False,False,False
2026-02-11T14:54:00.625333,592.646861,RX,0x000,128,E0 01 00 00 00 00 00 00,........,False,True,True
2026-02-11T14:54:00.625333,592.646861,RX,0x000,128,00 38 9B 71 80 02 00 00,.8.q....,False,False,False
2026-02-11T14:54:00.625333,592.646861,RX,0x000,0,,,False,False,False
2026-02-11T14:54:00.625333,592.646861,RX,0x1E0,0,,,False,False,False
2026-02-11T14:54:00.625333,592.646861,RX,0x000,128,E0 01 00 00 00 00 00 00,........,False,True,True
2026-02-11T14:54:00.625333,592.646861,RX,0x000,128,00 38 9B 71 80 02 00 00,.8.q....,False,False,False
2026-02-11T14:54:00.625333,592.646861,RX,0x000,0,,,False,False,False
2026-02-11T14:54:00.625333,592.646861,RX,0x1E0,0,,,False,False,False
2026-02-11T14:54:00.625333,592.646861,RX,0x000,128,E0 01 00 00 00 00 00 00,........,False,True,True
2026-02-11T14:54:00.625333,592.646861,RX,0x000,128,00 38 9B 71 80 02 00 00,.8.q....,False,False,False
2026-02-11T14:54:00.625333,592.646861,RX,0x000,0,,,False,False,False
2026-02-11T14:54:00.625333,592.646861,RX,0x1E0,0,,,False,False,False
2026-02-11T14:54:00.625333,592.646861,RX,0x000,128,E0 01 00 00 00 00 00 00,........,False,True,True
2026-02-11T14:54:00.625333,592.646861,RX,0x000,128,00 38 9B 71 80 02 00 00,.8.q....,False,False,False
2026-02-11T14:54:00.626407,592.647935,RX,0x000,0,,,False,False,False
2026-02-11T14:54:00.626407,592.647935,RX,0x1E0,0,,,False,False,False
2026-02-11T14:54:00.626407,592.647935,RX,0x000,128,E0 01 00 00 00 00 00 00,........,False,True,True
2026-02-11T14:54:00.626407,592.647935,RX,0x000,128,00 38 9B 71 80 02 00 00,.8.q....,False,False,False
2026-02-11T14:54:00.626407,592.647935,RX,0x000,0,,,False,False,False
2026-02-11T14:54:00.626407,592.647935,RX,0x1E0,0,,,False,False,False
2026-02-11T14:54:00.626407,592.647935,RX,0x000,128,E0 01 00 00 00 00 00 00,........,False,True,True
2026-02-11T14:54:00.626407,592.647935,RX,0x000,128,00 38 9B 71 80 02 00 00,.8.q....,False,False,False
2026-02-11T14:54:00.626407,592.647935,RX,0x000,0,,,False,False,False
2026-02-11T14:54:00.626407,592.647935,RX,0x1E0,0,,,False,False,False
2026-02-11T14:54:00.626407,592.647935,RX,0x000,128,E0 01 00 00 00 00 00 00,........,False,True,True
2026-02-11T14:54:00.627260,592.648788,RX,0x000,128,00 38 9B 71 80 02 00 00,.8.q....,False,False,False
2026-02-11T14:54:00.627260,592.648788,RX,0x000,0,,,False,False,False
2026-02-11T14:54:00.627260,592.648788,RX,0x1E0,0,,,False,False,False
2026-02-11T14:54:00.627260,592.648788,RX,0x000,128,E0 01 00 00 00 00 00 00,........,False,True,True
2026-02-11T14:54:00.627260,592.648788,RX,0x000,128,00 38 9B 71 80 02 00 00,.8.q....,False,False,False
2026-02-11T14:54:00.627260,592.648788,RX,0x000,0,,,False,False,False
2026-02-11T14:54:00.627260,592.648788,RX,0x1E0,0,,,False,False,False
2026-02-11T14:54:00.627260,592.648788,RX,0x000,128,E0 01 00 00 00 00 00 00,........,False,True,True
2026-02-11T14:54:00.627260,592.648788,RX,0x000,128,00 38 9B 71 80 02 00 00,.8.q....,False,False,False
2026-02-11T14:54:00.627260,592.648788,RX,0x000,0,,,False,False,False
2026-02-11T14:54:00.627260,592.648788,RX,0x1E0,0,,,False,False,False
2026-02-11T14:54:00.627260,592.648788,RX,0x000,128,E0 01 00 00 00 00 00 00,........,False,True,True
2026-02-11T14:54:00.627260,592.648788,RX,0x000,128,00 38 9B 71 80 02 00 00,.8.q....,False,False,False
2026-02-11T14:54:00.627260,592.648788,RX,0x000,0,,,False,False,False
2026-02-11T14:54:00.627260,592.648788,RX,0x1E0,0,,,False,False,False
2026-02-11T14:54:00.627260,592.648788,RX,0x000,128,E0 01 00 00 00 00 00 00,........,False,True,True
2026-02-11T14:54:00.627260,592.648788,RX,0x000,128,00 38 9B 71 80 02 00 00,.8.q....,False,False,False
2026-02-11T14:54:00.628277,592.649805,RX,0x000,0,,,False,False,False
2026-02-11T14:54:00.628277,592.649805,RX,0x1E0,0,,,False,False,False
2026-02-11T14:54:00.628277,592.649805,RX,0x000,128,E0 01 00 00 00 00 00 00,........,False,True,True
2026-02-11T14:54:00.628277,592.649805,RX,0x000,128,00 38 9B 71 80 02 00 00,.8.q....,False,False,False
2026-02-11T14:54:00.628277,592.649805,RX,0x000,0,,,False,False,False
2026-02-11T14:54:00.628808,592.650336,RX,0x1E0,0,,,False,False,False
2026-02-11T14:54:00.628808,592.650336,RX,0x000,128,E0 01 00 00 00 00 00 00,........,False,True,True
2026-02-11T14:54:00.628808,592.650336,RX,0x000,128,00 38 9B 71 80 02 00 00,.8.q....,False,False,False
2026-02-11T14:54:00.628808,592.650336,RX,0x000,0,,,False,False,False
2026-02-11T14:54:00.628808,592.650336,RX,0x1E0,0,,,False,False,False
2026-02-11T14:54:00.628808,592.650336,RX,0x000,128,E0 01 00 00 00 00 00 00,........,False,True,True
2026-02-11T14:54:00.628808,592.650336,RX,0x000,128,00 38 9B 71 80 02 00 00,.8.q....,False,False,False
2026-02-11T14:54:00.628808,592.650336,RX,0x000,0,,,False,False,False
2026-02-11T14:54:00.628808,592.650336,RX,0x1E0,0,,,False,False,False
2026-02-11T14:54:00.628808,592.650336,RX,0x000,128,E0 01 00 00 00 00 00 00,........,False,True,True
2026-02-11T14:54:00.629811,592.650336,RX,0x000,128,00 38 9B 71 80 02 00 00,.8.q....,False,False,False
2026-02-11T14:54:00.629811,592.651339,RX,0x000,0,,,False,False,False
2026-02-11T14:54:00.629811,592.651339,RX,0x1E0,0,,,False,False,False
2026-02-11T14:54:00.629811,592.651339,RX,0x000,128,E0 01 00 00 00 00 00 00,........,False,True,True
2026-02-11T14:54:00.629811,592.651339,RX,0x000,128,00 38 9B 71 80 02 00 00,.8.q....,False,False,False
2026-02-11T14:54:00.629811,592.651339,RX,0x000,0,,,False,False,False
2026-02-11T14:54:00.629811,592.651339,RX,0x1E0,0,,,False,False,False
2026-02-11T14:54:00.629811,592.651339,RX,0x000,128,E0 01 00 00 00 00 00 00,........,False,True,True
2026-02-11T14:54:00.629811,592.651339,RX,0x000,128,00 38 9B 71 80 02 00 00,.8.q....,False,False,False
2026-02-11T14:54:00.629811,592.651339,RX,0x000,0,,,False,False,False
2026-02-11T14:54:00.630991,592.652519,RX,0x1E0,0,,,False,False,False
2026-02-11T14:54:00.630991,592.652519,RX,0x000,128,E0 01 00 00 00 00 00 00,........,False,True,True
2026-02-11T14:54:00.630991,592.652519,RX,0x000,128,00 38 9B 71 80 02 00 00,.8.q....,False,False,False
2026-02-11T14:54:00.630991,592.652519,RX,0x000,0,,,False,False,False
2026-02-11T14:54:00.630991,592.652519,RX,0x1E0,0,,,False,False,False
2026-02-11T14:54:00.630991,592.652519,RX,0x000,128,E0 01 00 00 00 00 00 00,........,False,True,True
2026-02-11T14:54:00.630991,592.652519,RX,0x000,128,00 38 9B 71 80 02 00 00,.8.q....,False,False,False
2026-02-11T14:54:00.630991,592.652519,RX,0x000,0,,,False,False,False
2026-02-11T14:54:00.630991,592.652519,RX,0x1E0,0,,,False,False,False
2026-02-11T14:54:00.630991,592.652519,RX,0x000,128,E0 01 00 00 00 00 00 00,........,False,True,True
2026-02-11T14:54:00.631995,592.652519,RX,0x000,128,00 38 9B 71 80 02 00 00,.8.q....,False,False,False
2026-02-11T14:54:00.631995,592.653523,RX,0x000,0,,,False,False,False
2026-02-11T14:54:00.631995,592.653523,RX,0x1E0,0,,,False,False,False
2026-02-11T14:54:00.631995,592.653523,RX,0x000,128,E0 01 00 00 00 00 00 00,........,False,True,True
2026-02-11T14:54:00.631995,592.653523,RX,0x000,128,00 38 9B 71 80 02 00 00,.8.q....,False,False,False
2026-02-11T14:54:00.631995,592.653523,RX,0x000,0,,,False,False,False
2026-02-11T14:54:00.631995,592.653523,RX,0x1E0,0,,,False,False,False
2026-02-11T14:54:00.631995,592.653523,RX,0x000,128,E0 01 00 00 00 00 00 00,........,False,True,True
2026-02-11T14:54:00.631995,592.653523,RX,0x000,128,00 38 9B 71 80 02 00 00,.8.q....,False,False,False
2026-02-11T14:54:00.631995,592.653523,RX,0x000,0,,,False,False,False
2026-02-11T14:54:00.631995,592.653523,RX,0x1E0,0,,,False,False,False
2026-02-11T14:54:00.631995,592.653523,RX,0x000,128,E0 01 00 00 00 00 00 00,........,False,True,True
2026-02-11T14:54:00.632995,592.654523,RX,0x000,128,00 38 9B 71 80 02 00 00,.8.q....,False,False,False
2026-02-11T14:54:00.632995,592.654523,RX,0x000,0,,,False,False,False
2026-02-11T14:54:00.632995,592.654523,RX,0x1E0,0,,,False,False,False
2026-02-11T14:54:00.632995,592.654523,RX,0x000,128,E0 01 00 00 00 00 00 00,........,False,True,True
2026-02-11T14:54:00.632995,592.654523,RX,0x000,128,00 38 9B 71 80 02 00 00,.8.q....,False,False,False
2026-02-11T14:54:00.632995,592.654523,RX,0x000,0,,,False,False,False
2026-02-11T14:54:00.632995,592.654523,RX,0x1E0,0,,,False,False,False
2026-02-11T14:54:00.632995,592.654523,RX,0x000,128,E0 01 00 00 00 00 00 00,........,False,True,True
2026-02-11T14:54:00.632995,592.654523,RX,0x000,128,00 38 9B 71 80 02 00 00,.8.q....,False,False,False
2026-02-11T14:54:00.632995,592.654523,RX,0x000,0,,,False,False,False
2026-02-11T14:54:00.632995,592.654523,RX,0x1E0,0,,,False,False,False
2026-02-11T14:54:00.632995,592.654523,RX,0x000,128,E0 01 00 00 00 00 00 00,........,False,True,True
2026-02-11T14:54:00.632995,592.654523,RX,0x000,128,00 38 9B 71 80 02 00 00,.8.q....,False,False,False
2026-02-11T14:54:00.632995,592.654523,RX,0x000,0,,,False,False,False
2026-02-11T14:54:00.632995,592.654523,RX,0x1E0,0,,,False,False,False
2026-02-11T14:54:00.633995,592.655523,RX,0x000,128,E0 01 00 00 00 00 00 00,........,False,True,True
2026-02-11T14:54:00.633995,592.655523,RX,0x000,128,00 38 9B 71 80 02 00 00,.8.q....,False,False,False
2026-02-11T14:54:00.633995,592.655523,RX,0x000,0,,,False,False,False
2026-02-11T14:54:00.633995,592.655523,RX,0x1E0,0,,,False,False,False
2026-02-11T14:54:00.633995,592.655523,RX,0x000,128,E0 01 00 00 00 00 00 00,........,False,True,True
2026-02-11T14:54:00.633995,592.655523,RX,0x000,128,00 38 9B 71 80 02 00 00,.8.q....,False,False,False
2026-02-11T14:54:00.633995,592.655523,RX,0x000,0,,,False,False,False
2026-02-11T14:54:00.633995,592.655523,RX,0x1E0,0,,,False,False,False
2026-02-11T14:54:00.633995,592.655523,RX,0x000,128,E0 01 00 00 00 00 00 00,........,False,True,True
2026-02-11T14:54:00.633995,592.655523,RX,0x000,128,00 38 9B 71 80 02 00 00,.8.q....,False,False,False
2026-02-11T14:54:00.633995,592.655523,RX,0x000,0,,,False,False,False
2026-02-11T14:54:00.633995,592.655523,RX,0x1E0,0,,,False,False,False
2026-02-11T14:54:00.633995,592.655523,RX,0x000,128,E0 01 00 00 00 00 00 00,........,False,True,True
2026-02-11T14:54:00.633995,592.655523,RX,0x000,128,00 38 9B 71 80 02 00 00,.8.q....,False,False,False
2026-02-11T14:54:00.635009,592.656537,RX,0x000,0,,,False,False,False
2026-02-11T14:54:00.635009,592.656537,RX,0x1E0,0,,,False,False,False
2026-02-11T14:54:00.635009,592.656537,RX,0x000,128,E0 01 00 00 00 00 00 00,........,False,True,True
2026-02-11T14:54:00.635009,592.656537,RX,0x000,128,00 38 9B 71 80 02 00 00,.8.q....,False,False,False
2026-02-11T14:54:00.635009,592.656537,RX,0x000,0,,,False,False,False
2026-02-11T14:54:00.635009,592.656537,RX,0x1E0,0,,,False,False,False
2026-02-11T14:54:00.635009,592.656537,RX,0x000,128,E0 01 00 00 00 00 00 00,........,False,True,True
2026-02-11T14:54:00.635009,592.656537,RX,0x000,128,00 38 9B 71 80 02 00 00,.8.q....,False,False,False
2026-02-11T14:54:00.635009,592.656537,RX,0x000,0,,,False,False,False
2026-02-11T14:54:00.635009,592.656537,RX,0x1E0,0,,,False,False,False
2026-02-11T14:54:00.635009,592.656537,RX,0x000,128,E0 01 00 00 00 00 00 00,........,False,True,True
2026-02-11T14:54:00.635009,592.656537,RX,0x000,128,00 38 9B 71 80 02 00 00,.8.q....,False,False,False
2026-02-11T14:54:00.635009,592.656537,RX,0x000,0,,,False,False,False
2026-02-11T14:54:00.635009,592.656537,RX,0x1E0,0,,,False,False,False
2026-02-11T14:54:00.635009,592.656537,RX,0x000,128,E0 01 00 00 00 00 00 00,........,False,True,True
2026-02-11T14:54:00.635009,592.656537,RX,0x000,128,00 38 9B 71 80 02 00 00,.8.q....,False,False,False
2026-02-11T14:54:00.636092,592.657620,RX,0x000,0,,,False,False,False
2026-02-11T14:54:00.636092,592.657620,RX,0x1E0,0,,,False,False,False
2026-02-11T14:54:00.636092,592.657620,RX,0x000,128,E0 01 00 00 00 00 00 00,........,False,True,True
2026-02-11T14:54:00.636092,592.657620,RX,0x000,128,00 38 9B 71 80 02 00 00,.8.q....,False,False,False
2026-02-11T14:54:00.636092,592.657620,RX,0x000,0,,,False,False,False
2026-02-11T14:54:00.636092,592.657620,RX,0x1E0,0,,,False,False,False
2026-02-11T14:54:00.636092,592.657620,RX,0x000,128,E0 01 00 00 00 00 00 00,........,False,True,True
2026-02-11T14:54:00.636092,592.657620,RX,0x000,128,00 38 9B 71 80 02 00 00,.8.q....,False,False,False
2026-02-11T14:54:00.636092,592.657620,RX,0x000,0,,,False,False,False
2026-02-11T14:54:00.636092,592.657620,RX,0x1E0,0,,,False,False,False
2026-02-11T14:54:00.636092,592.657620,RX,0x000,128,E0 01 00 00 00 00 00 00,........,False,True,True
2026-02-11T14:54:00.636092,592.657620,RX,0x000,128,00 38 9B 71 80 02 00 00,.8.q....,False,False,False
2026-02-11T14:54:00.636092,592.657620,RX,0x000,0,,,False,False,False
2026-02-11T14:54:00.636092,592.657620,RX,0x1E0,0,,,False,False,False
2026-02-11T14:54:00.636092,592.657620,RX,0x000,128,E0 01 00 00 00 00 00 00,........,False,True,True
2026-02-11T14:54:00.636092,592.657620,RX,0x000,128,00 38 9B 71 80 02 00 00,.8.q....,False,False,False
2026-02-11T14:54:00.636092,592.657620,RX,0x000,0,,,False,False,False
2026-02-11T14:54:00.637114,592.658642,RX,0x1E0,0,,,False,False,False
2026-02-11T14:54:00.637114,592.658642,RX,0x000,128,E0 01 00 00 00 00 00 00,........,False,True,True
2026-02-11T14:54:00.637114,592.658642,RX,0x000,128,00 38 9B 71 80 02 00 00,.8.q....,False,False,False
2026-02-11T14:54:00.637114,592.658642,RX,0x000,0,,,False,False,False
2026-02-11T14:54:00.637114,592.658642,RX,0x1E0,0,,,False,False,False
2026-02-11T14:54:00.637114,592.658642,RX,0x000,128,E0 01 00 00 00 00 00 00,........,False,True,True
2026-02-11T14:54:00.637114,592.658642,RX,0x000,128,00 38 9B 71 80 02 00 00,.8.q....,False,False,False
2026-02-11T14:54:00.637114,592.658642,RX,0x000,0,,,False,False,False
2026-02-11T14:54:00.637114,592.658642,RX,0x1E0,0,,,False,False,False
2026-02-11T14:54:00.637114,592.658642,RX,0x000,128,E0 01 00 00 00 00 00 00,........,False,True,True
2026-02-11T14:54:00.637114,592.658642,RX,0x000,128,00 38 9B 71 80 02 00 00,.8.q....,False,False,False
2026-02-11T14:54:00.637114,592.658642,RX,0x000,0,,,False,False,False
2026-02-11T14:54:00.637114,592.658642,RX,0x1E0,0,,,False,False,False
2026-02-11T14:54:00.638117,592.659645,RX,0x000,128,E0 01 00 00 00 00 00 00,........,False,True,True
2026-02-11T14:54:00.638117,592.659645,RX,0x000,128,00 38 9B 71 80 02 00 00,.8.q....,False,False,False
2026-02-11T14:54:00.638117,592.659645,RX,0x000,0,,,False,False,False
2026-02-11T14:54:00.638117,592.659645,RX,0x1E0,0,,,False,False,False
2026-02-11T14:54:00.638117,592.659645,RX,0x000,128,E0 01 00 00 00 00 00 00,........,False,True,True
2026-02-11T14:54:00.638117,592.659645,RX,0x000,128,00 38 9B 71 80 02 00 00,.8.q....,False,False,False
2026-02-11T14:54:00.638117,592.659645,RX,0x000,0,,,False,False,False
2026-02-11T14:54:00.638625,592.660153,RX,0x1E0,0,,,False,False,False
2026-02-11T14:54:00.638625,592.660153,RX,0x000,128,E0 01 00 00 00 00 00 00,........,False,True,True
2026-02-11T14:54:00.638625,592.660153,RX,0x000,128,00 38 9B 71 80 02 00 00,.8.q....,False,False,False
2026-02-11T14:54:00.638625,592.660153,RX,0x000,0,,,False,False,False
2026-02-11T14:54:00.638625,592.660153,RX,0x1E0,0,,,False,False,False
2026-02-11T14:54:00.638625,592.660153,RX,0x000,128,E0 01 00 00 00 00 00 00,........,False,True,True
2026-02-11T14:54:00.638625,592.660153,RX,0x000,128,00 38 9B 71 80 02 00 00,.8.q....,False,False,False
2026-02-11T14:54:00.638625,592.660153,RX,0x000,0,,,False,False,False
2026-02-11T14:54:00.638625,592.660153,RX,0x1E0,0,,,False,False,False
2026-02-11T14:54:00.638625,592.660153,RX,0x000,128,E0 01 00 00 00 00 00 00,........,False,True,True
2026-02-11T14:54:00.639636,592.661164,RX,0x000,128,00 38 9B 71 80 02 00 00,.8.q....,False,False,False
2026-02-11T14:54:00.639636,592.661164,RX,0x000,0,,,False,False,False
2026-02-11T14:54:00.639636,592.661164,RX,0x1E0,0,,,False,False,False
2026-02-11T14:54:00.639636,592.661164,RX,0x000,128,E0 01 00 00 00 00 00 00,........,False,True,True
2026-02-11T14:54:00.639636,592.661164,RX,0x000,128,00 38 9B 71 80 02 00 00,.8.q....,False,False,False
2026-02-11T14:54:00.639636,592.661164,RX,0x000,0,,,False,False,False
2026-02-11T14:54:00.639636,592.661164,RX,0x1E0,0,,,False,False,False
2026-02-11T14:54:00.639636,592.661164,RX,0x000,128,E0 01 00 00 00 00 00 00,........,False,True,True
2026-02-11T14:54:00.639636,592.661164,RX,0x000,128,00 38 9B 71 80 02 00 00,.8.q....,False,False,False
2026-02-11T14:54:00.639636,592.661164,RX,0x000,0,,,False,False,False
2026-02-11T14:54:00.639636,592.661164,RX,0x1E0,0,,,False,False,False
2026-02-11T14:54:00.639636,592.661164,RX,0x000,128,E0 01 00 00 00 00 00 00,........,False,True,True
2026-02-11T14:54:00.639636,592.661164,RX,0x000,128,00 38 9B 71 80 02 00 00,.8.q....,False,False,False
2026-02-11T14:54:00.639636,592.661164,RX,0x000,0,,,False,False,False
2026-02-11T14:54:00.640737,592.661164,RX,0x1E0,0,,,False,False,False
2026-02-11T14:54:00.640737,592.662265,RX,0x000,128,E0 01 00 00 00 00 00 00,........,False,True,True
2026-02-11T14:54:00.640737,592.662265,RX,0x000,128,00 38 9B 71 80 02 00 00,.8.q....,False,False,False
2026-02-11T14:54:00.640737,592.662265,RX,0x000,0,,,False,False,False
2026-02-11T14:54:00.640737,592.662265,RX,0x1E0,0,,,False,False,False
2026-02-11T14:54:00.640737,592.662265,RX,0x000,128,E0 01 00 00 00 00 00 00,........,False,True,True
2026-02-11T14:54:00.640737,592.662265,RX,0x000,128,00 38 9B 71 80 02 00 00,.8.q....,False,False,False
2026-02-11T14:54:00.640737,592.662265,RX,0x000,0,,,False,False,False
2026-02-11T14:54:00.640737,592.662265,RX,0x1E0,0,,,False,False,False
2026-02-11T14:54:00.640737,592.662265,RX,0x000,128,E0 01 00 00 00 00 00 00,........,False,True,True
2026-02-11T14:54:00.640737,592.662265,RX,0x000,128,00 38 9B 71 80 02 00 00,.8.q....,False,False,False
2026-02-11T14:54:00.640737,592.662265,RX,0x000,0,,,False,False,False
2026-02-11T14:54:00.640737,592.662265,RX,0x1E0,0,,,False,False,False
2026-02-11T14:54:00.640737,592.662265,RX,0x000,128,E0 01 00 00 00 00 00 00,........,False,True,True
2026-02-11T14:54:00.641764,592.663292,RX,0x000,128,00 38 9B 71 80 02 00 00,.8.q....,False,False,False
2026-02-11T14:54:00.641764,592.663292,RX,0x000,0,,,False,False,False
2026-02-11T14:54:00.641764,592.663292,RX,0x1E0,0,,,False,False,False
2026-02-11T14:54:00.641764,592.663292,RX,0x000,128,E0 01 00 00 00 00 00 00,........,False,True,True
2026-02-11T14:54:00.641764,592.663292,RX,0x000,128,00 38 9B 71 80 02 00 00,.8.q....,False,False,False
2026-02-11T14:54:00.641764,592.663292,RX,0x000,0,,,False,False,False
2026-02-11T14:54:00.641764,592.663292,RX,0x1E0,0,,,False,False,False
2026-02-11T14:54:00.641764,592.663292,RX,0x000,128,E0 01 00 00 00 00 00 00,........,False,True,True
2026-02-11T14:54:00.641764,592.663292,RX,0x000,128,00 38 9B 71 80 02 00 00,.8.q....,False,False,False
2026-02-11T14:54:00.641764,592.663292,RX,0x000,0,,,False,False,False
2026-02-11T14:54:00.641764,592.663292,RX,0x1E0,0,,,False,False,False
2026-02-11T14:54:00.641764,592.663292,RX,0x000,128,E0 01 00 00 00 00 00 00,........,False,True,True
2026-02-11T14:54:00.641764,592.663292,RX,0x000,128,00 38 9B 71 80 02 00 00,.8.q....,False,False,False
2026-02-11T14:54:00.642803,592.664331,RX,0x000,0,,,False,False,False
2026-02-11T14:54:00.642803,592.664331,RX,0x1E0,0,,,False,False,False
2026-02-11T14:54:00.642803,592.664331,RX,0x000,128,E0 01 00 00 00 00 00 00,........,False,True,True
2026-02-11T14:54:00.642803,592.664331,RX,0x000,128,00 38 9B 71 80 02 00 00,.8.q....,False,False,False
2026-02-11T14:54:00.642803,592.664331,RX,0x000,0,,,False,False,False
2026-02-11T14:54:00.642803,592.664331,RX,0x1E0,0,,,False,False,False
2026-02-11T14:54:00.642803,592.664331,RX,0x000,128,E0 01 00 00 00 00 00 00,........,False,True,True
2026-02-11T14:54:00.642803,592.664331,RX,0x000,128,00 38 9B 71 80 02 00 00,.8.q....,False,False,False
2026-02-11T14:54:00.642803,592.664331,RX,0x000,0,,,False,False,False
2026-02-11T14:54:00.642803,592.664331,RX,0x1E0,0,,,False,False,False
2026-02-11T14:54:00.642803,592.664331,RX,0x000,128,E0 01 00 00 00 00 00 00,........,False,True,True
2026-02-11T14:54:00.642803,592.664331,RX,0x000,128,00 38 9B 71 80 02 00 00,.8.q....,False,False,False
2026-02-11T14:54:00.642803,592.664331,RX,0x000,0,,,False,False,False
2026-02-11T14:54:00.642803,592.664331,RX,0x1E0,0,,,False,False,False
2026-02-11T14:54:00.642803,592.664331,RX,0x000,128,E0 01 00 00 00 00 00 00,........,False,True,True
2026-02-11T14:54:00.642803,592.664331,RX,0x000,128,00 38 9B 71 80 02 00 00,.8.q....,False,False,False
2026-02-11T14:54:00.642803,592.664331,RX,0x000,0,,,False,False,False
2026-02-11T14:54:00.642803,592.664331,RX,0x1E0,0,,,False,False,False
2026-02-11T14:54:00.643823,592.665351,RX,0x000,128,E0 01 00 00 00 00 00 00,........,False,True,True
2026-02-11T14:54:00.643823,592.665351,RX,0x000,128,00 38 9B 71 80 02 00 00,.8.q....,False,False,False
2026-02-11T14:54:00.643823,592.665351,RX,0x000,0,,,False,False,False
2026-02-11T14:54:00.643823,592.665351,RX,0x1E0,0,,,False,False,False
2026-02-11T14:54:00.643823,592.665351,RX,0x000,128,E0 01 00 00 00 00 00 00,........,False,True,True
2026-02-11T14:54:00.643823,592.665351,RX,0x000,128,00 38 9B 71 80 02 00 00,.8.q....,False,False,False
2026-02-11T14:54:00.643823,592.665351,RX,0x000,0,,,False,False,False
2026-02-11T14:54:00.643823,592.665351,RX,0x1E0,0,,,False,False,False
2026-02-11T14:54:00.643823,592.665351,RX,0x000,128,E0 01 00 00 00 00 00 00,........,False,True,True
2026-02-11T14:54:00.643823,592.665351,RX,0x000,128,00 38 9B 71 80 02 00 00,.8.q....,False,False,False
2026-02-11T14:54:00.643823,592.665351,RX,0x000,0,,,False,False,False
2026-02-11T14:54:00.643823,592.665351,RX,0x1E0,0,,,False,False,False
2026-02-11T14:54:00.643823,592.665351,RX,0x000,128,E0 01 00 00 00 00 00 00,........,False,True,True
2026-02-11T14:54:00.643823,592.665351,RX,0x000,128,00 38 9B 71 80 02 00 00,.8.q....,False,False,False
2026-02-11T14:54:00.644887,592.666415,RX,0x000,0,,,False,False,False
2026-02-11T14:54:00.644887,592.666415,RX,0x1E0,0,,,False,False,False
2026-02-11T14:54:00.644887,592.666415,RX,0x000,128,E0 01 00 00 00 00 00 00,........,False,True,True
2026-02-11T14:54:00.644887,592.666415,RX,0x000,128,00 38 9B 71 80 02 00 00,.8.q....,False,False,False
2026-02-11T14:54:00.644887,592.666415,RX,0x000,0,,,False,False,False
2026-02-11T14:54:00.644887,592.666415,RX,0x1E0,0,,,False,False,False
2026-02-11T14:54:00.644887,592.666415,RX,0x000,128,E0 01 00 00 00 00 00 00,........,False,True,True
2026-02-11T14:54:00.644887,592.666415,RX,0x000,128,00 38 9B 71 80 02 00 00,.8.q....,False,False,False
2026-02-11T14:54:00.644887,592.666415,RX,0x000,0,,,False,False,False
2026-02-11T14:54:00.644887,592.666415,RX,0x1E0,0,,,False,False,False
2026-02-11T14:54:00.644887,592.666415,RX,0x000,128,E0 01 00 00 00 00 00 00,........,False,True,True
2026-02-11T14:54:00.644887,592.666415,RX,0x000,128,00 38 9B 71 80 02 00 00,.8.q....,False,False,False
2026-02-11T14:54:00.644887,592.666415,RX,0x000,0,,,False,False,False
2026-02-11T14:54:00.644887,592.666415,RX,0x1E0,0,,,False,False,False
2026-02-11T14:54:00.644887,592.666415,RX,0x000,128,E0 01 00 00 00 00 00 00,........,False,True,True
2026-02-11T14:54:00.644887,592.666415,RX,0x000,128,00 38 9B 71 80 02 00 00,.8.q....,False,False,False
2026-02-11T14:54:00.646037,592.667565,RX,0x000,0,,,False,False,False
2026-02-11T14:54:00.646037,592.667565,RX,0x1E0,0,,,False,False,False
2026-02-11T14:54:00.646037,592.667565,RX,0x000,128,E0 01 00 00 00 00 00 00,........,False,True,True
2026-02-11T14:54:00.646037,592.667565,RX,0x000,128,00 38 9B 71 80 02 00 00,.8.q....,False,False,False
2026-02-11T14:54:00.646037,592.667565,RX,0x000,0,,,False,False,False
2026-02-11T14:54:00.646037,592.667565,RX,0x1E0,0,,,False,False,False
2026-02-11T14:54:00.647059,592.668587,RX,0x000,128,E0 01 00 00 00 00 00 00,........,False,True,True
2026-02-11T14:54:00.647059,592.668587,RX,0x000,128,00 38 9B 71 80 02 00 00,.8.q....,False,False,False
2026-02-11T14:54:00.647059,592.668587,RX,0x000,0,,,False,False,False
2026-02-11T14:54:00.647059,592.668587,RX,0x1E0,0,,,False,False,False
2026-02-11T14:54:00.647059,592.668587,RX,0x000,128,E0 01 00 00 00 00 00 00,........,False,True,True
2026-02-11T14:54:00.647059,592.668587,RX,0x000,128,00 38 9B 71 80 02 00 00,.8.q....,False,False,False
2026-02-11T14:54:00.647059,592.668587,RX,0x000,0,,,False,False,False
2026-02-11T14:54:00.647059,592.668587,RX,0x1E0,0,,,False,False,False
2026-02-11T14:54:00.648055,592.669583,RX,0x000,128,E0 01 00 00 00 00 00 00,........,False,True,True
2026-02-11T14:54:00.648055,592.669583,RX,0x000,128,00 38 9B 71 80 02 00 00,.8.q....,False,False,False
2026-02-11T14:54:00.648055,592.669583,RX,0x000,0,,,False,False,False
2026-02-11T14:54:00.648563,592.670091,RX,0x1E0,0,,,False,False,False
2026-02-11T14:54:00.648563,592.670091,RX,0x000,128,E0 01 00 00 00 00 00 00,........,False,True,True
2026-02-11T14:54:00.648563,592.670091,RX,0x000,128,00 38 9B 71 80 02 00 00,.8.q....,False,False,False
2026-02-11T14:54:00.648563,592.670091,RX,0x000,0,,,False,False,False
2026-02-11T14:54:00.648563,592.670091,RX,0x1E0,0,,,False,False,False
2026-02-11T14:54:00.648563,592.670091,RX,0x000,128,E0 01 00 00 00 00 00 00,........,False,True,True
2026-02-11T14:54:00.648563,592.670091,RX,0x000,128,00 38 9B 71 80 02 00 00,.8.q....,False,False,False
2026-02-11T14:54:00.648563,592.670091,RX,0x000,0,,,False,False,False
2026-02-11T14:54:00.649587,592.671115,RX,0x1E0,0,,,False,False,False
2026-02-11T14:54:00.649587,592.671115,RX,0x000,128,E0 01 00 00 00 00 00 00,........,False,True,True
2026-02-11T14:54:00.649587,592.671115,RX,0x000,128,00 38 9B 71 80 02 00 00,.8.q....,False,False,False
2026-02-11T14:54:00.649587,592.671115,RX,0x000,0,,,False,False,False
2026-02-11T14:54:00.649587,592.671115,RX,0x1E0,0,,,False,False,False
2026-02-11T14:54:00.649587,592.671115,RX,0x000,128,E0 01 00 00 00 00 00 00,........,False,True,True
2026-02-11T14:54:00.649587,592.671115,RX,0x000,128,00 38 9B 71 80 02 00 00,.8.q....,False,False,False
2026-02-11T14:54:00.649587,592.671115,RX,0x000,0,,,False,False,False
2026-02-11T14:54:00.649587,592.671115,RX,0x1E0,0,,,False,False,False
2026-02-11T14:54:00.649587,592.671115,RX,0x000,128,E0 01 00 00 00 00 00 00,........,False,True,True
2026-02-11T14:54:00.649587,592.671115,RX,0x000,128,00 38 9B 71 80 02 00 00,.8.q....,False,False,False
2026-02-11T14:54:00.649587,592.671115,RX,0x000,0,,,False,False,False
2026-02-11T14:54:00.651097,592.671115,RX,0x1E0,0,,,False,False,False
2026-02-11T14:54:00.651097,592.672625,RX,0x000,128,E0 01 00 00 00 00 00 00,........,False,True,True
2026-02-11T14:54:00.651097,592.672625,RX,0x000,128,00 38 9B 71 80 02 00 00,.8.q....,False,False,False
2026-02-11T14:54:00.651097,592.672625,RX,0x000,0,,,False,False,False
2026-02-11T14:54:00.651097,592.672625,RX,0x1E0,0,,,False,False,False
2026-02-11T14:54:00.651097,592.672625,RX,0x000,128,E0 01 00 00 00 00 00 00,........,False,True,True
2026-02-11T14:54:00.651097,592.672625,RX,0x000,128,00 38 9B 71 80 02 00 00,.8.q....,False,False,False
2026-02-11T14:54:00.651097,592.672625,RX,0x000,0,,,False,False,False
2026-02-11T14:54:00.651097,592.672625,RX,0x1E0,0,,,False,False,False
2026-02-11T14:54:00.651097,592.672625,RX,0x000,128,E0 01 00 00 00 00 00 00,........,False,True,True
2026-02-11T14:54:00.651097,592.672625,RX,0x000,128,00 38 9B 71 80 02 00 00,.8.q....,False,False,False
2026-02-11T14:54:00.651097,592.672625,RX,0x000,0,,,False,False,False
2026-02-11T14:54:00.651097,592.672625,RX,0x1E0,0,,,False,False,False
2026-02-11T14:54:00.651097,592.672625,RX,0x000,128,E0 01 00 00 00 00 00 00,........,False,True,True
2026-02-11T14:54:00.651097,592.672625,RX,0x000,128,00 38 9B 71 80 02 00 00,.8.q....,False,False,False
2026-02-11T14:54:00.651097,592.672625,RX,0x000,0,,,False,False,False
2026-02-11T14:54:00.652109,592.673637,RX,0x1E0,0,,,False,False,False
2026-02-11T14:54:00.652109,592.673637,RX,0x000,128,E0 01 00 00 00 00 00 00,........,False,True,True
2026-02-11T14:54:00.652109,592.673637,RX,0x000,128,00 38 9B 71 80 02 00 00,.8.q....,False,False,False
2026-02-11T14:54:00.652109,592.673637,RX,0x000,0,,,False,False,False
2026-02-11T14:54:00.652109,592.673637,RX,0x1E0,0,,,False,False,False
2026-02-11T14:54:00.652109,592.673637,RX,0x000,128,E0 01 00 00 00 00 00 00,........,False,True,True
2026-02-11T14:54:00.652109,592.673637,RX,0x000,128,00 38 9B 71 80 02 00 00,.8.q....,False,False,False
2026-02-11T14:54:00.652109,592.673637,RX,0x000,0,,,False,False,False
2026-02-11T14:54:00.652109,592.673637,RX,0x1E0,0,,,False,False,False
2026-02-11T14:54:00.652109,592.673637,RX,0x000,128,E0 01 00 00 00 00 00 00,........,False,True,True
2026-02-11T14:54:00.652109,592.673637,RX,0x000,128,00 38 9B 71 80 02 00 00,.8.q....,False,False,False
2026-02-11T14:54:00.652109,592.673637,RX,0x000,0,,,False,False,False
2026-02-11T14:54:00.652109,592.673637,RX,0x1E0,0,,,False,False,False
2026-02-11T14:54:00.652109,592.673637,RX,0x000,128,E0 01 00 00 00 00 00 00,........,False,True,True
2026-02-11T14:54:00.652109,592.673637,RX,0x000,128,00 38 9B 71 80 02 00 00,.8.q....,False,False,False
2026-02-11T14:54:00.652109,592.673637,RX,0x000,0,,,False,False,False
2026-02-11T14:54:00.652109,592.673637,RX,0x1E0,0,,,False,False,False
2026-02-11T14:54:00.653262,592.674790,RX,0x000,128,E0 01 00 00 00 00 00 00,........,False,True,True
2026-02-11T14:54:00.653262,592.674790,RX,0x000,128,00 38 9B 71 80 02 00 00,.8.q....,False,False,False
2026-02-11T14:54:00.653262,592.674790,RX,0x000,0,,,False,False,False
2026-02-11T14:54:00.653262,592.674790,RX,0x1E0,0,,,False,False,False
2026-02-11T14:54:00.653262,592.674790,RX,0x000,128,E0 01 00 00 00 00 00 00,........,False,True,True
2026-02-11T14:54:00.653262,592.674790,RX,0x000,128,00 38 9B 71 80 02 00 00,.8.q....,False,False,False
2026-02-11T14:54:00.653262,592.674790,RX,0x000,0,,,False,False,False
2026-02-11T14:54:00.653262,592.674790,RX,0x1E0,0,,,False,False,False
2026-02-11T14:54:00.653262,592.674790,RX,0x000,128,E0 01 00 00 00 00 00 00,........,False,True,True
2026-02-11T14:54:00.653262,592.674790,RX,0x000,128,00 38 9B 71 80 02 00 00,.8.q....,False,False,False
2026-02-11T14:54:00.653262,592.674790,RX,0x000,0,,,False,False,False
2026-02-11T14:54:00.653262,592.674790,RX,0x1E0,0,,,False,False,False
2026-02-11T14:54:00.653262,592.674790,RX,0x000,128,E0 01 00 00 00 00 00 00,........,False,True,True
2026-02-11T14:54:00.654276,592.675804,RX,0x000,128,00 38 9B 71 80 02 00 00,.8.q....,False,False,False
2026-02-11T14:54:00.654276,592.675804,RX,0x000,0,,,False,False,False
2026-02-11T14:54:00.654276,592.675804,RX,0x1E0,0,,,False,False,False
2026-02-11T14:54:00.654276,592.675804,RX,0x000,128,E0 01 00 00 00 00 00 00,........,False,True,True
2026-02-11T14:54:00.654276,592.675804,RX,0x000,128,00 38 9B 71 80 02 00 00,.8.q....,False,False,False
2026-02-11T14:54:00.654276,592.675804,RX,0x000,0,,,False,False,False
2026-02-11T14:54:00.654276,592.675804,RX,0x1E0,0,,,False,False,False
2026-02-11T14:54:00.654276,592.675804,RX,0x000,128,E0 01 00 00 00 00 00 00,........,False,True,True
2026-02-11T14:54:00.655292,592.676820,RX,0x000,128,00 38 9B 71 80 02 00 00,.8.q....,False,False,False
2026-02-11T14:54:00.655292,592.676820,RX,0x000,0,,,False,False,False
2026-02-11T14:54:00.655292,592.676820,RX,0x1E0,0,,,False,False,False
2026-02-11T14:54:00.655292,592.676820,RX,0x000,128,E0 01 00 00 00 00 00 00,........,False,True,True
2026-02-11T14:54:00.655292,592.676820,RX,0x000,128,00 38 9B 71 80 02 00 00,.8.q....,False,False,False
2026-02-11T14:54:00.655292,592.676820,RX,0x000,0,,,False,False,False
2026-02-11T14:54:00.655292,592.676820,RX,0x1E0,0,,,False,False,False
2026-02-11T14:54:00.655292,592.676820,RX,0x000,128,E0 01 00 00 00 00 00 00,........,False,True,True
2026-02-11T14:54:00.655292,592.676820,RX,0x000,128,00 38 9B 71 80 02 00 00,.8.q....,False,False,False
2026-02-11T14:54:00.655292,592.676820,RX,0x000,0,,,False,False,False
2026-02-11T14:54:00.655292,592.676820,RX,0x1E0,0,,,False,False,False
2026-02-11T14:54:00.655292,592.676820,RX,0x000,128,E0 01 00 00 00 00 00 00,........,False,True,True
2026-02-11T14:54:00.655292,592.676820,RX,0x000,128,00 38 9B 71 80 02 00 00,.8.q....,False,False,False
2026-02-11T14:54:00.655292,592.676820,RX,0x000,0,,,False,False,False
2026-02-11T14:54:00.656305,592.677834,RX,0x1E0,0,,,False,False,False
2026-02-11T14:54:00.656305,592.677834,RX,0x000,128,E0 01 00 00 00 00 00 00,........,False,True,True
2026-02-11T14:54:00.656305,592.677834,RX,0x000,128,00 38 9B 71 80 02 00 00,.8.q....,False,False,False
2026-02-11T14:54:00.656305,592.677834,RX,0x000,0,,,False,False,False
2026-02-11T14:54:00.656305,592.677834,RX,0x1E0,0,,,False,False,False
2026-02-11T14:54:00.656305,592.677834,RX,0x000,128,E0 01 00 00 00 00 00 00,........,False,True,True
2026-02-11T14:54:00.656305,592.677834,RX,0x000,128,00 38 9B 71 80 02 00 00,.8.q....,False,False,False
2026-02-11T14:54:00.656305,592.677834,RX,0x000,0,,,False,False,False
2026-02-11T14:54:00.656305,592.677834,RX,0x1E0,0,,,False,False,False
2026-02-11T14:54:00.656305,592.677834,RX,0x000,128,E0 01 00 00 00 00 00 00,........,False,True,True
2026-02-11T14:54:00.656305,592.677834,RX,0x000,128,00 38 9B 71 80 02 00 00,.8.q....,False,False,False
2026-02-11T14:54:00.656305,592.677834,RX,0x000,0,,,False,False,False
2026-02-11T14:54:00.656305,592.677834,RX,0x1E0,0,,,False,False,False
2026-02-11T14:54:00.656305,592.677834,RX,0x000,128,E0 01 00 00 00 00 00 00,........,False,True,True
2026-02-11T14:54:00.656305,592.677834,RX,0x000,128,00 38 9B 71 80 02 00 00,.8.q....,False,False,False
2026-02-11T14:54:00.656305,592.677834,RX,0x000,0,,,False,False,False
2026-02-11T14:54:00.656305,592.677834,RX,0x1E0,0,,,False,False,False
2026-02-11T14:54:00.657423,592.678951,RX,0x000,128,E0 01 00 00 00 00 00 00,........,False,True,True
2026-02-11T14:54:00.657423,592.678951,RX,0x000,128,00 38 9B 71 80 02 00 00,.8.q....,False,False,False
2026-02-11T14:54:00.657423,592.678951,RX,0x000,0,,,False,False,False
2026-02-11T14:54:00.657930,592.679458,RX,0x1E0,0,,,False,False,False
2026-02-11T14:54:00.657930,592.679458,RX,0x000,128,E0 01 00 00 00 00 00 00,........,False,True,True
2026-02-11T14:54:00.657930,592.679458,RX,0x000,128,00 38 9B 71 80 02 00 00,.8.q....,False,False,False
2026-02-11T14:54:00.657930,592.679458,RX,0x000,0,,,False,False,False
2026-02-11T14:54:00.657930,592.679458,RX,0x1E0,0,,,False,False,False
2026-02-11T14:54:00.657930,592.679458,RX,0x000,128,E0 01 00 00 00 00 00 00,........,False,True,True
2026-02-11T14:54:00.657930,592.679458,RX,0x000,128,00 38 9B 71 80 02 00 00,.8.q....,False,False,False
2026-02-11T14:54:00.657930,592.679458,RX,0x000,0,,,False,False,False
2026-02-11T14:54:00.657930,592.679458,RX,0x1E0,0,,,False,False,False
2026-02-11T14:54:00.657930,592.679458,RX,0x000,128,E0 01 00 00 00 00 00 00,........,False,True,True
2026-02-11T14:54:00.657930,592.679458,RX,0x000,128,00 38 9B 71 80 02 00 00,.8.q....,False,False,False
2026-02-11T14:54:00.659088,592.679458,RX,0x000,0,,,False,False,False
2026-02-11T14:54:00.659088,592.680616,RX,0x1E0,0,,,False,False,False
2026-02-11T14:54:00.659088,592.680616,RX,0x000,128,E0 01 00 00 00 00 00 00,........,False,True,True
2026-02-11T14:54:00.659088,592.680616,RX,0x000,128,00 38 9B 71 80 02 00 00,.8.q....,False,False,False
2026-02-11T14:54:00.659088,592.680616,RX,0x000,0,,,False,False,False
2026-02-11T14:54:00.659088,592.680616,RX,0x1E0,0,,,False,False,False
2026-02-11T14:54:00.659088,592.680616,RX,0x000,128,E0 01 00 00 00 00 00 00,........,False,True,True
2026-02-11T14:54:00.659088,592.680616,RX,0x000,128,00 38 9B 71 80 02 00 00,.8.q....,False,False,False
2026-02-11T14:54:00.659088,592.680616,RX,0x000,0,,,False,False,False
2026-02-11T14:54:00.659088,592.680616,RX,0x1E0,0,,,False,False,False
2026-02-11T14:54:00.659088,592.680616,RX,0x000,128,E0 01 00 00 00 00 00 00,........,False,True,True
2026-02-11T14:54:00.659088,592.680616,RX,0x000,128,00 38 9B 71 80 02 00 00,.8.q....,False,False,False
2026-02-11T14:54:00.659088,592.680616,RX,0x000,0,,,False,False,False
2026-02-11T14:54:00.659088,592.680616,RX,0x1E0,0,,,False,False,False
2026-02-11T14:54:00.660147,592.681675,RX,0x000,128,E0 01 00 00 00 00 00 00,........,False,True,True
2026-02-11T14:54:00.660147,592.681675,RX,0x000,128,00 38 9B 71 80 02 00 00,.8.q....,False,False,False
2026-02-11T14:54:00.660147,592.681675,RX,0x000,0,,,False,False,False
2026-02-11T14:54:00.660147,592.681675,RX,0x1E0,0,,,False,False,False
2026-02-11T14:54:00.660147,592.681675,RX,0x000,128,E0 01 00 00 00 00 00 00,........,False,True,True
2026-02-11T14:54:00.660147,592.681675,RX,0x000,128,00 38 9B 71 80 02 00 00,.8.q....,False,False,False
2026-02-11T14:54:00.660147,592.681675,RX,0x000,0,,,False,False,False
2026-02-11T14:54:00.660147,592.681675,RX,0x1E0,0,,,False,False,False
2026-02-11T14:54:00.660147,592.681675,RX,0x000,128,E0 01 00 00 00 00 00 00,........,False,True,True
2026-02-11T14:54:00.661469,592.682997,RX,0x000,128,00 38 9B 71 80 02 00 00,.8.q....,False,False,False
2026-02-11T14:54:00.661469,592.682997,RX,0x000,0,,,False,False,False
2026-02-11T14:54:00.661469,592.682997,RX,0x1E0,0,,,False,False,False
2026-02-11T14:54:00.661469,592.682997,RX,0x000,128,E0 01 00 00 00 00 00 00,........,False,True,True
2026-02-11T14:54:00.661469,592.682997,RX,0x000,128,00 38 9B 71 80 02 00 00,.8.q....,False,False,False
2026-02-11T14:54:00.661469,592.682997,RX,0x000,0,,,False,False,False
2026-02-11T14:54:00.661469,592.682997,RX,0x1E0,0,,,False,False,False
2026-02-11T14:54:00.661469,592.682997,RX,0x000,128,E0 01 00 00 00 00 00 00,........,False,True,True
2026-02-11T14:54:00.661469,592.682997,RX,0x000,128,00 38 9B 71 80 02 00 00,.8.q....,False,False,False
2026-02-11T14:54:00.661469,592.682997,RX,0x000,0,,,False,False,False
2026-02-11T14:54:00.662976,592.684504,RX,0x1E0,0,,,False,False,False
2026-02-11T14:54:00.662976,592.684504,RX,0x000,128,E0 01 00 00 00 00 00 00,........,False,True,True
2026-02-11T14:54:00.662976,592.684504,RX,0x000,128,00 38 9B 71 80 02 00 00,.8.q....,False,False,False
2026-02-11T14:54:00.662976,592.684504,RX,0x000,0,,,False,False,False
2026-02-11T14:54:00.662976,592.684504,RX,0x1E0,0,,,False,False,False
2026-02-11T14:54:00.662976,592.684504,RX,0x000,128,E0 01 00 00 00 00 00 00,........,False,True,True
2026-02-11T14:54:00.662976,592.684504,RX,0x000,128,00 38 9B 71 80 02 00 00,.8.q....,False,False,False
2026-02-11T14:54:00.662976,592.684504,RX,0x000,0,,,False,False,False
2026-02-11T14:54:00.662976,592.684504,RX,0x1E0,0,,,False,False,False
2026-02-11T14:54:00.662976,592.684504,RX,0x000,128,E0 01 00 00 00 00 00 00,........,False,True,True
2026-02-11T14:54:00.662976,592.684504,RX,0x000,128,00 38 9B 71 80 02 00 00,.8.q....,False,False,False
2026-02-11T14:54:00.666371,592.687899,RX,0x000,0,,,False,False,False
2026-02-11T14:54:00.666371,592.687899,RX,0x1E0,0,,,False,False,False
2026-02-11T14:54:00.666371,592.687899,RX,0x000,128,E0 01 00 00 00 00 00 00,........,False,True,True
2026-02-11T14:54:00.667877,592.689405,RX,0x000,128,00 38 9B 71 80 02 00 00,.8.q....,False,False,False
2026-02-11T14:54:00.667877,592.689405,RX,0x000,0,,,False,False,False
2026-02-11T14:54:00.667877,592.689405,RX,0x1E0,0,,,False,False,False
2026-02-11T14:54:00.667877,592.689405,RX,0x000,128,E0 01 00 00 00 00 00 00,........,False,True,True
2026-02-11T14:54:00.669044,592.690572,RX,0x000,128,00 38 9B 71 80 02 00 00,.8.q....,False,False,False
2026-02-11T14:54:00.669044,592.690572,RX,0x000,0,,,False,False,False
2026-02-11T14:54:00.669044,592.690572,RX,0x1E0,0,,,False,False,False
2026-02-11T14:54:00.669044,592.690572,RX,0x000,128,E0 01 00 00 00 00 00 00,........,False,True,True
2026-02-11T14:54:00.669044,592.690572,RX,0x000,128,00 38 9B 71 80 02 00 00,.8.q....,False,False,False
2026-02-11T14:54:00.669044,592.690572,RX,0x000,0,,,False,False,False
2026-02-11T14:54:00.670056,592.691584,RX,0x1E0,0,,,False,False,False
2026-02-11T14:54:00.670056,592.691584,RX,0x000,128,E0 01 00 00 00 00 00 00,........,False,True,True
2026-02-11T14:54:00.670056,592.691584,RX,0x000,128,00 38 9B 71 80 02 00 00,.8.q....,False,False,False
2026-02-11T14:54:00.671069,592.692597,RX,0x000,0,,,False,False,False
2026-02-11T14:54:00.671069,592.692597,RX,0x1E0,0,,,False,False,False
2026-02-11T14:54:00.671069,592.692597,RX,0x000,128,E0 01 00 00 00 00 00 00,........,False,True,True
2026-02-11T14:54:00.671069,592.692597,RX,0x000,128,00 38 9B 71 80 02 00 00,.8.q....,False,False,False
2026-02-11T14:54:00.671069,592.692597,RX,0x000,0,,,False,False,False
2026-02-11T14:54:00.671069,592.692597,RX,0x1E0,0,,,False,False,False
2026-02-11T14:54:00.672086,592.693614,RX,0x000,128,E0 01 00 00 00 00 00 00,........,False,True,True
2026-02-11T14:54:00.672086,592.693614,RX,0x000,128,00 38 9B 71 80 02 00 00,.8.q....,False,False,False
2026-02-11T14:54:00.672086,592.693614,RX,0x000,0,,,False,False,False
2026-02-11T14:54:00.672086,592.693614,RX,0x1E0,0,,,False,False,False
2026-02-11T14:54:00.672086,592.693614,RX,0x000,128,E0 01 00 00 00 00 00 00,........,False,True,True
2026-02-11T14:54:00.672086,592.693614,RX,0x000,128,00 38 9B 71 80 02 00 00,.8.q....,False,False,False
2026-02-11T14:54:00.672086,592.693614,RX,0x000,0,,,False,False,False
2026-02-11T14:54:00.672086,592.693614,RX,0x1E0,0,,,False,False,False
2026-02-11T14:54:00.673097,592.694625,RX,0x000,128,E0 01 00 00 00 00 00 00,........,False,True,True
2026-02-11T14:54:00.673097,592.694625,RX,0x000,128,00 38 9B 71 80 02 00 00,.8.q....,False,False,False
2026-02-11T14:54:00.673097,592.694625,RX,0x000,0,,,False,False,False
2026-02-11T14:54:00.673097,592.694625,RX,0x1E0,0,,,False,False,False
2026-02-11T14:54:00.673097,592.694625,RX,0x000,128,E0 01 00 00 00 00 00 00,........,False,True,True
2026-02-11T14:54:00.673097,592.694625,RX,0x000,128,00 38 9B 71 80 02 00 00,.8.q....,False,False,False
2026-02-11T14:54:00.673097,592.694625,RX,0x000,0,,,False,False,False
2026-02-11T14:54:00.673097,592.694625,RX,0x1E0,0,,,False,False,False
2026-02-11T14:54:00.673097,592.694625,RX,0x000,128,E0 01 00 00 00 00 00 00,........,False,True,True
2026-02-11T14:54:00.673097,592.694625,RX,0x000,128,00 38 9B 71 80 02 00 00,.8.q....,False,False,False
2026-02-11T14:54:00.674148,592.695676,RX,0x000,0,,,False,False,False
2026-02-11T14:54:00.674148,592.695676,RX,0x1E0,0,,,False,False,False
2026-02-11T14:54:00.674148,592.695676,RX,0x000,128,E0 01 00 00 00 00 00 00,........,False,True,True
2026-02-11T14:54:00.674148,592.695676,RX,0x000,128,00 38 9B 71 80 02 00 00,.8.q....,False,False,False
2026-02-11T14:54:00.674148,592.695676,RX,0x000,0,,,False,False,False
2026-02-11T14:54:00.674148,592.695676,RX,0x1E0,0,,,False,False,False
2026-02-11T14:54:00.674148,592.695676,RX,0x000,128,E0 01 00 00 00 00 00 00,........,False,True,True
2026-02-11T14:54:00.674148,592.695676,RX,0x000,128,00 38 9B 71 80 02 00 00,.8.q....,False,False,False
2026-02-11T14:54:00.674148,592.695676,RX,0x000,0,,,False,False,False
2026-02-11T14:54:00.674148,592.695676,RX,0x1E0,0,,,False,False,False
2026-02-11T14:54:00.675166,592.696694,RX,0x000,128,E0 01 00 00 00 00 00 00,........,False,True,True
2026-02-11T14:54:00.675166,592.696694,RX,0x000,128,00 38 9B 71 80 02 00 00,.8.q....,False,False,False
2026-02-11T14:54:00.675166,592.696694,RX,0x000,0,,,False,False,False
2026-02-11T14:54:00.675166,592.696694,RX,0x1E0,0,,,False,False,False
2026-02-11T14:54:00.675166,592.696694,RX,0x000,128,E0 01 00 00 00 00 00 00,........,False,True,True
2026-02-11T14:54:00.675166,592.696694,RX,0x000,128,00 38 9B 71 80 02 00 00,.8.q....,False,False,False
2026-02-11T14:54:00.675166,592.696694,RX,0x000,0,,,False,False,False
2026-02-11T14:54:00.675166,592.696694,RX,0x1E0,0,,,False,False,False
2026-02-11T14:54:00.675166,592.696694,RX,0x000,128,E0 01 00 00 00 00 00 00,........,False,True,True
2026-02-11T14:54:00.675166,592.696694,RX,0x000,128,00 38 9B 71 80 02 00 00,.8.q....,False,False,False
2026-02-11T14:54:00.675166,592.696694,RX,0x000,0,,,False,False,False
2026-02-11T14:54:00.675166,592.696694,RX,0x1E0,0,,,False,False,False
2026-02-11T14:54:00.676179,592.697707,RX,0x000,128,E0 01 00 00 00 00 00 00,........,False,True,True
2026-02-11T14:54:00.676179,592.697707,RX,0x000,128,00 38 9B 71 80 02 00 00,.8.q....,False,False,False
2026-02-11T14:54:00.676179,592.697707,RX,0x000,0,,,False,False,False
2026-02-11T14:54:00.676179,592.697707,RX,0x1E0,0,,,False,False,False
2026-02-11T14:54:00.676179,592.697707,RX,0x000,128,E0 01 00 00 00 00 00 00,........,False,True,True
2026-02-11T14:54:00.676179,592.697707,RX,0x000,128,00 38 9B 71 80 02 00 00,.8.q....,False,False,False
2026-02-11T14:54:00.676179,592.697707,RX,0x000,0,,,False,False,False
2026-02-11T14:54:00.676179,592.697707,RX,0x1E0,0,,,False,False,False
2026-02-11T14:54:00.676179,592.697707,RX,0x000,128,E0 01 00 00 00 00 00 00,........,False,True,True
2026-02-11T14:54:00.676179,592.697707,RX,0x000,128,00 38 9B 71 80 02 00 00,.8.q....,False,False,False
2026-02-11T14:54:00.676179,592.697707,RX,0x000,0,,,False,False,False
2026-02-11T14:54:00.676179,592.697707,RX,0x1E0,0,,,False,False,False
2026-02-11T14:54:00.676179,592.697707,RX,0x000,128,E0 01 00 00 00 00 00 00,........,False,True,True
2026-02-11T14:54:00.676179,592.697707,RX,0x000,128,00 38 9B 71 80 02 00 00,.8.q....,False,False,False
2026-02-11T14:54:00.676179,592.697707,RX,0x000,0,,,False,False,False
2026-02-11T14:54:00.677178,592.698706,RX,0x1E0,0,,,False,False,False
2026-02-11T14:54:00.677178,592.698706,RX,0x000,128,E0 01 00 00 00 00 00 00,........,False,True,True
2026-02-11T14:54:00.677178,592.698706,RX,0x000,128,00 38 9B 71 80 02 00 00,.8.q....,False,False,False
2026-02-11T14:54:00.677178,592.698706,RX,0x000,0,,,False,False,False
2026-02-11T14:54:00.677693,592.699221,RX,0x1E0,0,,,False,False,False
2026-02-11T14:54:00.677693,592.699221,RX,0x000,128,E0 01 00 00 00 00 00 00,........,False,True,True
2026-02-11T14:54:00.677693,592.699221,RX,0x000,128,00 38 9B 71 80 02 00 00,.8.q....,False,False,False
2026-02-11T14:54:00.677693,592.699221,RX,0x000,0,,,False,False,False
2026-02-11T14:54:00.677693,592.699221,RX,0x1E0,0,,,False,False,False
2026-02-11T14:54:00.677693,592.699221,RX,0x000,128,E0 01 00 00 00 00 00 00,........,False,True,True
2026-02-11T14:54:00.678203,592.699731,RX,0x000,128,00 38 9B 71 80 02 00 00,.8.q....,False,False,False
2026-02-11T14:54:00.678203,592.699731,RX,0x000,0,,,False,False,False
2026-02-11T14:54:00.678203,592.699731,RX,0x1E0,0,,,False,False,False
2026-02-11T14:54:00.678203,592.699731,RX,0x000,128,E0 01 00 00 00 00 00 00,........,False,True,True
2026-02-11T14:54:00.678203,592.699731,RX,0x000,128,00 38 9B 71 80 02 00 00,.8.q....,False,False,False
2026-02-11T14:54:00.678203,592.699731,RX,0x000,0,,,False,False,False
2026-02-11T14:54:00.678203,592.699731,RX,0x1E0,0,,,False,False,False
2026-02-11T14:54:00.678203,592.699731,RX,0x000,128,E0 01 00 00 00 00 00 00,........,False,True,True
2026-02-11T14:54:00.678203,592.699731,RX,0x000,128,00 38 9B 71 80 02 00 00,.8.q....,False,False,False
2026-02-11T14:54:00.678203,592.699731,RX,0x000,0,,,False,False,False
2026-02-11T14:54:00.678203,592.699731,RX,0x1E0,0,,,False,False,False
2026-02-11T14:54:00.678203,592.699731,RX,0x000,128,E0 01 00 00 00 00 00 00,........,False,True,True
2026-02-11T14:54:00.679228,592.700755,RX,0x000,128,00 38 9B 71 80 02 00 00,.8.q....,False,False,False
2026-02-11T14:54:00.679228,592.700755,RX,0x000,0,,,False,False,False
2026-02-11T14:54:00.679228,592.700755,RX,0x1E0,0,,,False,False,False
2026-02-11T14:54:00.679228,592.700755,RX,0x000,128,E0 01 00 00 00 00 00 00,........,False,True,True
2026-02-11T14:54:00.679228,592.700755,RX,0x000,128,00 38 9B 71 80 02 00 00,.8.q....,False,False,False
2026-02-11T14:54:00.679228,592.700755,RX,0x000,0,,,False,False,False
2026-02-11T14:54:00.680243,592.701771,RX,0x1E0,0,,,False,False,False
2026-02-11T14:54:00.680243,592.701771,RX,0x000,128,E0 01 00 00 00 00 00 00,........,False,True,True
2026-02-11T14:54:00.680243,592.701771,RX,0x000,128,00 38 9B 71 80 02 00 00,.8.q....,False,False,False
2026-02-11T14:54:00.680243,592.701771,RX,0x000,0,,,False,False,False
2026-02-11T14:54:00.680243,592.701771,RX,0x1E0,0,,,False,False,False
2026-02-11T14:54:00.680243,592.701771,RX,0x000,128,E0 01 00 00 00 00 00 00,........,False,True,True
2026-02-11T14:54:00.680243,592.701771,RX,0x000,128,00 38 9B 71 80 02 00 00,.8.q....,False,False,False
2026-02-11T14:54:00.680243,592.701771,RX,0x000,0,,,False,False,False
2026-02-11T14:54:00.680243,592.701771,RX,0x1E0,0,,,False,False,False
2026-02-11T14:54:00.681257,592.702785,RX,0x000,128,E0 01 00 00 00 00 00 00,........,False,True,True
2026-02-11T14:54:00.681257,592.702785,RX,0x000,128,00 38 9B 71 80 02 00 00,.8.q....,False,False,False
2026-02-11T14:54:00.681257,592.702785,RX,0x000,0,,,False,False,False
2026-02-11T14:54:00.681257,592.702785,RX,0x1E0,0,,,False,False,False
2026-02-11T14:54:00.681257,592.702785,RX,0x000,128,E0 01 00 00 00 00 00 00,........,False,True,True
2026-02-11T14:54:00.682272,592.703800,RX,0x000,128,00 38 9B 71 80 02 00 00,.8.q....,False,False,False
2026-02-11T14:54:00.682272,592.703800,RX,0x000,0,,,False,False,False
2026-02-11T14:54:00.682272,592.703800,RX,0x1E0,0,,,False,False,False
2026-02-11T14:54:00.683281,592.704809,RX,0x000,128,E0 01 00 00 00 00 00 00,........,False,True,True
2026-02-11T14:54:00.683281,592.704809,RX,0x000,128,00 38 9B 71 80 02 00 00,.8.q....,False,False,False
2026-02-11T14:54:00.683281,592.704809,RX,0x000,0,,,False,False,False
2026-02-11T14:54:00.683281,592.704809,RX,0x1E0,0,,,False,False,False
2026-02-11T14:54:00.683281,592.704809,RX,0x000,128,E0 01 00 00 00 00 00 00,........,False,True,True
2026-02-11T14:54:00.684484,592.706012,RX,0x000,128,00 38 9B 71 80 02 00 00,.8.q....,False,False,False
2026-02-11T14:54:00.684484,592.706012,RX,0x000,0,,,False,False,False
2026-02-11T14:54:00.684484,592.706012,RX,0x1E0,0,,,False,False,False
2026-02-11T14:54:00.684484,592.706012,RX,0x000,128,E0 01 00 00 00 00 00 00,........,False,True,True
2026-02-11T14:54:00.684484,592.706012,RX,0x000,128,00 38 9B 71 80 02 00 00,.8.q....,False,False,False
2026-02-11T14:54:00.684484,592.706012,RX,0x000,0,,,False,False,False
2026-02-11T14:54:00.685508,592.707036,RX,0x1E0,0,,,False,False,False
2026-02-11T14:54:00.685508,592.707036,RX,0x000,128,E0 01 00 00 00 00 00 00,........,False,True,True
2026-02-11T14:54:00.685508,592.707036,RX,0x000,128,00 38 9B 71 80 02 00 00,.8.q....,False,False,False
2026-02-11T14:54:00.685508,592.707036,RX,0x000,0,,,False,False,False
2026-02-11T14:54:00.685508,592.707036,RX,0x1E0,0,,,False,False,False
2026-02-11T14:54:00.686525,592.708053,RX,0x000,128,E0 01 00 00 00 00 00 00,........,False,True,True
2026-02-11T14:54:00.686525,592.708053,RX,0x000,128,00 38 9B 71 80 02 00 00,.8.q....,False,False,False
2026-02-11T14:54:00.686525,592.708053,RX,0x000,0,,,False,False,False
2026-02-11T14:54:00.686525,592.708053,RX,0x1E0,0,,,False,False,False
2026-02-11T14:54:00.686525,592.708053,RX,0x000,128,E0 01 00 00 00 00 00 00,........,False,True,True
2026-02-11T14:54:00.686525,592.708053,RX,0x000,128,00 38 9B 71 80 02 00 00,.8.q....,False,False,False
2026-02-11T14:54:00.686525,592.708053,RX,0x000,0,,,False,False,False
2026-02-11T14:54:00.686525,592.708053,RX,0x1E0,0,,,False,False,False
2026-02-11T14:54:00.686525,592.708053,RX,0x000,128,E0 01 00 00 00 00 00 00,........,False,True,True
2026-02-11T14:54:00.688037,592.708053,RX,0x000,128,00 38 9B 71 80 02 00 00,.8.q....,False,False,False
2026-02-11T14:54:00.688037,592.709565,RX,0x000,0,,,False,False,False
2026-02-11T14:54:00.688037,592.709565,RX,0x1E0,0,,,False,False,False
2026-02-11T14:54:00.688037,592.709565,RX,0x000,128,E0 01 00 00 00 00 00 00,........,False,True,True
2026-02-11T14:54:00.688037,592.709565,RX,0x000,128,00 38 9B 71 80 02 00 00,.8.q....,False,False,False
2026-02-11T14:54:00.688037,592.709565,RX,0x000,0,,,False,False,False
2026-02-11T14:54:00.689074,592.710603,RX,0x1E0,0,,,False,False,False
2026-02-11T14:54:00.689074,592.710603,RX,0x000,128,E0 01 00 00 00 00 00 00,........,False,True,True
2026-02-11T14:54:00.689074,592.710603,RX,0x000,128,00 38 9B 71 80 02 00 00,.8.q....,False,False,False
2026-02-11T14:54:00.689074,592.710603,RX,0x000,0,,,False,False,False
2026-02-11T14:54:00.690096,592.711624,RX,0x1E0,0,,,False,False,False
2026-02-11T14:54:00.690096,592.711624,RX,0x000,128,E0 01 00 00 00 00 00 00,........,False,True,True
2026-02-11T14:54:00.690096,592.711624,RX,0x000,128,00 38 9B 71 80 02 00 00,.8.q....,False,False,False
2026-02-11T14:54:00.690096,592.711624,RX,0x000,0,,,False,False,False
2026-02-11T14:54:00.690096,592.711624,RX,0x1E0,0,,,False,False,False
2026-02-11T14:54:00.690096,592.711624,RX,0x000,128,E0 01 00 00 00 00 00 00,........,False,True,True
2026-02-11T14:54:00.690096,592.711624,RX,0x000,128,00 38 9B 71 80 02 00 00,.8.q....,False,False,False
2026-02-11T14:54:00.690096,592.711624,RX,0x000,0,,,False,False,False
2026-02-11T14:54:00.690096,592.711624,RX,0x1E0,0,,,False,False,False
2026-02-11T14:54:00.690096,592.711624,RX,0x000,128,E0 01 00 00 00 00 00 00,........,False,True,True
2026-02-11T14:54:00.690096,592.711624,RX,0x000,128,00 38 9B 71 80 02 00 00,.8.q....,False,False,False
2026-02-11T14:54:00.691112,592.711624,RX,0x000,0,,,False,False,False
2026-02-11T14:54:00.691112,592.712640,RX,0x1E0,0,,,False,False,False
2026-02-11T14:54:00.691112,592.712640,RX,0x000,128,E0 01 00 00 00 00 00 00,........,False,True,True
2026-02-11T14:54:00.691112,592.712640,RX,0x000,128,00 38 9B 71 80 02 00 00,.8.q....,False,False,False
2026-02-11T14:54:00.691112,592.712640,RX,0x000,0,,,False,False,False
2026-02-11T14:54:00.691112,592.712640,RX,0x1E0,0,,,False,False,False
2026-02-11T14:54:00.691112,592.712640,RX,0x000,128,E0 01 00 00 00 00 00 00,........,False,True,True
2026-02-11T14:54:00.691112,592.712640,RX,0x000,128,00 38 9B 71 80 02 00 00,.8.q....,False,False,False
2026-02-11T14:54:00.691112,592.712640,RX,0x000,0,,,False,False,False
2026-02-11T14:54:00.691112,592.712640,RX,0x1E0,0,,,False,False,False
2026-02-11T14:54:00.691112,592.712640,RX,0x000,128,E0 01 00 00 00 00 00 00,........,False,True,True
2026-02-11T14:54:00.691112,592.712640,RX,0x000,128,00 38 9B 71 80 02 00 00,.8.q....,False,False,False
2026-02-11T14:54:00.691112,592.712640,RX,0x000,0,,,False,False,False
2026-02-11T14:54:00.691112,592.712640,RX,0x1E0,0,,,False,False,False
2026-02-11T14:54:00.691112,592.712640,RX,0x000,128,E0 01 00 00 00 00 00 00,........,False,True,True
2026-02-11T14:54:00.691112,592.712640,RX,0x000,128,00 38 9B 71 80 02 00 00,.8.q....,False,False,False
2026-02-11T14:54:00.692123,592.713651,RX,0x000,0,,,False,False,False
2026-02-11T14:54:00.692123,592.713651,RX,0x1E0,0,,,False,False,False
2026-02-11T14:54:00.692123,592.713651,RX,0x000,128,E0 01 00 00 00 00 00 00,........,False,True,True
2026-02-11T14:54:00.692123,592.713651,RX,0x000,128,00 38 9B 71 80 02 00 00,.8.q....,False,False,False
2026-02-11T14:54:00.692123,592.713651,RX,0x000,0,,,False,False,False
2026-02-11T14:54:00.692123,592.713651,RX,0x1E0,0,,,False,False,False
2026-02-11T14:54:00.692123,592.713651,RX,0x000,128,E0 01 00 00 00 00 00 00,........,False,True,True
2026-02-11T14:54:00.692123,592.713651,RX,0x000,128,00 38 9B 71 80 02 00 00,.8.q....,False,False,False
2026-02-11T14:54:00.692123,592.713651,RX,0x000,0,,,False,False,False
2026-02-11T14:54:00.693141,592.714669,RX,0x1E0,0,,,False,False,False
2026-02-11T14:54:00.693141,592.714669,RX,0x000,128,E0 01 00 00 00 00 00 00,........,False,True,True
2026-02-11T14:54:00.693141,592.714669,RX,0x000,128,00 38 9B 71 80 02 00 00,.8.q....,False,False,False
2026-02-11T14:54:00.693141,592.714669,RX,0x000,0,,,False,False,False
2026-02-11T14:54:00.693141,592.714669,RX,0x1E0,0,,,False,False,False
2026-02-11T14:54:00.693141,592.714669,RX,0x000,128,E0 01 00 00 00 00 00 00,........,False,True,True
2026-02-11T14:54:00.693141,592.714669,RX,0x000,128,00 38 9B 71 80 02 00 00,.8.q....,False,False,False
2026-02-11T14:54:00.693141,592.714669,RX,0x000,0,,,False,False,False
2026-02-11T14:54:00.693141,592.714669,RX,0x1E0,0,,,False,False,False
2026-02-11T14:54:00.693141,592.714669,RX,0x000,128,E0 01 00 00 00 00 00 00,........,False,True,True
2026-02-11T14:54:00.693141,592.714669,RX,0x000,128,00 38 9B 71 80 02 00 00,.8.q....,False,False,False
2026-02-11T14:54:00.694158,592.715686,RX,0x000,0,,,False,False,False
2026-02-11T14:54:00.694158,592.715686,RX,0x1E0,0,,,False,False,False
2026-02-11T14:54:00.694158,592.715686,RX,0x000,128,E0 01 00 00 00 00 00 00,........,False,True,True
2026-02-11T14:54:00.694158,592.715686,RX,0x000,128,00 38 9B 71 80 02 00 00,.8.q....,False,False,False
2026-02-11T14:54:00.695151,592.716679,RX,0x000,0,,,False,False,False
2026-02-11T14:54:00.695662,592.717190,RX,0x1E0,0,,,False,False,False
2026-02-11T14:54:00.695662,592.717190,RX,0x000,128,E0 01 00 00 00 00 00 00,........,False,True,True
2026-02-11T14:54:00.695662,592.717190,RX,0x000,128,00 38 9B 71 80 02 00 00,.8.q....,False,False,False
2026-02-11T14:54:00.695662,592.717190,RX,0x000,0,,,False,False,False
2026-02-11T14:54:00.695662,592.717190,RX,0x1E0,0,,,False,False,False
2026-02-11T14:54:00.695662,592.717190,RX,0x000,128,E0 01 00 00 00 00 00 00,........,False,True,True
2026-02-11T14:54:00.696676,592.718204,RX,0x000,128,00 38 9B 71 80 02 00 00,.8.q....,False,False,False
2026-02-11T14:54:00.696676,592.718204,RX,0x000,0,,,False,False,False
2026-02-11T14:54:00.696676,592.718204,RX,0x1E0,0,,,False,False,False
2026-02-11T14:54:00.696676,592.718204,RX,0x000,128,E0 01 00 00 00 00 00 00,........,False,True,True
2026-02-11T14:54:00.696676,592.718204,RX,0x000,128,00 38 9B 71 80 02 00 00,.8.q....,False,False,False
2026-02-11T14:54:00.696676,592.718204,RX,0x000,0,,,False,False,False
2026-02-11T14:54:00.696676,592.718204,RX,0x1E0,0,,,False,False,False
2026-02-11T14:54:00.698190,592.719718,RX,0x000,128,E0 01 00 00 00 00 00 00,........,False,True,True
2026-02-11T14:54:00.698190,592.719718,RX,0x000,128,00 38 9B 71 80 02 00 00,.8.q....,False,False,False
2026-02-11T14:54:00.699243,592.720771,RX,0x000,0,,,False,False,False
2026-02-11T14:54:00.699243,592.720771,RX,0x1E0,0,,,False,False,False
2026-02-11T14:54:00.699243,592.720771,RX,0x000,128,E0 01 00 00 00 00 00 00,........,False,True,True
2026-02-11T14:54:00.699243,592.720771,RX,0x000,128,00 38 9B 71 80 02 00 00,.8.q....,False,False,False
2026-02-11T14:54:00.699243,592.720771,RX,0x000,0,,,False,False,False
2026-02-11T14:54:00.699243,592.720771,RX,0x1E0,0,,,False,False,False
2026-02-11T14:54:00.699243,592.720771,RX,0x000,128,E0 01 00 00 00 00 00 00,........,False,True,True
2026-02-11T14:54:00.700429,592.721957,RX,0x000,128,00 38 9B 71 80 02 00 00,.8.q....,False,False,False
2026-02-11T14:54:00.700429,592.721957,RX,0x000,0,,,False,False,False
2026-02-11T14:54:00.700429,592.721957,RX,0x1E0,0,,,False,False,False
2026-02-11T14:54:00.700429,592.721957,RX,0x000,128,E0 01 00 00 00 00 00 00,........,False,True,True
2026-02-11T14:54:00.700429,592.721957,RX,0x000,128,00 38 9B 71 80 02 00 00,.8.q....,False,False,False
2026-02-11T14:54:00.701442,592.721957,RX,0x000,0,,,False,False,False
2026-02-11T14:54:00.701442,592.722970,RX,0x1E0,0,,,False,False,False
2026-02-11T14:54:00.701442,592.722970,RX,0x000,128,E0 01 00 00 00 00 00 00,........,False,True,True
2026-02-11T14:54:00.701442,592.722970,RX,0x000,128,00 38 9B 71 80 02 00 00,.8.q....,False,False,False
2026-02-11T14:54:00.701442,592.722970,RX,0x000,0,,,False,False,False
2026-02-11T14:54:00.701442,592.722970,RX,0x1E0,0,,,False,False,False
2026-02-11T14:54:00.702465,592.723993,RX,0x000,128,E0 01 00 00 00 00 00 00,........,False,True,True
2026-02-11T14:54:00.702465,592.723993,RX,0x000,128,00 38 9B 71 80 02 00 00,.8.q....,False,False,False
2026-02-11T14:54:00.702465,592.723993,RX,0x000,0,,,False,False,False
2026-02-11T14:54:00.702465,592.723993,RX,0x1E0,0,,,False,False,False
2026-02-11T14:54:00.702465,592.723993,RX,0x000,128,E0 01 00 00 00 00 00 00,........,False,True,True
2026-02-11T14:54:00.702465,592.723993,RX,0x000,128,00 38 9B 71 80 02 00 00,.8.q....,False,False,False
2026-02-11T14:54:00.703488,592.725016,RX,0x000,0,,,False,False,False
2026-02-11T14:54:00.703488,592.725016,RX,0x1E0,0,,,False,False,False
2026-02-11T14:54:00.703488,592.725016,RX,0x000,128,E0 01 00 00 00 00 00 00,........,False,True,True
2026-02-11T14:54:00.703488,592.725016,RX,0x000,128,00 38 9B 71 80 02 00 00,.8.q....,False,False,False
2026-02-11T14:54:00.703488,592.725016,RX,0x000,0,,,False,False,False
2026-02-11T14:54:00.703488,592.725016,RX,0x1E0,0,,,False,False,False
2026-02-11T14:54:00.703488,592.725016,RX,0x000,128,E0 01 00 00 00 00 00 00,........,False,True,True
2026-02-11T14:54:00.703488,592.725016,RX,0x000,128,00 38 9B 71 80 02 00 00,.8.q....,False,False,False
2026-02-11T14:54:00.703488,592.725016,RX,0x000,0,,,False,False,False
2026-02-11T14:54:00.703488,592.725016,RX,0x1E0,0,,,False,False,False
2026-02-11T14:54:00.703488,592.725016,RX,0x000,128,E0 01 00 00 00 00 00 00,........,False,True,True
2026-02-11T14:54:00.703488,592.725016,RX,0x000,128,00 38 9B 71 80 02 00 00,.8.q....,False,False,False
2026-02-11T14:54:00.703488,592.725016,RX,0x000,0,,,False,False,False
2026-02-11T14:54:00.703488,592.725016,RX,0x1E0,0,,,False,False,False
2026-02-11T14:54:00.704724,592.726252,RX,0x000,128,E0 01 00 00 00 00 00 00,........,False,True,True
2026-02-11T14:54:00.704724,592.726252,RX,0x000,128,00 38 9B 71 80 02 00 00,.8.q....,False,False,False
2026-02-11T14:54:00.704724,592.726252,RX,0x000,0,,,False,False,False
2026-02-11T14:54:00.704724,592.726252,RX,0x1E0,0,,,False,False,False
2026-02-11T14:54:00.704724,592.726252,RX,0x000,128,E0 01 00 00 00 00 00 00,........,False,True,True
2026-02-11T14:54:00.704724,592.726252,RX,0x000,128,00 38 9B 71 80 02 00 00,.8.q....,False,False,False
2026-02-11T14:54:00.704724,592.726252,RX,0x000,0,,,False,False,False
2026-02-11T14:54:00.704724,592.726252,RX,0x1E0,0,,,False,False,False
2026-02-11T14:54:00.704724,592.726252,RX,0x000,128,E0 01 00 00 00 00 00 00,........,False,True,True
2026-02-11T14:54:00.704724,592.726252,RX,0x000,128,00 38 9B 71 80 02 00 00,.8.q....,False,False,False
2026-02-11T14:54:00.704724,592.726252,RX,0x000,0,,,False,False,False
2026-02-11T14:54:00.704724,592.726252,RX,0x1E0,0,,,False,False,False
2026-02-11T14:54:00.704724,592.726252,RX,0x000,128,E0 01 00 00 00 00 00 00,........,False,True,True
2026-02-11T14:54:00.704724,592.726252,RX,0x000,128,00 38 9B 71 80 02 00 00,.8.q....,False,False,False
2026-02-11T14:54:00.705744,592.726252,RX,0x000,0,,,False,False,False
2026-02-11T14:54:00.705744,592.727272,RX,0x1E0,0,,,False,False,False
2026-02-11T14:54:00.705744,592.727272,RX,0x000,128,E0 01 00 00 00 00 00 00,........,False,True,True
2026-02-11T14:54:00.705744,592.727272,RX,0x000,128,00 38 9B 71 80 02 00 00,.8.q....,False,False,False
2026-02-11T14:54:00.705744,592.727272,RX,0x000,0,,,False,False,False
2026-02-11T14:54:00.705744,592.727272,RX,0x1E0,0,,,False,False,False
2026-02-11T14:54:00.705744,592.727272,RX,0x000,128,E0 01 00 00 00 00 00 00,........,False,True,True
2026-02-11T14:54:00.705744,592.727272,RX,0x000,128,00 38 9B 71 80 02 00 00,.8.q....,False,False,False
2026-02-11T14:54:00.705744,592.727272,RX,0x000,0,,,False,False,False
2026-02-11T14:54:00.705744,592.727272,RX,0x1E0,0,,,False,False,False
2026-02-11T14:54:00.705744,592.727272,RX,0x000,128,E0 01 00 00 00 00 00 00,........,False,True,True
2026-02-11T14:54:00.705744,592.727272,RX,0x000,128,00 38 9B 71 80 02 00 00,.8.q....,False,False,False
2026-02-11T14:54:00.705744,592.727272,RX,0x000,0,,,False,False,False
2026-02-11T14:54:00.705744,592.727272,RX,0x1E0,0,,,False,False,False
2026-02-11T14:54:00.705744,592.727272,RX,0x000,128,E0 01 00 00 00 00 00 00,........,False,True,True
2026-02-11T14:54:00.706774,592.728302,RX,0x000,128,00 38 9B 71 80 02 00 00,.8.q....,False,False,False
2026-02-11T14:54:00.706774,592.728302,RX,0x000,0,,,False,False,False
2026-02-11T14:54:00.706774,592.728302,RX,0x1E0,0,,,False,False,False
2026-02-11T14:54:00.706774,592.728302,RX,0x000,128,E0 01 00 00 00 00 00 00,........,False,True,True
2026-02-11T14:54:00.706774,592.728302,RX,0x000,128,00 38 9B 71 80 02 00 00,.8.q....,False,False,False
2026-02-11T14:54:00.706774,592.728302,RX,0x000,0,,,False,False,False
2026-02-11T14:54:00.706774,592.728302,RX,0x1E0,0,,,False,False,False
2026-02-11T14:54:00.706774,592.728302,RX,0x000,128,E0 01 00 00 00 00 00 00,........,False,True,True
2026-02-11T14:54:00.706774,592.728302,RX,0x000,128,00 38 9B 71 80 02 00 00,.8.q....,False,False,False
2026-02-11T14:54:00.706774,592.728302,RX,0x000,0,,,False,False,False
2026-02-11T14:54:00.706774,592.728302,RX,0x1E0,0,,,False,False,False
2026-02-11T14:54:00.706774,592.728302,RX,0x000,128,E0 01 00 00 00 00 00 00,........,False,True,True
2026-02-11T14:54:00.706774,592.728302,RX,0x000,128,00 38 9B 71 80 02 00 00,.8.q....,False,False,False
2026-02-11T14:54:00.706774,592.728302,RX,0x000,0,,,False,False,False
2026-02-11T14:54:00.706774,592.728302,RX,0x1E0,0,,,False,False,False
2026-02-11T14:54:00.706774,592.728302,RX,0x000,128,E0 01 00 00 00 00 00 00,........,False,True,True
2026-02-11T14:54:00.706774,592.728302,RX,0x000,128,00 38 9B 71 80 02 00 00,.8.q....,False,False,False
2026-02-11T14:54:00.706774,592.728302,RX,0x000,0,,,False,False,False
2026-02-11T14:54:00.706774,592.728302,RX,0x1E0,0,,,False,False,False
2026-02-11T14:54:00.706774,592.728302,RX,0x000,128,E0 01 00 00 00 00 00 00,........,False,True,True
2026-02-11T14:54:00.706774,592.728302,RX,0x000,128,00 38 9B 71 80 02 00 00,.8.q....,False,False,False
2026-02-11T14:54:00.706774,592.728302,RX,0x000,0,,,False,False,False
2026-02-11T14:54:00.706774,592.728302,RX,0x1E0,0,,,False,False,False
2026-02-11T14:54:00.706774,592.728302,RX,0x000,128,E0 01 00 00 00 00 00 00,........,False,True,True
2026-02-11T14:54:00.706774,592.728302,RX,0x000,128,00 38 9B 71 80 02 00 00,.8.q....,False,False,False
2026-02-11T14:54:00.706774,592.728302,RX,0x000,0,,,False,False,False
2026-02-11T14:54:00.708286,592.729814,RX,0x1E0,0,,,False,False,False
2026-02-11T14:54:00.708286,592.729814,RX,0x000,128,E0 01 00 00 00 00 00 00,........,False,True,True
2026-02-11T14:54:00.708286,592.729814,RX,0x000,128,00 38 9B 71 80 02 00 00,.8.q....,False,False,False
2026-02-11T14:54:00.708286,592.729814,RX,0x000,0,,,False,False,False
2026-02-11T14:54:00.708286,592.729814,RX,0x1E0,0,,,False,False,False
2026-02-11T14:54:00.708286,592.729814,RX,0x000,128,E0 01 00 00 00 00 00 00,........,False,True,True
2026-02-11T14:54:00.708286,592.729814,RX,0x000,128,00 38 9B 71 80 02 00 00,.8.q....,False,False,False
2026-02-11T14:54:00.708286,592.729814,RX,0x000,0,,,False,False,False
2026-02-11T14:54:00.708286,592.729814,RX,0x1E0,0,,,False,False,False
2026-02-11T14:54:00.709324,592.730852,RX,0x000,128,E0 01 00 00 00 00 00 00,........,False,True,True
2026-02-11T14:54:00.709324,592.730852,RX,0x000,128,00 38 9B 71 80 02 00 00,.8.q....,False,False,False
2026-02-11T14:54:00.709324,592.730852,RX,0x000,0,,,False,False,False
2026-02-11T14:54:00.709324,592.730852,RX,0x1E0,0,,,False,False,False
2026-02-11T14:54:00.709324,592.730852,RX,0x000,128,E0 01 00 00 00 00 00 00,........,False,True,True
2026-02-11T14:54:00.709324,592.730852,RX,0x000,128,00 38 9B 71 80 02 00 00,.8.q....,False,False,False
2026-02-11T14:54:00.709324,592.730852,RX,0x000,0,,,False,False,False
2026-02-11T14:54:00.709324,592.730852,RX,0x1E0,0,,,False,False,False
2026-02-11T14:54:00.709324,592.730852,RX,0x000,128,E0 01 00 00 00 00 00 00,........,False,True,True
2026-02-11T14:54:00.709324,592.730852,RX,0x000,128,00 38 9B 71 80 02 00 00,.8.q....,False,False,False
2026-02-11T14:54:00.709324,592.730852,RX,0x000,0,,,False,False,False
2026-02-11T14:54:00.709324,592.730852,RX,0x1E0,0,,,False,False,False
2026-02-11T14:54:00.709324,592.730852,RX,0x000,128,E0 01 00 00 00 00 00 00,........,False,True,True
2026-02-11T14:54:00.709324,592.730852,RX,0x000,128,00 38 9B 71 80 02 00 00,.8.q....,False,False,False
2026-02-11T14:54:00.709324,592.730852,RX,0x000,0,,,False,False,False
2026-02-11T14:54:00.709324,592.730852,RX,0x1E0,0,,,False,False,False
2026-02-11T14:54:00.709324,592.730852,RX,0x000,128,E0 01 00 00 00 00 00 00,........,False,True,True
2026-02-11T14:54:00.709324,592.730852,RX,0x000,128,00 38 9B 71 80 02 00 00,.8.q....,False,False,False
2026-02-11T14:54:00.709324,592.730852,RX,0x000,0,,,False,False,False
2026-02-11T14:54:00.709324,592.730852,RX,0x1E0,0,,,False,False,False
2026-02-11T14:54:00.709324,592.730852,RX,0x000,128,E0 01 00 00 00 00 00 00,........,False,True,True
2026-02-11T14:54:00.709324,592.730852,RX,0x000,128,00 38 9B 71 80 02 00 00,.8.q....,False,False,False
2026-02-11T14:54:00.709324,592.730852,RX,0x000,0,,,False,False,False
2026-02-11T14:54:00.709324,592.730852,RX,0x1E0,0,,,False,False,False
2026-02-11T14:54:00.711481,592.733009,RX,0x000,128,E0 01 00 00 00 00 00 00,........,False,True,True
2026-02-11T14:54:00.711481,592.733009,RX,0x000,128,00 38 9B 71 80 02 00 00,.8.q....,False,False,False
2026-02-11T14:54:00.711481,592.733009,RX,0x000,0,,,False,False,False
2026-02-11T14:54:00.711481,592.733009,RX,0x1E0,0,,,False,False,False
2026-02-11T14:54:00.711481,592.733009,RX,0x000,128,E0 01 00 00 00 00 00 00,........,False,True,True
2026-02-11T14:54:00.711481,592.733009,RX,0x000,128,00 38 9B 71 80 02 00 00,.8.q....,False,False,False
2026-02-11T14:54:00.711481,592.733009,RX,0x000,0,,,False,False,False
2026-02-11T14:54:00.711481,592.733009,RX,0x1E0,0,,,False,False,False
2026-02-11T14:54:00.711481,592.733009,RX,0x000,128,E0 01 00 00 00 00 00 00,........,False,True,True
2026-02-11T14:54:00.711481,592.733009,RX,0x000,128,00 38 9B 71 80 02 00 00,.8.q....,False,False,False
2026-02-11T14:54:00.711481,592.733009,RX,0x000,0,,,False,False,False
2026-02-11T14:54:00.711481,592.733009,RX,0x1E0,0,,,False,False,False
2026-02-11T14:54:00.711481,592.733009,RX,0x000,128,E0 01 00 00 00 00 00 00,........,False,True,True
2026-02-11T14:54:00.711481,592.733009,RX,0x000,128,00 38 9B 71 80 02 00 00,.8.q....,False,False,False
2026-02-11T14:54:00.711481,592.733009,RX,0x000,0,,,False,False,False
2026-02-11T14:54:00.711481,592.733009,RX,0x1E0,0,,,False,False,False
2026-02-11T14:54:00.711481,592.733009,RX,0x000,128,E0 01 00 00 00 00 00 00,........,False,True,True
2026-02-11T14:54:00.712503,592.734031,RX,0x000,128,00 38 9B 71 80 02 00 00,.8.q....,False,False,False
2026-02-11T14:54:00.712503,592.734031,RX,0x000,0,,,False,False,False
2026-02-11T14:54:00.712503,592.734031,RX,0x1E0,0,,,False,False,False
2026-02-11T14:54:00.712503,592.734031,RX,0x000,128,E0 01 00 00 00 00 00 00,........,False,True,True
2026-02-11T14:54:00.712503,592.734031,RX,0x000,128,00 38 9B 71 80 02 00 00,.8.q....,False,False,False
2026-02-11T14:54:00.712503,592.734031,RX,0x000,0,,,False,False,False
2026-02-11T14:54:00.712503,592.734031,RX,0x1E0,0,,,False,False,False
2026-02-11T14:54:00.712503,592.734031,RX,0x000,128,E0 01 00 00 00 00 00 00,........,False,True,True
2026-02-11T14:54:00.712503,592.734031,RX,0x000,128,00 38 9B 71 80 02 00 00,.8.q....,False,False,False
2026-02-11T14:54:00.712503,592.734031,RX,0x000,0,,,False,False,False
2026-02-11T14:54:00.712503,592.734031,RX,0x1E0,0,,,False,False,False
2026-02-11T14:54:00.712503,592.734031,RX,0x000,128,E0 01 00 00 00 00 00 00,........,False,True,True
2026-02-11T14:54:00.712503,592.734031,RX,0x000,128,00 38 9B 71 80 02 00 00,.8.q....,False,False,False
2026-02-11T14:54:00.712503,592.734031,RX,0x000,0,,,False,False,False
2026-02-11T14:54:00.712503,592.734031,RX,0x1E0,0,,,False,False,False
2026-02-11T14:54:00.713516,592.735044,RX,0x000,128,E0 01 00 00 00 00 00 00,........,False,True,True
2026-02-11T14:54:00.713516,592.735044,RX,0x000,128,00 38 9B 71 80 02 00 00,.8.q....,False,False,False
2026-02-11T14:54:00.713516,592.735044,RX,0x000,0,,,False,False,False
2026-02-11T14:54:00.713516,592.735044,RX,0x1E0,0,,,False,False,False
2026-02-11T14:54:00.713516,592.735044,RX,0x000,128,E0 01 00 00 00 00 00 00,........,False,True,True
2026-02-11T14:54:00.713516,592.735044,RX,0x000,128,00 38 9B 71 80 02 00 00,.8.q....,False,False,False
2026-02-11T14:54:00.713516,592.735044,RX,0x000,0,,,False,False,False
2026-02-11T14:54:00.713516,592.735044,RX,0x1E0,0,,,False,False,False
2026-02-11T14:54:00.713516,592.735044,RX,0x000,128,E0 01 00 00 00 00 00 00,........,False,True,True
2026-02-11T14:54:00.713516,592.735044,RX,0x000,128,00 38 9B 71 80 02 00 00,.8.q....,False,False,False
2026-02-11T14:54:00.713516,592.735044,RX,0x000,0,,,False,False,False
2026-02-11T14:54:00.713516,592.735044,RX,0x1E0,0,,,False,False,False
2026-02-11T14:54:00.713516,592.735044,RX,0x000,128,E0 01 00 00 00 00 00 00,........,False,True,True
2026-02-11T14:54:00.713516,592.735044,RX,0x000,128,00 38 9B 71 80 02 00 00,.8.q....,False,False,False
2026-02-11T14:54:00.713516,592.735044,RX,0x000,0,,,False,False,False
2026-02-11T14:54:00.713516,592.735044,RX,0x1E0,0,,,False,False,False
2026-02-11T14:54:00.713516,592.735044,RX,0x000,128,E0 01 00 00 00 00 00 00,........,False,True,True
2026-02-11T14:54:00.713516,592.735044,RX,0x000,128,00 38 9B 71 80 02 00 00,.8.q....,False,False,False
2026-02-11T14:54:00.713516,592.735044,RX,0x000,0,,,False,False,False
2026-02-11T14:54:00.714534,592.736063,RX,0x1E0,0,,,False,False,False
2026-02-11T14:54:00.714534,592.736063,RX,0x000,128,E0 01 00 00 00 00 00 00,........,False,True,True
2026-02-11T14:54:00.714534,592.736063,RX,0x000,128,00 38 9B 71 80 02 00 00,.8.q....,False,False,False
2026-02-11T14:54:00.714534,592.736063,RX,0x000,0,,,False,False,False
2026-02-11T14:54:00.714534,592.736063,RX,0x1E0,0,,,False,False,False
2026-02-11T14:54:00.714534,592.736063,RX,0x000,128,E0 01 00 00 00 00 00 00,........,False,True,True
2026-02-11T14:54:00.714534,592.736063,RX,0x000,128,00 38 9B 71 80 02 00 00,.8.q....,False,False,False
2026-02-11T14:54:00.714534,592.736063,RX,0x000,0,,,False,False,False
2026-02-11T14:54:00.714534,592.736063,RX,0x1E0,0,,,False,False,False
2026-02-11T14:54:00.714534,592.736063,RX,0x000,128,E0 01 00 00 00 00 00 00,........,False,True,True
2026-02-11T14:54:00.714534,592.736063,RX,0x000,128,00 38 9B 71 80 02 00 00,.8.q....,False,False,False
2026-02-11T14:54:00.715681,592.736063,RX,0x000,0,,,False,False,False
2026-02-11T14:54:00.715681,592.737209,RX,0x1E0,0,,,False,False,False
2026-02-11T14:54:00.715681,592.737209,RX,0x000,128,E0 01 00 00 00 00 00 00,........,False,True,True
2026-02-11T14:54:00.715681,592.737209,RX,0x000,128,00 38 9B 71 80 02 00 00,.8.q....,False,False,False
2026-02-11T14:54:00.715681,592.737209,RX,0x000,0,,,False,False,False
2026-02-11T14:54:00.715681,592.737209,RX,0x1E0,0,,,False,False,False
2026-02-11T14:54:00.715681,592.737209,RX,0x000,128,E0 01 00 00 00 00 00 00,........,False,True,True
2026-02-11T14:54:00.715681,592.737209,RX,0x000,128,00 38 9B 71 80 02 00 00,.8.q....,False,False,False
2026-02-11T14:54:00.715681,592.737209,RX,0x000,0,,,False,False,False
2026-02-11T14:54:00.715681,592.737209,RX,0x1E0,0,,,False,False,False
2026-02-11T14:54:00.715681,592.737209,RX,0x000,128,E0 01 00 00 00 00 00 00,........,False,True,True
2026-02-11T14:54:00.715681,592.737209,RX,0x000,128,00 38 9B 71 80 02 00 00,.8.q....,False,False,False
2026-02-11T14:54:00.716703,592.738231,RX,0x000,0,,,False,False,False
2026-02-11T14:54:00.716703,592.738231,RX,0x1E0,0,,,False,False,False
2026-02-11T14:54:00.716703,592.738231,RX,0x000,128,E0 01 00 00 00 00 00 00,........,False,True,True
2026-02-11T14:54:00.716703,592.738231,RX,0x000,128,00 38 9B 71 80 02 00 00,.8.q....,False,False,False
2026-02-11T14:54:00.716703,592.738231,RX,0x000,0,,,False,False,False
2026-02-11T14:54:00.716703,592.738231,RX,0x1E0,0,,,False,False,False
2026-02-11T14:54:00.716703,592.738231,RX,0x000,128,E0 01 00 00 00 00 00 00,........,False,True,True
2026-02-11T14:54:00.716703,592.738231,RX,0x000,128,00 38 9B 71 80 02 00 00,.8.q....,False,False,False
2026-02-11T14:54:00.716703,592.738231,RX,0x000,0,,,False,False,False
2026-02-11T14:54:00.716703,592.738231,RX,0x1E0,0,,,False,False,False
2026-02-11T14:54:00.716703,592.738231,RX,0x000,128,E0 01 00 00 00 00 00 00,........,False,True,True
2026-02-11T14:54:00.716703,592.738231,RX,0x000,128,00 38 9B 71 80 02 00 00,.8.q....,False,False,False
2026-02-11T14:54:00.716703,592.738231,RX,0x000,0,,,False,False,False
2026-02-11T14:54:00.716703,592.738231,RX,0x1E0,0,,,False,False,False
2026-02-11T14:54:00.716703,592.738231,RX,0x000,128,E0 01 00 00 00 00 00 00,........,False,True,True
2026-02-11T14:54:00.716703,592.738231,RX,0x000,128,00 38 9B 71 80 02 00 00,.8.q....,False,False,False
2026-02-11T14:54:00.716703,592.738231,RX,0x000,0,,,False,False,False
2026-02-11T14:54:00.716703,592.738231,RX,0x1E0,0,,,False,False,False
2026-02-11T14:54:00.716703,592.738231,RX,0x000,128,E0 01 00 00 00 00 00 00,........,False,True,True
2026-02-11T14:54:00.716703,592.738231,RX,0x000,128,00 38 9B 71 80 02 00 00,.8.q....,False,False,False
2026-02-11T14:54:00.716703,592.738231,RX,0x000,0,,,False,False,False
2026-02-11T14:54:00.716703,592.738231,RX,0x1E0,0,,,False,False,False
2026-02-11T14:54:00.716703,592.738231,RX,0x000,128,E0 01 00 00 00 00 00 00,........,False,True,True
2026-02-11T14:54:00.716703,592.738231,RX,0x000,128,00 38 9B 71 80 02 00 00,.8.q....,False,False,False
2026-02-11T14:54:00.716703,592.738231,RX,0x000,0,,,False,False,False
2026-02-11T14:54:00.716703,592.738231,RX,0x1E0,0,,,False,False,False
2026-02-11T14:54:00.716703,592.738231,RX,0x000,128,E0 01 00 00 00 00 00 00,........,False,True,True
2026-02-11T14:54:00.718213,592.739741,RX,0x000,128,00 38 9B 71 80 02 00 00,.8.q....,False,False,False
2026-02-11T14:54:00.718213,592.739741,RX,0x000,0,,,False,False,False
2026-02-11T14:54:00.718213,592.739741,RX,0x1E0,0,,,False,False,False
2026-02-11T14:54:00.718213,592.739741,RX,0x000,128,E0 01 00 00 00 00 00 00,........,False,True,True
2026-02-11T14:54:00.718213,592.739741,RX,0x000,128,00 38 9B 71 80 02 00 00,.8.q....,False,False,False
2026-02-11T14:54:00.718213,592.739741,RX,0x000,0,,,False,False,False
2026-02-11T14:54:00.718213,592.739741,RX,0x1E0,0,,,False,False,False
2026-02-11T14:54:00.718213,592.739741,RX,0x000,128,E0 01 00 00 00 00 00 00,........,False,True,True
2026-02-11T14:54:00.718213,592.739741,RX,0x000,128,00 38 9B 71 80 02 00 00,.8.q....,False,False,False
2026-02-11T14:54:00.718213,592.739741,RX,0x000,0,,,False,False,False
2026-02-11T14:54:00.718213,592.739741,RX,0x1E0,0,,,False,False,False
2026-02-11T14:54:00.718213,592.739741,RX,0x000,128,E0 01 00 00 00 00 00 00,........,False,True,True
2026-02-11T14:54:00.718213,592.739741,RX,0x000,128,00 38 9B 71 80 02 00 00,.8.q....,False,False,False
2026-02-11T14:54:00.718213,592.739741,RX,0x000,0,,,False,False,False
2026-02-11T14:54:00.718213,592.739741,RX,0x1E0,0,,,False,False,False
2026-02-11T14:54:00.719263,592.740791,RX,0x000,128,E0 01 00 00 00 00 00 00,........,False,True,True
2026-02-11T14:54:00.719263,592.740791,RX,0x000,128,00 38 9B 71 80 02 00 00,.8.q....,False,False,False
2026-02-11T14:54:00.719263,592.740791,RX,0x000,0,,,False,False,False
2026-02-11T14:54:00.719263,592.740791,RX,0x1E0,0,,,False,False,False
2026-02-11T14:54:00.719263,592.740791,RX,0x000,128,E0 01 00 00 00 00 00 00,........,False,True,True
2026-02-11T14:54:00.719263,592.740791,RX,0x000,128,00 38 9B 71 80 02 00 00,.8.q....,False,False,False
2026-02-11T14:54:00.719263,592.740791,RX,0x000,0,,,False,False,False
2026-02-11T14:54:00.719263,592.740791,RX,0x1E0,0,,,False,False,False
2026-02-11T14:54:00.719263,592.740791,RX,0x000,128,E0 01 00 00 00 00 00 00,........,False,True,True
2026-02-11T14:54:00.719263,592.740791,RX,0x000,128,00 38 9B 71 80 02 00 00,.8.q....,False,False,False
2026-02-11T14:54:00.719263,592.740791,RX,0x000,0,,,False,False,False
2026-02-11T14:54:00.719263,592.740791,RX,0x1E0,0,,,False,False,False
2026-02-11T14:54:00.719263,592.740791,RX,0x000,128,E0 01 00 00 00 00 00 00,........,False,True,True
2026-02-11T14:54:00.719263,592.740791,RX,0x000,128,00 38 9B 71 80 02 00 00,.8.q....,False,False,False
2026-02-11T14:54:00.719263,592.740791,RX,0x000,0,,,False,False,False
2026-02-11T14:54:00.719263,592.740791,RX,0x1E0,0,,,False,False,False
2026-02-11T14:54:00.720273,592.741801,RX,0x000,128,E0 01 00 00 00 00 00 00,........,False,True,True
2026-02-11T14:54:00.720273,592.741801,RX,0x000,128,00 38 9B 71 80 02 00 00,.8.q....,False,False,False
2026-02-11T14:54:00.720273,592.741801,RX,0x000,0,,,False,False,False
2026-02-11T14:54:00.720273,592.741801,RX,0x1E0,0,,,False,False,False
2026-02-11T14:54:00.720273,592.741801,RX,0x000,128,E0 01 00 00 00 00 00 00,........,False,True,True
2026-02-11T14:54:00.720273,592.741801,RX,0x000,128,00 38 9B 71 80 02 00 00,.8.q....,False,False,False
2026-02-11T14:54:00.720273,592.741801,RX,0x000,0,,,False,False,False
2026-02-11T14:54:00.720273,592.741801,RX,0x1E0,0,,,False,False,False
2026-02-11T14:54:00.720273,592.741801,RX,0x000,128,E0 01 00 00 00 00 00 00,........,False,True,True
2026-02-11T14:54:00.720273,592.741801,RX,0x000,128,00 38 9B 71 80 02 00 00,.8.q....,False,False,False
2026-02-11T14:54:00.720273,592.741801,RX,0x000,0,,,False,False,False
2026-02-11T14:54:00.720273,592.741801,RX,0x1E0,0,,,False,False,False
2026-02-11T14:54:00.720273,592.741801,RX,0x000,128,E0 01 00 00 00 00 00 00,........,False,True,True
2026-02-11T14:54:00.721292,592.742820,RX,0x000,128,00 38 9B 71 80 02 00 00,.8.q....,False,False,False
2026-02-11T14:54:00.721292,592.742820,RX,0x000,0,,,False,False,False
2026-02-11T14:54:00.721292,592.742820,RX,0x1E0,0,,,False,False,False
2026-02-11T14:54:00.721292,592.742820,RX,0x000,128,E0 01 00 00 00 00 00 00,........,False,True,True
2026-02-11T14:54:00.721292,592.742820,RX,0x000,128,00 38 9B 71 80 02 00 00,.8.q....,False,False,False
2026-02-11T14:54:00.721292,592.742820,RX,0x000,0,,,False,False,False
2026-02-11T14:54:00.721292,592.742820,RX,0x1E0,0,,,False,False,False
2026-02-11T14:54:00.721292,592.742820,RX,0x000,128,E0 01 00 00 00 00 00 00,........,False,True,True
2026-02-11T14:54:00.721292,592.742820,RX,0x000,128,00 38 9B 71 80 02 00 00,.8.q....,False,False,False
2026-02-11T14:54:00.721292,592.742820,RX,0x000,0,,,False,False,False
2026-02-11T14:54:00.721292,592.742820,RX,0x1E0,0,,,False,False,False
2026-02-11T14:54:00.721292,592.742820,RX,0x000,128,E0 01 00 00 00 00 00 00,........,False,True,True
2026-02-11T14:54:00.721292,592.742820,RX,0x000,128,00 38 9B 71 80 02 00 00,.8.q....,False,False,False
2026-02-11T14:54:00.721292,592.742820,RX,0x000,0,,,False,False,False
2026-02-11T14:54:00.721292,592.742820,RX,0x1E0,0,,,False,False,False
2026-02-11T14:54:00.721292,592.742820,RX,0x000,128,E0 01 00 00 00 00 00 00,........,False,True,True
2026-02-11T14:54:00.721292,592.742820,RX,0x000,128,00 38 9B 71 80 02 00 00,.8.q....,False,False,False
2026-02-11T14:54:00.721292,592.742820,RX,0x000,0,,,False,False,False
2026-02-11T14:54:00.721292,592.742820,RX,0x1E0,0,,,False,False,False
2026-02-11T14:54:00.721292,592.742820,RX,0x000,128,E0 01 00 00 00 00 00 00,........,False,True,True
2026-02-11T14:54:00.722314,592.743841,RX,0x000,128,00 38 9B 71 80 02 00 00,.8.q....,False,False,False
2026-02-11T14:54:00.722314,592.743841,RX,0x000,0,,,False,False,False
2026-02-11T14:54:00.722314,592.743841,RX,0x1E0,0,,,False,False,False
2026-02-11T14:54:00.722314,592.743841,RX,0x000,128,E0 01 00 00 00 00 00 00,........,False,True,True
2026-02-11T14:54:00.722314,592.743841,RX,0x000,128,00 38 9B 71 80 02 00 00,.8.q....,False,False,False
2026-02-11T14:54:00.722314,592.743841,RX,0x000,0,,,False,False,False
2026-02-11T14:54:00.722314,592.743841,RX,0x1E0,0,,,False,False,False
2026-02-11T14:54:00.722314,592.743841,RX,0x000,128,E0 01 00 00 00 00 00 00,........,False,True,True
2026-02-11T14:54:00.722314,592.743841,RX,0x000,128,00 38 9B 71 80 02 00 00,.8.q....,False,False,False
2026-02-11T14:54:00.722314,592.743841,RX,0x000,0,,,False,False,False
2026-02-11T14:54:00.722314,592.743841,RX,0x1E0,0,,,False,False,False
2026-02-11T14:54:00.722314,592.743841,RX,0x000,128,E0 01 00 00 00 00 00 00,........,False,True,True
2026-02-11T14:54:00.722314,592.743841,RX,0x000,128,00 38 9B 71 80 02 00 00,.8.q....,False,False,False
2026-02-11T14:54:00.722314,592.743841,RX,0x000,0,,,False,False,False
2026-02-11T14:54:00.723328,592.744856,RX,0x1E0,0,,,False,False,False
2026-02-11T14:54:00.723328,592.744856,RX,0x000,128,E0 01 00 00 00 00 00 00,........,False,True,True
2026-02-11T14:54:00.723328,592.744856,RX,0x000,128,00 38 9B 71 80 02 00 00,.8.q....,False,False,False
2026-02-11T14:54:00.723328,592.744856,RX,0x000,0,,,False,False,False
2026-02-11T14:54:00.723328,592.744856,RX,0x1E0,0,,,False,False,False
2026-02-11T14:54:00.723328,592.744856,RX,0x000,128,E0 01 00 00 00 00 00 00,........,False,True,True
2026-02-11T14:54:00.723328,592.744856,RX,0x000,128,00 38 9B 71 80 02 00 00,.8.q....,False,False,False
2026-02-11T14:54:00.723328,592.744856,RX,0x000,0,,,False,False,False
2026-02-11T14:54:00.723328,592.744856,RX,0x1E0,0,,,False,False,False
2026-02-11T14:54:00.723328,592.744856,RX,0x000,128,E0 01 00 00 00 00 00 00,........,False,True,True
2026-02-11T14:54:00.723328,592.744856,RX,0x000,128,00 38 9B 71 80 02 00 00,.8.q....,False,False,False
2026-02-11T14:54:00.723328,592.744856,RX,0x000,0,,,False,False,False
2026-02-11T14:54:00.723328,592.744856,RX,0x1E0,0,,,False,False,False
2026-02-11T14:54:00.723328,592.744856,RX,0x000,128,E0 01 00 00 00 00 00 00,........,False,True,True
2026-02-11T14:54:00.723328,592.744856,RX,0x000,128,00 38 9B 71 80 02 00 00,.8.q....,False,False,False
2026-02-11T14:54:00.723328,592.744856,RX,0x000,0,,,False,False,False
2026-02-11T14:54:00.723328,592.744856,RX,0x1E0,0,,,False,False,False
2026-02-11T14:54:00.723328,592.744856,RX,0x000,128,E0 01 00 00 00 00 00 00,........,False,True,True
2026-02-11T14:54:00.723328,592.744856,RX,0x000,128,00 38 9B 71 80 02 00 00,.8.q....,False,False,False
2026-02-11T14:54:00.724344,592.745872,RX,0x000,0,,,False,False,False
2026-02-11T14:54:00.724344,592.745872,RX,0x1E0,0,,,False,False,False
2026-02-11T14:54:00.724344,592.745872,RX,0x000,128,E0 01 00 00 00 00 00 00,........,False,True,True
2026-02-11T14:54:00.724344,592.745872,RX,0x000,128,00 38 9B 71 80 02 00 00,.8.q....,False,False,False
2026-02-11T14:54:00.724344,592.745872,RX,0x000,0,,,False,False,False
2026-02-11T14:54:00.724344,592.745872,RX,0x1E0,0,,,False,False,False
2026-02-11T14:54:00.724344,592.745872,RX,0x000,128,E0 01 00 00 00 00 00 00,........,False,True,True
2026-02-11T14:54:00.724344,592.745872,RX,0x000,128,00 38 9B 71 80 02 00 00,.8.q....,False,False,False
2026-02-11T14:54:00.724344,592.745872,RX,0x000,0,,,False,False,False
2026-02-11T14:54:00.724344,592.745872,RX,0x1E0,0,,,False,False,False
2026-02-11T14:54:00.724344,592.745872,RX,0x000,128,E0 01 00 00 00 00 00 00,........,False,True,True
2026-02-11T14:54:00.724344,592.745872,RX,0x000,128,00 38 9B 71 80 02 00 00,.8.q....,False,False,False
2026-02-11T14:54:00.724344,592.745872,RX,0x000,0,,,False,False,False
2026-02-11T14:54:00.724344,592.745872,RX,0x1E0,0,,,False,False,False
2026-02-11T14:54:00.724344,592.745872,RX,0x000,128,E0 01 00 00 00 00 00 00,........,False,True,True
2026-02-11T14:54:00.724344,592.745872,RX,0x000,128,00 38 9B 71 80 02 00 00,.8.q....,False,False,False
2026-02-11T14:54:00.724344,592.745872,RX,0x000,0,,,False,False,False
2026-02-11T14:54:00.724344,592.745872,RX,0x1E0,0,,,False,False,False
2026-02-11T14:54:00.724344,592.745872,RX,0x000,128,E0 01 00 00 00 00 00 00,........,False,True,True
2026-02-11T14:54:00.725352,592.746880,RX,0x000,128,00 38 9B 71 80 02 00 00,.8.q....,False,False,False
2026-02-11T14:54:00.725352,592.746880,RX,0x000,0,,,False,False,False
2026-02-11T14:54:00.725352,592.746880,RX,0x1E0,0,,,False,False,False
2026-02-11T14:54:00.725352,592.746880,RX,0x000,128,E0 01 00 00 00 00 00 00,........,False,True,True
2026-02-11T14:54:00.725352,592.746880,RX,0x000,128,00 38 9B 71 80 02 00 00,.8.q....,False,False,False
2026-02-11T14:54:00.725352,592.746880,RX,0x000,0,,,False,False,False
2026-02-11T14:54:00.725352,592.746880,RX,0x1E0,0,,,False,False,False
2026-02-11T14:54:00.725352,592.746880,RX,0x000,128,E0 01 00 00 00 00 00 00,........,False,True,True
2026-02-11T14:54:00.725352,592.746880,RX,0x000,128,00 38 9B 71 80 02 00 00,.8.q....,False,False,False
2026-02-11T14:54:00.725352,592.746880,RX,0x000,0,,,False,False,False
2026-02-11T14:54:00.725352,592.746880,RX,0x1E0,0,,,False,False,False
2026-02-11T14:54:00.725352,592.746880,RX,0x000,128,E0 01 00 00 00 00 00 00,........,False,True,True
2026-02-11T14:54:00.725352,592.746880,RX,0x000,128,00 38 9B 71 80 02 00 00,.8.q....,False,False,False
2026-02-11T14:54:00.725352,592.746880,RX,0x000,0,,,False,False,False
2026-02-11T14:54:00.725352,592.746880,RX,0x1E0,0,,,False,False,False
2026-02-11T14:54:00.725352,592.746880,RX,0x000,128,E0 01 00 00 00 00 00 00,........,False,True,True
2026-02-11T14:54:00.725352,592.746880,RX,0x000,128,00 38 9B 71 80 02 00 00,.8.q....,False,False,False
2026-02-11T14:54:00.725352,592.746880,RX,0x000,0,,,False,False,False
2026-02-11T14:54:00.725352,592.746880,RX,0x1E0,0,,,False,False,False
2026-02-11T14:54:00.725352,592.746880,RX,0x000,128,E0 01 00 00 00 00 00 00,........,False,True,True
2026-02-11T14:54:00.725352,592.746880,RX,0x000,128,00 38 9B 71 80 02 00 00,.8.q....,False,False,False
2026-02-11T14:54:00.726369,592.747897,RX,0x000,0,,,False,False,False
2026-02-11T14:54:00.726369,592.747897,RX,0x1E0,0,,,False,False,False
2026-02-11T14:54:00.726369,592.747897,RX,0x000,128,E0 01 00 00 00 00 00 00,........,False,True,True
2026-02-11T14:54:00.726369,592.747897,RX,0x000,128,00 38 9B 71 80 02 00 00,.8.q....,False,False,False
2026-02-11T14:54:00.726369,592.747897,RX,0x000,0,,,False,False,False
2026-02-11T14:54:00.726369,592.747897,RX,0x1E0,0,,,False,False,False
2026-02-11T14:54:00.726369,592.747897,RX,0x000,128,E0 01 00 00 00 00 00 00,........,False,True,True
2026-02-11T14:54:00.726369,592.747897,RX,0x000,128,00 38 9B 71 80 02 00 00,.8.q....,False,False,False
2026-02-11T14:54:00.726369,592.747897,RX,0x000,0,,,False,False,False
2026-02-11T14:54:00.726369,592.747897,RX,0x1E0,0,,,False,False,False
2026-02-11T14:54:00.726369,592.747897,RX,0x000,128,E0 01 00 00 00 00 00 00,........,False,True,True
2026-02-11T14:54:00.726369,592.747897,RX,0x000,128,00 38 9B 71 80 02 00 00,.8.q....,False,False,False
2026-02-11T14:54:00.726369,592.747897,RX,0x000,0,,,False,False,False
2026-02-11T14:54:00.726369,592.747897,RX,0x1E0,0,,,False,False,False
2026-02-11T14:54:00.726369,592.747897,RX,0x000,128,E0 01 00 00 00 00 00 00,........,False,True,True
2026-02-11T14:54:00.726369,592.747897,RX,0x000,128,00 38 9B 71 80 02 00 00,.8.q....,False,False,False
2026-02-11T14:54:00.726369,592.747897,RX,0x000,0,,,False,False,False
2026-02-11T14:54:00.726369,592.747897,RX,0x1E0,0,,,False,False,False
2026-02-11T14:54:00.726369,592.747897,RX,0x000,128,E0 01 00 00 00 00 00 00,........,False,True,True
2026-02-11T14:54:00.726369,592.747897,RX,0x000,128,00 38 9B 71 80 02 00 00,.8.q....,False,False,False
2026-02-11T14:54:00.726369,592.747897,RX,0x000,0,,,False,False,False
2026-02-11T14:54:00.726369,592.747897,RX,0x1E0,0,,,False,False,False
2026-02-11T14:54:00.726369,592.747897,RX,0x000,128,E0 01 00 00 00 00 00 00,........,False,True,True
2026-02-11T14:54:00.726369,592.747897,RX,0x000,128,00 38 9B 71 80 02 00 00,.8.q....,False,False,False
2026-02-11T14:54:00.726369,592.747897,RX,0x000,0,,,False,False,False
2026-02-11T14:54:00.727881,592.749409,RX,0x1E0,0,,,False,False,False
2026-02-11T14:54:00.727881,592.749409,RX,0x000,128,E0 01 00 00 00 00 00 00,........,False,True,True
2026-02-11T14:54:00.727881,592.749409,RX,0x000,128,00 38 9B 71 80 02 00 00,.8.q....,False,False,False
2026-02-11T14:54:00.727881,592.749409,RX,0x000,0,,,False,False,False
2026-02-11T14:54:00.727881,592.749409,RX,0x1E0,0,,,False,False,False
2026-02-11T14:54:00.727881,592.749409,RX,0x000,128,E0 01 00 00 00 00 00 00,........,False,True,True
2026-02-11T14:54:00.727881,592.749409,RX,0x000,128,00 38 9B 71 80 02 00 00,.8.q....,False,False,False
2026-02-11T14:54:00.727881,592.749409,RX,0x000,0,,,False,False,False
2026-02-11T14:54:00.727881,592.749409,RX,0x1E0,0,,,False,False,False
2026-02-11T14:54:00.727881,592.749409,RX,0x000,128,E0 01 00 00 00 00 00 00,........,False,True,True
2026-02-11T14:54:00.727881,592.749409,RX,0x000,128,00 38 9B 71 80 02 00 00,.8.q....,False,False,False
2026-02-11T14:54:00.727881,592.749409,RX,0x000,0,,,False,False,False
2026-02-11T14:54:00.727881,592.749409,RX,0x1E0,0,,,False,False,False
2026-02-11T14:54:00.728931,592.750459,RX,0x000,128,E0 01 00 00 00 00 00 00,........,False,True,True
2026-02-11T14:54:00.728931,592.750459,RX,0x000,128,00 38 9B 71 80 02 00 00,.8.q....,False,False,False
2026-02-11T14:54:00.728931,592.750459,RX,0x000,0,,,False,False,False
2026-02-11T14:54:00.728931,592.750459,RX,0x1E0,0,,,False,False,False
2026-02-11T14:54:00.728931,592.750459,RX,0x000,128,E0 01 00 00 00 00 00 00,........,False,True,True
2026-02-11T14:54:00.728931,592.750459,RX,0x000,128,00 38 9B 71 80 02 00 00,.8.q....,False,False,False
2026-02-11T14:54:00.728931,592.750459,RX,0x000,0,,,False,False,False
2026-02-11T14:54:00.728931,592.750459,RX,0x1E0,0,,,False,False,False
2026-02-11T14:54:00.728931,592.750459,RX,0x000,128,E0 01 00 00 00 00 00 00,........,False,True,True
2026-02-11T14:54:00.728931,592.750459,RX,0x000,128,00 38 9B 71 80 02 00 00,.8.q....,False,False,False
2026-02-11T14:54:00.728931,592.750459,RX,0x000,0,,,False,False,False
2026-02-11T14:54:00.728931,592.750459,RX,0x1E0,0,,,False,False,False
2026-02-11T14:54:00.728931,592.750459,RX,0x000,128,E0 01 00 00 00 00 00 00,........,False,True,True
2026-02-11T14:54:00.728931,592.750459,RX,0x000,128,00 38 9B 71 80 02 00 00,.8.q....,False,False,False
2026-02-11T14:54:00.728931,592.750459,RX,0x000,0,,,False,False,False
2026-02-11T14:54:00.728931,592.750459,RX,0x1E0,0,,,False,False,False
2026-02-11T14:54:00.729965,592.751493,RX,0x000,128,E0 01 00 00 00 00 00 00,........,False,True,True
2026-02-11T14:54:00.729965,592.751493,RX,0x000,128,00 38 9B 71 80 02 00 00,.8.q....,False,False,False
2026-02-11T14:54:00.729965,592.751493,RX,0x000,0,,,False,False,False
2026-02-11T14:54:00.729965,592.751493,RX,0x1E0,0,,,False,False,False
2026-02-11T14:54:00.729965,592.751493,RX,0x000,128,E0 01 00 00 00 00 00 00,........,False,True,True
2026-02-11T14:54:00.729965,592.751493,RX,0x000,128,00 38 9B 71 80 02 00 00,.8.q....,False,False,False
2026-02-11T14:54:00.729965,592.751493,RX,0x000,0,,,False,False,False
2026-02-11T14:54:00.729965,592.751493,RX,0x1E0,0,,,False,False,False
2026-02-11T14:54:00.729965,592.751493,RX,0x000,128,E0 01 00 00 00 00 00 00,........,False,True,True
2026-02-11T14:54:00.729965,592.751493,RX,0x000,128,00 38 9B 71 80 02 00 00,.8.q....,False,False,False
2026-02-11T14:54:00.729965,592.751493,RX,0x000,0,,,False,False,False
2026-02-11T14:54:00.729965,592.751493,RX,0x1E0,0,,,False,False,False
2026-02-11T14:54:00.729965,592.751493,RX,0x000,128,E0 01 00 00 00 00 00 00,........,False,True,True
2026-02-11T14:54:00.729965,592.751493,RX,0x000,128,00 38 9B 71 80 02 00 00,.8.q....,False,False,False
2026-02-11T14:54:00.729965,592.751493,RX,0x000,0,,,False,False,False
2026-02-11T14:54:00.729965,592.751493,RX,0x1E0,0,,,False,False,False
2026-02-11T14:54:00.729965,592.751493,RX,0x000,128,E0 01 00 00 00 00 00 00,........,False,True,True
2026-02-11T14:54:00.729965,592.751493,RX,0x000,128,00 38 9B 71 80 02 00 00,.8.q....,False,False,False
2026-02-11T14:54:00.729965,592.751493,RX,0x000,0,,,False,False,False
2026-02-11T14:54:00.729965,592.751493,RX,0x1E0,0,,,False,False,False
2026-02-11T14:54:00.729965,592.751493,RX,0x000,128,E0 01 00 00 00 00 00 00,........,False,True,True
2026-02-11T14:54:00.729965,592.751493,RX,0x000,128,00 38 9B 71 80 02 00 00,.8.q....,False,False,False
2026-02-11T14:54:00.729965,592.751493,RX,0x000,0,,,False,False,False
2026-02-11T14:54:00.729965,592.751493,RX,0x1E0,0,,,False,False,False
2026-02-11T14:54:00.729965,592.751493,RX,0x000,128,E0 01 00 00 00 00 00 00,........,False,True,True
2026-02-11T14:54:00.729965,592.751493,RX,0x000,128,00 38 9B 71 80 02 00 00,.8.q....,False,False,False
2026-02-11T14:54:00.731722,592.753250,RX,0x000,0,,,False,False,False
2026-02-11T14:54:00.731722,592.753250,RX,0x1E0,0,,,False,False,False
2026-02-11T14:54:00.731722,592.753250,RX,0x000,128,E0 01 00 00 00 00 00 00,........,False,True,True
2026-02-11T14:54:00.731722,592.753250,RX,0x000,128,00 38 9B 71 80 02 00 00,.8.q....,False,False,False
2026-02-11T14:54:00.731722,592.753250,RX,0x000,0,,,False,False,False
2026-02-11T14:54:00.731722,592.753250,RX,0x1E0,0,,,False,False,False
2026-02-11T14:54:00.731722,592.753250,RX,0x000,128,E0 01 00 00 00 00 00 00,........,False,True,True
2026-02-11T14:54:00.731722,592.753250,RX,0x000,128,00 38 9B 71 80 02 00 00,.8.q....,False,False,False
2026-02-11T14:54:00.731722,592.753250,RX,0x000,0,,,False,False,False
2026-02-11T14:54:00.731722,592.753250,RX,0x1E0,0,,,False,False,False
2026-02-11T14:54:00.731722,592.753250,RX,0x000,128,E0 01 00 00 00 00 00 00,........,False,True,True
2026-02-11T14:54:00.731722,592.753250,RX,0x000,128,00 38 9B 71 80 02 00 00,.8.q....,False,False,False
2026-02-11T14:54:00.731722,592.753250,RX,0x000,0,,,False,False,False
2026-02-11T14:54:00.731722,592.753250,RX,0x1E0,0,,,False,False,False
2026-02-11T14:54:00.731722,592.753250,RX,0x000,128,E0 01 00 00 00 00 00 00,........,False,True,True
2026-02-11T14:54:00.731722,592.753250,RX,0x000,128,00 38 9B 71 80 02 00 00,.8.q....,False,False,False
2026-02-11T14:54:00.732759,592.754287,RX,0x000,0,,,False,False,False
2026-02-11T14:54:00.732759,592.754287,RX,0x1E0,0,,,False,False,False
2026-02-11T14:54:00.732759,592.754287,RX,0x000,128,E0 01 00 00 00 00 00 00,........,False,True,True
2026-02-11T14:54:00.732759,592.754287,RX,0x000,128,00 38 9B 71 80 02 00 00,.8.q....,False,False,False
2026-02-11T14:54:00.732759,592.754287,RX,0x000,0,,,False,False,False
2026-02-11T14:54:00.732759,592.754287,RX,0x1E0,0,,,False,False,False
2026-02-11T14:54:00.732759,592.754287,RX,0x000,128,E0 01 00 00 00 00 00 00,........,False,True,True
2026-02-11T14:54:00.732759,592.754287,RX,0x000,128,00 38 9B 71 80 02 00 00,.8.q....,False,False,False
2026-02-11T14:54:00.732759,592.754287,RX,0x000,0,,,False,False,False
2026-02-11T14:54:00.732759,592.754287,RX,0x1E0,0,,,False,False,False
2026-02-11T14:54:00.732759,592.754287,RX,0x000,128,E0 01 00 00 00 00 00 00,........,False,True,True
2026-02-11T14:54:00.732759,592.754287,RX,0x000,128,00 38 9B 71 80 02 00 00,.8.q....,False,False,False
2026-02-11T14:54:00.732759,592.754287,RX,0x000,0,,,False,False,False
2026-02-11T14:54:00.732759,592.754287,RX,0x1E0,0,,,False,False,False
2026-02-11T14:54:00.732759,592.754287,RX,0x000,128,E0 01 00 00 00 00 00 00,........,False,True,True
2026-02-11T14:54:00.732759,592.754287,RX,0x000,128,00 38 9B 71 80 02 00 00,.8.q....,False,False,False
2026-02-11T14:54:00.733777,592.755305,RX,0x000,0,,,False,False,False
2026-02-11T14:54:00.733777,592.755305,RX,0x1E0,0,,,False,False,False
2026-02-11T14:54:00.733777,592.755305,RX,0x000,128,E0 01 00 00 00 00 00 00,........,False,True,True
2026-02-11T14:54:00.733777,592.755305,RX,0x000,128,00 38 9B 71 80 02 00 00,.8.q....,False,False,False
2026-02-11T14:54:00.733777,592.755305,RX,0x000,0,,,False,False,False
2026-02-11T14:54:00.733777,592.755305,RX,0x1E0,0,,,False,False,False
2026-02-11T14:54:00.733777,592.755305,RX,0x000,128,E0 01 00 00 00 00 00 00,........,False,True,True
2026-02-11T14:54:00.733777,592.755305,RX,0x000,128,00 38 9B 71 80 02 00 00,.8.q....,False,False,False
2026-02-11T14:54:00.733777,592.755305,RX,0x000,0,,,False,False,False
2026-02-11T14:54:00.733777,592.755305,RX,0x1E0,0,,,False,False,False
2026-02-11T14:54:00.733777,592.755305,RX,0x000,128,E0 01 00 00 00 00 00 00,........,False,True,True
2026-02-11T14:54:00.733777,592.755305,RX,0x000,128,00 38 9B 71 80 02 00 00,.8.q....,False,False,False
2026-02-11T14:54:00.733777,592.755305,RX,0x000,0,,,False,False,False
2026-02-11T14:54:00.733777,592.755305,RX,0x1E0,0,,,False,False,False
2026-02-11T14:54:00.733777,592.755305,RX,0x000,128,E0 01 00 00 00 00 00 00,........,False,True,True
2026-02-11T14:54:00.733777,592.755305,RX,0x000,128,00 38 9B 71 80 02 00 00,.8.q....,False,False,False
2026-02-11T14:54:00.733777,592.755305,RX,0x000,0,,,False,False,False
2026-02-11T14:54:00.733777,592.755305,RX,0x1E0,0,,,False,False,False
2026-02-11T14:54:00.734824,592.756351,RX,0x000,128,E0 01 00 00 00 00 00 00,........,False,True,True
2026-02-11T14:54:00.734824,592.756351,RX,0x000,128,00 38 9B 71 80 02 00 00,.8.q....,False,False,False
2026-02-11T14:54:00.734824,592.756351,RX,0x000,0,,,False,False,False
2026-02-11T14:54:00.734824,592.756351,RX,0x1E0,0,,,False,False,False
2026-02-11T14:54:00.734824,592.756351,RX,0x000,128,E0 01 00 00 00 00 00 00,........,False,True,True
2026-02-11T14:54:00.734824,592.756351,RX,0x000,128,00 38 9B 71 80 02 00 00,.8.q....,False,False,False
2026-02-11T14:54:00.734824,592.756351,RX,0x000,0,,,False,False,False
2026-02-11T14:54:00.734824,592.756351,RX,0x1E0,0,,,False,False,False
2026-02-11T14:54:00.734824,592.756351,RX,0x000,128,E0 01 00 00 00 00 00 00,........,False,True,True
2026-02-11T14:54:00.734824,592.756351,RX,0x000,128,00 38 9B 71 80 02 00 00,.8.q....,False,False,False
2026-02-11T14:54:00.734824,592.756351,RX,0x000,0,,,False,False,False
2026-02-11T14:54:00.734824,592.756351,RX,0x1E0,0,,,False,False,False
2026-02-11T14:54:00.735842,592.757370,RX,0x000,128,E0 01 00 00 00 00 00 00,........,False,True,True
2026-02-11T14:54:00.735842,592.757370,RX,0x000,128,00 38 9B 71 80 02 00 00,.8.q....,False,False,False
2026-02-11T14:54:00.735842,592.757370,RX,0x000,0,,,False,False,False
2026-02-11T14:54:00.735842,592.757370,RX,0x1E0,0,,,False,False,False
2026-02-11T14:54:00.735842,592.757370,RX,0x000,128,E0 01 00 00 00 00 00 00,........,False,True,True
2026-02-11T14:54:00.735842,592.757370,RX,0x000,128,00 38 9B 71 80 02 00 00,.8.q....,False,False,False
2026-02-11T14:54:00.735842,592.757370,RX,0x000,0,,,False,False,False
2026-02-11T14:54:00.735842,592.757370,RX,0x1E0,0,,,False,False,False
2026-02-11T14:54:00.735842,592.757370,RX,0x000,128,E0 01 00 00 00 00 00 00,........,False,True,True
2026-02-11T14:54:00.735842,592.757370,RX,0x000,128,00 38 9B 71 80 02 00 00,.8.q....,False,False,False
2026-02-11T14:54:00.735842,592.757370,RX,0x000,0,,,False,False,False
2026-02-11T14:54:00.735842,592.757370,RX,0x1E0,0,,,False,False,False
2026-02-11T14:54:00.735842,592.757370,RX,0x000,128,E0 01 00 00 00 00 00 00,........,False,True,True
2026-02-11T14:54:00.735842,592.757370,RX,0x000,128,00 38 9B 71 80 02 00 00,.8.q....,False,False,False
2026-02-11T14:54:00.735842,592.757370,RX,0x000,0,,,False,False,False
2026-02-11T14:54:00.736846,592.757370,RX,0x1E0,0,,,False,False,False
2026-02-11T14:54:00.736846,592.758374,RX,0x000,128,E0 01 00 00 00 00 00 00,........,False,True,True
2026-02-11T14:54:00.736846,592.758374,RX,0x000,128,00 38 9B 71 80 02 00 00,.8.q....,False,False,False
2026-02-11T14:54:00.736846,592.758374,RX,0x000,0,,,False,False,False
2026-02-11T14:54:00.736846,592.758374,RX,0x1E0,0,,,False,False,False
2026-02-11T14:54:00.736846,592.758374,RX,0x000,128,E0 01 00 00 00 00 00 00,........,False,True,True
2026-02-11T14:54:00.736846,592.758374,RX,0x000,128,00 38 9B 71 80 02 00 00,.8.q....,False,False,False
2026-02-11T14:54:00.736846,592.758374,RX,0x000,0,,,False,False,False
2026-02-11T14:54:00.736846,592.758374,RX,0x1E0,0,,,False,False,False
2026-02-11T14:54:00.736846,592.758374,RX,0x000,128,E0 01 00 00 00 00 00 00,........,False,True,True
2026-02-11T14:54:00.736846,592.758374,RX,0x000,128,00 38 9B 71 80 02 00 00,.8.q....,False,False,False
2026-02-11T14:54:00.736846,592.758374,RX,0x000,0,,,False,False,False
2026-02-11T14:54:00.736846,592.758374,RX,0x1E0,0,,,False,False,False
2026-02-11T14:54:00.736846,592.758374,RX,0x000,128,E0 01 00 00 00 00 00 00,........,False,True,True
2026-02-11T14:54:00.736846,592.758374,RX,0x000,128,00 38 9B 71 80 02 00 00,.8.q....,False,False,False
2026-02-11T14:54:00.736846,592.758374,RX,0x000,0,,,False,False,False
2026-02-11T14:54:00.736846,592.758374,RX,0x1E0,0,,,False,False,False
2026-02-11T14:54:00.737850,592.759378,RX,0x000,128,E0 01 00 00 00 00 00 00,........,False,True,True
2026-02-11T14:54:00.737850,592.759378,RX,0x000,128,00 38 9B 71 80 02 00 00,.8.q....,False,False,False
2026-02-11T14:54:00.737850,592.759378,RX,0x000,0,,,False,False,False
2026-02-11T14:54:00.737850,592.759378,RX,0x1E0,0,,,False,False,False
2026-02-11T14:54:00.737850,592.759378,RX,0x000,128,E0 01 00 00 00 00 00 00,........,False,True,True
2026-02-11T14:54:00.737850,592.759378,RX,0x000,128,00 38 9B 71 80 02 00 00,.8.q....,False,False,False
2026-02-11T14:54:00.737850,592.759378,RX,0x000,0,,,False,False,False
2026-02-11T14:54:00.738367,592.759895,RX,0x1E0,0,,,False,False,False
2026-02-11T14:54:00.738367,592.759895,RX,0x000,128,E0 01 00 00 00 00 00 00,........,False,True,True
2026-02-11T14:54:00.738367,592.759895,RX,0x000,128,00 38 9B 71 80 02 00 00,.8.q....,False,False,False
2026-02-11T14:54:00.738367,592.759895,RX,0x000,0,,,False,False,False
2026-02-11T14:54:00.738367,592.759895,RX,0x1E0,0,,,False,False,False
2026-02-11T14:54:00.738367,592.759895,RX,0x000,128,E0 01 00 00 00 00 00 00,........,False,True,True
2026-02-11T14:54:00.738367,592.759895,RX,0x000,128,00 38 9B 71 80 02 00 00,.8.q....,False,False,False
2026-02-11T14:54:00.738367,592.759895,RX,0x000,0,,,False,False,False
2026-02-11T14:54:00.738367,592.759895,RX,0x1E0,0,,,False,False,False
2026-02-11T14:54:00.738367,592.759895,RX,0x000,128,E0 01 00 00 00 00 00 00,........,False,True,True
2026-02-11T14:54:00.739386,592.760914,RX,0x000,128,00 38 9B 71 80 02 00 00,.8.q....,False,False,False
2026-02-11T14:54:00.739386,592.760914,RX,0x000,0,,,False,False,False
2026-02-11T14:54:00.739386,592.760914,RX,0x1E0,0,,,False,False,False
2026-02-11T14:54:00.739386,592.760914,RX,0x000,128,E0 01 00 00 00 00 00 00,........,False,True,True
2026-02-11T14:54:00.739386,592.760914,RX,0x000,128,00 38 9B 71 80 02 00 00,.8.q....,False,False,False
2026-02-11T14:54:00.739386,592.760914,RX,0x000,0,,,False,False,False
2026-02-11T14:54:00.739386,592.760914,RX,0x1E0,0,,,False,False,False
2026-02-11T14:54:00.739386,592.760914,RX,0x000,128,E0 01 00 00 00 00 00 00,........,False,True,True
2026-02-11T14:54:00.739386,592.760914,RX,0x000,128,00 38 9B 71 80 02 00 00,.8.q....,False,False,False
2026-02-11T14:54:00.739386,592.760914,RX,0x000,0,,,False,False,False
2026-02-11T14:54:00.739386,592.760914,RX,0x1E0,0,,,False,False,False
2026-02-11T14:54:00.739386,592.760914,RX,0x000,128,E0 01 00 00 00 00 00 00,........,False,True,True
2026-02-11T14:54:00.739386,592.760914,RX,0x000,128,00 38 9B 71 80 02 00 00,.8.q....,False,False,False
2026-02-11T14:54:00.739386,592.760914,RX,0x000,0,,,False,False,False
2026-02-11T14:54:00.739386,592.760914,RX,0x1E0,0,,,False,False,False
2026-02-11T14:54:00.740895,592.762423,RX,0x000,128,E0 01 00 00 00 00 00 00,........,False,True,True
2026-02-11T14:54:00.740895,592.762423,RX,0x000,128,00 38 9B 71 80 02 00 00,.8.q....,False,False,False
2026-02-11T14:54:00.740895,592.762423,RX,0x000,0,,,False,False,False
2026-02-11T14:54:00.740895,592.762423,RX,0x1E0,0,,,False,False,False
2026-02-11T14:54:00.740895,592.762423,RX,0x000,128,E0 01 00 00 00 00 00 00,........,False,True,True
2026-02-11T14:54:00.740895,592.762423,RX,0x000,128,00 38 9B 71 80 02 00 00,.8.q....,False,False,False
2026-02-11T14:54:00.740895,592.762423,RX,0x000,0,,,False,False,False
2026-02-11T14:54:00.740895,592.762423,RX,0x1E0,0,,,False,False,False
2026-02-11T14:54:00.740895,592.762423,RX,0x000,128,E0 01 00 00 00 00 00 00,........,False,True,True
2026-02-11T14:54:00.740895,592.762423,RX,0x000,128,00 38 9B 71 80 02 00 00,.8.q....,False,False,False
2026-02-11T14:54:00.740895,592.762423,RX,0x000,0,,,False,False,False
2026-02-11T14:54:00.740895,592.762423,RX,0x1E0,0,,,False,False,False
2026-02-11T14:54:00.740895,592.762423,RX,0x000,128,E0 01 00 00 00 00 00 00,........,False,True,True
2026-02-11T14:54:00.741908,592.762423,RX,0x000,128,00 38 9B 71 80 02 00 00,.8.q....,False,False,False
2026-02-11T14:54:00.741908,592.763436,RX,0x000,0,,,False,False,False
2026-02-11T14:54:00.741908,592.763436,RX,0x1E0,0,,,False,False,False
2026-02-11T14:54:00.741908,592.763436,RX,0x000,128,E0 01 00 00 00 00 00 00,........,False,True,True
2026-02-11T14:54:00.741908,592.763436,RX,0x000,128,00 38 9B 71 80 02 00 00,.8.q....,False,False,False
2026-02-11T14:54:00.741908,592.763436,RX,0x000,0,,,False,False,False
2026-02-11T14:54:00.741908,592.763436,RX,0x1E0,0,,,False,False,False
2026-02-11T14:54:00.741908,592.763436,RX,0x000,128,E0 01 00 00 00 00 00 00,........,False,True,True
2026-02-11T14:54:00.741908,592.763436,RX,0x000,128,00 38 9B 71 80 02 00 00,.8.q....,False,False,False
2026-02-11T14:54:00.741908,592.763436,RX,0x000,0,,,False,False,False
2026-02-11T14:54:00.741908,592.763436,RX,0x1E0,0,,,False,False,False
2026-02-11T14:54:00.741908,592.763436,RX,0x000,128,E0 01 00 00 00 00 00 00,........,False,True,True
2026-02-11T14:54:00.741908,592.763436,RX,0x000,128,00 38 9B 71 80 02 00 00,.8.q....,False,False,False
2026-02-11T14:54:00.741908,592.763436,RX,0x000,0,,,False,False,False
2026-02-11T14:54:00.741908,592.763436,RX,0x1E0,0,,,False,False,False
2026-02-11T14:54:00.742915,592.764443,RX,0x000,128,E0 01 00 00 00 00 00 00,........,False,True,True
2026-02-11T14:54:00.742915,592.764443,RX,0x000,128,00 38 9B 71 80 02 00 00,.8.q....,False,False,False
2026-02-11T14:54:00.742915,592.764443,RX,0x000,0,,,False,False,False
2026-02-11T14:54:00.742915,592.764443,RX,0x1E0,0,,,False,False,False
2026-02-11T14:54:00.742915,592.764443,RX,0x000,128,E0 01 00 00 00 00 00 00,........,False,True,True
2026-02-11T14:54:00.742915,592.764443,RX,0x000,128,00 38 9B 71 80 02 00 00,.8.q....,False,False,False
2026-02-11T14:54:00.742915,592.764443,RX,0x000,0,,,False,False,False
2026-02-11T14:54:00.742915,592.764443,RX,0x1E0,0,,,False,False,False
2026-02-11T14:54:00.742915,592.764443,RX,0x000,128,E0 01 00 00 00 00 00 00,........,False,True,True
2026-02-11T14:54:00.742915,592.764443,RX,0x000,128,00 38 9B 71 80 02 00 00,.8.q....,False,False,False
2026-02-11T14:54:00.742915,592.764443,RX,0x000,0,,,False,False,False
2026-02-11T14:54:00.742915,592.764443,RX,0x1E0,0,,,False,False,False
2026-02-11T14:54:00.742915,592.764443,RX,0x000,128,E0 01 00 00 00 00 00 00,........,False,True,True
2026-02-11T14:54:00.742915,592.764443,RX,0x000,128,00 38 9B 71 80 02 00 00,.8.q....,False,False,False
2026-02-11T14:54:00.742915,592.764443,RX,0x000,0,,,False,False,False
2026-02-11T14:54:00.742915,592.764443,RX,0x1E0,0,,,False,False,False
2026-02-11T14:54:00.742915,592.764443,RX,0x000,128,E0 01 00 00 00 00 00 00,........,False,True,True
2026-02-11T14:54:00.744171,592.765698,RX,0x000,128,00 38 9B 71 80 02 00 00,.8.q....,False,False,False
2026-02-11T14:54:00.744171,592.765698,RX,0x000,0,,,False,False,False
2026-02-11T14:54:00.744171,592.765698,RX,0x1E0,0,,,False,False,False
2026-02-11T14:54:00.744171,592.765698,RX,0x000,128,E0 01 00 00 00 00 00 00,........,False,True,True
2026-02-11T14:54:00.744171,592.765698,RX,0x000,128,00 38 9B 71 80 02 00 00,.8.q....,False,False,False
2026-02-11T14:54:00.744171,592.765698,RX,0x000,0,,,False,False,False
2026-02-11T14:54:00.744171,592.765698,RX,0x1E0,0,,,False,False,False
2026-02-11T14:54:00.744171,592.765698,RX,0x000,128,E0 01 00 00 00 00 00 00,........,False,True,True
2026-02-11T14:54:00.744171,592.765698,RX,0x000,128,00 38 9B 71 80 02 00 00,.8.q....,False,False,False
2026-02-11T14:54:00.744171,592.765698,RX,0x000,0,,,False,False,False
2026-02-11T14:54:00.744171,592.765698,RX,0x1E0,0,,,False,False,False
2026-02-11T14:54:00.744171,592.765698,RX,0x000,128,E0 01 00 00 00 00 00 00,........,False,True,True
2026-02-11T14:54:00.744171,592.765698,RX,0x000,128,00 38 9B 71 80 02 00 00,.8.q....,False,False,False
2026-02-11T14:54:00.744171,592.765698,RX,0x000,0,,,False,False,False
2026-02-11T14:54:00.745240,592.765698,RX,0x1E0,0,,,False,False,False
2026-02-11T14:54:00.745240,592.766768,RX,0x000,128,E0 01 00 00 00 00 00 00,........,False,True,True
2026-02-11T14:54:00.745240,592.766768,RX,0x000,128,00 38 9B 71 80 02 00 00,.8.q....,False,False,False
2026-02-11T14:54:00.745240,592.766768,RX,0x000,0,,,False,False,False
2026-02-11T14:54:00.745240,592.766768,RX,0x1E0,0,,,False,False,False
2026-02-11T14:54:00.745240,592.766768,RX,0x000,128,E0 01 00 00 00 00 00 00,........,False,True,True
2026-02-11T14:54:00.745240,592.766768,RX,0x000,128,00 38 9B 71 80 02 00 00,.8.q....,False,False,False
2026-02-11T14:54:00.745240,592.766768,RX,0x000,0,,,False,False,False
2026-02-11T14:54:00.745240,592.766768,RX,0x1E0,0,,,False,False,False
2026-02-11T14:54:00.745240,592.766768,RX,0x000,128,E0 01 00 00 00 00 00 00,........,False,True,True
2026-02-11T14:54:00.745240,592.766768,RX,0x000,128,00 38 9B 71 80 02 00 00,.8.q....,False,False,False
2026-02-11T14:54:00.745240,592.766768,RX,0x000,0,,,False,False,False
2026-02-11T14:54:00.745240,592.766768,RX,0x1E0,0,,,False,False,False
2026-02-11T14:54:00.745240,592.766768,RX,0x000,128,E0 01 00 00 00 00 00 00,........,False,True,True
2026-02-11T14:54:00.745240,592.766768,RX,0x000,128,00 38 9B 71 80 02 00 00,.8.q....,False,False,False
2026-02-11T14:54:00.746420,592.767948,RX,0x000,0,,,False,False,False
2026-02-11T14:54:00.746420,592.767948,RX,0x1E0,0,,,False,False,False
2026-02-11T14:54:00.746420,592.767948,RX,0x000,128,E0 01 00 00 00 00 00 00,........,False,True,True
2026-02-11T14:54:00.746420,592.767948,RX,0x000,128,00 38 9B 71 80 02 00 00,.8.q....,False,False,False
2026-02-11T14:54:00.746420,592.767948,RX,0x000,0,,,False,False,False
2026-02-11T14:54:00.746420,592.767948,RX,0x1E0,0,,,False,False,False
2026-02-11T14:54:00.746420,592.767948,RX,0x000,128,E0 01 00 00 00 00 00 00,........,False,True,True
2026-02-11T14:54:00.746420,592.767948,RX,0x000,128,00 38 9B 71 80 02 00 00,.8.q....,False,False,False
2026-02-11T14:54:00.746420,592.767948,RX,0x000,0,,,False,False,False
2026-02-11T14:54:00.746420,592.767948,RX,0x1E0,0,,,False,False,False
2026-02-11T14:54:00.746420,592.767948,RX,0x000,128,E0 01 00 00 00 00 00 00,........,False,True,True
2026-02-11T14:54:00.746420,592.767948,RX,0x000,128,00 38 9B 71 80 02 00 00,.8.q....,False,False,False
2026-02-11T14:54:00.746420,592.767948,RX,0x000,0,,,False,False,False
2026-02-11T14:54:00.746420,592.767948,RX,0x1E0,0,,,False,False,False
2026-02-11T14:54:00.746420,592.767948,RX,0x000,128,E0 01 00 00 00 00 00 00,........,False,True,True
2026-02-11T14:54:00.746420,592.767948,RX,0x000,128,00 38 9B 71 80 02 00 00,.8.q....,False,False,False
2026-02-11T14:54:00.746420,592.767948,RX,0x000,0,,,False,False,False
2026-02-11T14:54:00.746420,592.767948,RX,0x1E0,0,,,False,False,False
2026-02-11T14:54:00.746420,592.767948,RX,0x000,128,E0 01 00 00 00 00 00 00,........,False,True,True
2026-02-11T14:54:00.746420,592.767948,RX,0x000,128,00 38 9B 71 80 02 00 00,.8.q....,False,False,False
2026-02-11T14:54:00.746420,592.767948,RX,0x000,0,,,False,False,False
2026-02-11T14:54:00.746420,592.767948,RX,0x1E0,0,,,False,False,False
2026-02-11T14:54:00.746420,592.767948,RX,0x000,128,E0 01 00 00 00 00 00 00,........,False,True,True
2026-02-11T14:54:00.746420,592.767948,RX,0x000,128,00 38 9B 71 80 02 00 00,.8.q....,False,False,False
2026-02-11T14:54:00.746420,592.767948,RX,0x000,0,,,False,False,False
2026-02-11T14:54:00.746420,592.767948,RX,0x1E0,0,,,False,False,False
2026-02-11T14:54:00.746420,592.767948,RX,0x000,128,E0 01 00 00 00 00 00 00,........,False,True,True
2026-02-11T14:54:00.746420,592.767948,RX,0x000,128,00 38 9B 71 80 02 00 00,.8.q....,False,False,False
2026-02-11T14:54:00.746420,592.767948,RX,0x000,0,,,False,False,False
2026-02-11T14:54:00.747933,592.769461,RX,0x1E0,0,,,False,False,False
2026-02-11T14:54:00.747933,592.769461,RX,0x000,128,E0 01 00 00 00 00 00 00,........,False,True,True
2026-02-11T14:54:00.747933,592.769461,RX,0x000,128,00 38 9B 71 80 02 00 00,.8.q....,False,False,False
2026-02-11T14:54:00.747933,592.769461,RX,0x000,0,,,False,False,False
2026-02-11T14:54:00.747933,592.769461,RX,0x1E0,0,,,False,False,False
2026-02-11T14:54:00.747933,592.769461,RX,0x000,128,E0 01 00 00 00 00 00 00,........,False,True,True
2026-02-11T14:54:00.747933,592.769461,RX,0x000,128,00 38 9B 71 80 02 00 00,.8.q....,False,False,False
2026-02-11T14:54:00.747933,592.769461,RX,0x000,0,,,False,False,False
2026-02-11T14:54:00.747933,592.769461,RX,0x1E0,0,,,False,False,False
2026-02-11T14:54:00.747933,592.769461,RX,0x000,128,E0 01 00 00 00 00 00 00,........,False,True,True
2026-02-11T14:54:00.747933,592.769461,RX,0x000,128,00 38 9B 71 80 02 00 00,.8.q....,False,False,False
2026-02-11T14:54:00.747933,592.769461,RX,0x000,0,,,False,False,False
2026-02-11T14:54:00.747933,592.769461,RX,0x1E0,0,,,False,False,False
2026-02-11T14:54:00.747933,592.769461,RX,0x000,128,E0 01 00 00 00 00 00 00,........,False,True,True
2026-02-11T14:54:00.747933,592.769461,RX,0x000,128,00 38 9B 71 80 02 00 00,.8.q....,False,False,False
2026-02-11T14:54:00.747933,592.769461,RX,0x000,0,,,False,False,False
2026-02-11T14:54:00.747933,592.769461,RX,0x1E0,0,,,False,False,False
2026-02-11T14:54:00.747933,592.769461,RX,0x000,128,E0 01 00 00 00 00 00 00,........,False,True,True
2026-02-11T14:54:00.747933,592.769461,RX,0x000,128,00 38 9B 71 80 02 00 00,.8.q....,False,False,False
2026-02-11T14:54:00.748973,592.770501,RX,0x000,0,,,False,False,False
2026-02-11T14:54:00.748973,592.770501,RX,0x1E0,0,,,False,False,False
2026-02-11T14:54:00.748973,592.770501,RX,0x000,128,E0 01 00 00 00 00 00 00,........,False,True,True
2026-02-11T14:54:00.748973,592.770501,RX,0x000,128,00 38 9B 71 80 02 00 00,.8.q....,False,False,False
2026-02-11T14:54:00.748973,592.770501,RX,0x000,0,,,False,False,False
2026-02-11T14:54:00.748973,592.770501,RX,0x1E0,0,,,False,False,False
2026-02-11T14:54:00.750020,592.771549,RX,0x000,128,E0 01 00 00 00 00 00 00,........,False,True,True
2026-02-11T14:54:00.750020,592.771549,RX,0x000,128,00 38 9B 71 80 02 00 00,.8.q....,False,False,False
2026-02-11T14:54:00.750020,592.771549,RX,0x000,0,,,False,False,False
2026-02-11T14:54:00.750020,592.771549,RX,0x1E0,0,,,False,False,False
2026-02-11T14:54:00.750020,592.771549,RX,0x000,128,E0 01 00 00 00 00 00 00,........,False,True,True
2026-02-11T14:54:00.750020,592.771549,RX,0x000,128,00 38 9B 71 80 02 00 00,.8.q....,False,False,False
2026-02-11T14:54:00.750020,592.771549,RX,0x000,0,,,False,False,False
2026-02-11T14:54:00.750020,592.771549,RX,0x1E0,0,,,False,False,False
2026-02-11T14:54:00.750020,592.771549,RX,0x000,128,E0 01 00 00 00 00 00 00,........,False,True,True
2026-02-11T14:54:00.750020,592.771549,RX,0x000,128,00 38 9B 71 80 02 00 00,.8.q....,False,False,False
2026-02-11T14:54:00.750020,592.771549,RX,0x000,0,,,False,False,False
2026-02-11T14:54:00.750020,592.771549,RX,0x1E0,0,,,False,False,False
2026-02-11T14:54:00.750020,592.771549,RX,0x000,128,E0 01 00 00 00 00 00 00,........,False,True,True
2026-02-11T14:54:00.750020,592.771549,RX,0x000,128,00 38 9B 71 80 02 00 00,.8.q....,False,False,False
2026-02-11T14:54:00.750020,592.771549,RX,0x000,0,,,False,False,False
2026-02-11T14:54:00.750020,592.771549,RX,0x1E0,0,,,False,False,False
2026-02-11T14:54:00.751018,592.772546,RX,0x000,128,E0 01 00 00 00 00 00 00,........,False,True,True
2026-02-11T14:54:00.751018,592.772546,RX,0x000,128,00 38 9B 71 80 02 00 00,.8.q....,False,False,False
2026-02-11T14:54:00.751018,592.772546,RX,0x000,0,,,False,False,False
2026-02-11T14:54:00.751018,592.772546,RX,0x1E0,0,,,False,False,False
2026-02-11T14:54:00.751018,592.772546,RX,0x000,128,E0 01 00 00 00 00 00 00,........,False,True,True
2026-02-11T14:54:00.751018,592.772546,RX,0x000,128,00 38 9B 71 80 02 00 00,.8.q....,False,False,False
2026-02-11T14:54:00.751018,592.772546,RX,0x000,0,,,False,False,False
2026-02-11T14:54:00.751018,592.772546,RX,0x1E0,0,,,False,False,False
2026-02-11T14:54:00.751018,592.772546,RX,0x000,128,E0 01 00 00 00 00 00 00,........,False,True,True
2026-02-11T14:54:00.751018,592.772546,RX,0x000,128,00 38 9B 71 80 02 00 00,.8.q....,False,False,False
2026-02-11T14:54:00.751018,592.772546,RX,0x000,0,,,False,False,False
2026-02-11T14:54:00.751018,592.772546,RX,0x1E0,0,,,False,False,False
2026-02-11T14:54:00.751018,592.772546,RX,0x000,128,E0 01 00 00 00 00 00 00,........,False,True,True
2026-02-11T14:54:00.751018,592.772546,RX,0x000,128,00 38 9B 71 80 02 00 00,.8.q....,False,False,False
2026-02-11T14:54:00.751018,592.772546,RX,0x000,0,,,False,False,False
2026-02-11T14:54:00.751018,592.772546,RX,0x1E0,0,,,False,False,False
2026-02-11T14:54:00.751018,592.772546,RX,0x000,128,E0 01 00 00 00 00 00 00,........,False,True,True
2026-02-11T14:54:00.752027,592.773555,RX,0x000,128,00 38 9B 71 80 02 00 00,.8.q....,False,False,False
2026-02-11T14:54:00.752027,592.773555,RX,0x000,0,,,False,False,False
2026-02-11T14:54:00.752027,592.773555,RX,0x1E0,0,,,False,False,False
2026-02-11T14:54:00.752027,592.773555,RX,0x000,128,E0 01 00 00 00 00 00 00,........,False,True,True
2026-02-11T14:54:00.752027,592.773555,RX,0x000,128,00 38 9B 71 80 02 00 00,.8.q....,False,False,False
2026-02-11T14:54:00.752027,592.773555,RX,0x000,0,,,False,False,False
2026-02-11T14:54:00.752027,592.773555,RX,0x1E0,0,,,False,False,False
2026-02-11T14:54:00.752027,592.773555,RX,0x000,128,E0 01 00 00 00 00 00 00,........,False,True,True
2026-02-11T14:54:00.752027,592.773555,RX,0x000,128,00 38 9B 71 80 02 00 00,.8.q....,False,False,False
2026-02-11T14:54:00.752027,592.773555,RX,0x000,0,,,False,False,False
2026-02-11T14:54:00.752027,592.773555,RX,0x1E0,0,,,False,False,False
2026-02-11T14:54:00.752027,592.773555,RX,0x000,128,E0 01 00 00 00 00 00 00,........,False,True,True
2026-02-11T14:54:00.752027,592.773555,RX,0x000,128,00 38 9B 71 80 02 00 00,.8.q....,False,False,False
2026-02-11T14:54:00.752027,592.773555,RX,0x000,0,,,False,False,False
2026-02-11T14:54:00.752027,592.773555,RX,0x1E0,0,,,False,False,False
2026-02-11T14:54:00.752027,592.773555,RX,0x000,128,E0 01 00 00 00 00 00 00,........,False,True,True
2026-02-11T14:54:00.752027,592.773555,RX,0x000,128,00 38 9B 71 80 02 00 00,.8.q....,False,False,False
2026-02-11T14:54:00.753037,592.774565,RX,0x000,0,,,False,False,False
2026-02-11T14:54:00.753037,592.774565,RX,0x1E0,0,,,False,False,False
2026-02-11T14:54:00.753037,592.774565,RX,0x000,128,E0 01 00 00 00 00 00 00,........,False,True,True
2026-02-11T14:54:00.753037,592.774565,RX,0x000,128,00 38 9B 71 80 02 00 00,.8.q....,False,False,False
2026-02-11T14:54:00.753037,592.774565,RX,0x000,0,,,False,False,False
2026-02-11T14:54:00.753037,592.774565,RX,0x1E0,0,,,False,False,False
2026-02-11T14:54:00.753037,592.774565,RX,0x000,128,E0 01 00 00 00 00 00 00,........,False,True,True
2026-02-11T14:54:00.753037,592.774565,RX,0x000,128,00 38 9B 71 80 02 00 00,.8.q....,False,False,False
2026-02-11T14:54:00.753037,592.774565,RX,0x000,0,,,False,False,False
2026-02-11T14:54:00.753037,592.774565,RX,0x1E0,0,,,False,False,False
2026-02-11T14:54:00.753037,592.774565,RX,0x000,128,E0 01 00 00 00 00 00 00,........,False,True,True
2026-02-11T14:54:00.753037,592.774565,RX,0x000,128,00 38 9B 71 80 02 00 00,.8.q....,False,False,False
2026-02-11T14:54:00.753037,592.774565,RX,0x000,0,,,False,False,False
2026-02-11T14:54:00.753037,592.774565,RX,0x1E0,0,,,False,False,False
2026-02-11T14:54:00.753037,592.774565,RX,0x000,128,E0 01 00 00 00 00 00 00,........,False,True,True
2026-02-11T14:54:00.753037,592.774565,RX,0x000,128,00 38 9B 71 80 02 00 00,.8.q....,False,False,False
2026-02-11T14:54:00.753037,592.774565,RX,0x000,0,,,False,False,False
2026-02-11T14:54:00.753037,592.774565,RX,0x1E0,0,,,False,False,False
2026-02-11T14:54:00.754063,592.775591,RX,0x000,128,E0 01 00 00 00 00 00 00,........,False,True,True
2026-02-11T14:54:00.754063,592.775591,RX,0x000,128,00 38 9B 71 80 02 00 00,.8.q....,False,False,False
2026-02-11T14:54:00.754063,592.775591,RX,0x000,0,,,False,False,False
2026-02-11T14:54:00.754063,592.775591,RX,0x1E0,0,,,False,False,False
2026-02-11T14:54:00.754063,592.775591,RX,0x000,128,E0 01 00 00 00 00 00 00,........,False,True,True
2026-02-11T14:54:00.754063,592.775591,RX,0x000,128,00 38 9B 71 80 02 00 00,.8.q....,False,False,False
2026-02-11T14:54:00.754063,592.775591,RX,0x000,0,,,False,False,False
2026-02-11T14:54:00.754063,592.775591,RX,0x1E0,0,,,False,False,False
2026-02-11T14:54:00.754063,592.775591,RX,0x000,128,E0 01 00 00 00 00 00 00,........,False,True,True
2026-02-11T14:54:00.754063,592.775591,RX,0x000,128,00 38 9B 71 80 02 00 00,.8.q....,False,False,False
2026-02-11T14:54:00.754063,592.775591,RX,0x000,0,,,False,False,False
2026-02-11T14:54:00.754063,592.775591,RX,0x1E0,0,,,False,False,False
2026-02-11T14:54:00.754063,592.775591,RX,0x000,128,E0 01 00 00 00 00 00 00,........,False,True,True
2026-02-11T14:54:00.754063,592.775591,RX,0x000,128,00 38 9B 71 80 02 00 00,.8.q....,False,False,False
2026-02-11T14:54:00.754063,592.775591,RX,0x000,0,,,False,False,False
2026-02-11T14:54:00.754063,592.775591,RX,0x1E0,0,,,False,False,False
2026-02-11T14:54:00.754063,592.775591,RX,0x000,128,E0 01 00 00 00 00 00 00,........,False,True,True
2026-02-11T14:54:00.754063,592.775591,RX,0x000,128,00 38 9B 71 80 02 00 00,.8.q....,False,False,False
2026-02-11T14:54:00.755087,592.776615,RX,0x000,0,,,False,False,False
2026-02-11T14:54:00.755087,592.776615,RX,0x1E0,0,,,False,False,False
2026-02-11T14:54:00.755087,592.776615,RX,0x000,128,E0 01 00 00 00 00 00 00,........,False,True,True
2026-02-11T14:54:00.755087,592.776615,RX,0x000,128,00 38 9B 71 80 02 00 00,.8.q....,False,False,False
2026-02-11T14:54:00.755087,592.776615,RX,0x000,0,,,False,False,False
2026-02-11T14:54:00.755087,592.776615,RX,0x1E0,0,,,False,False,False
2026-02-11T14:54:00.755087,592.776615,RX,0x000,128,E0 01 00 00 00 00 00 00,........,False,True,True
2026-02-11T14:54:00.755087,592.776615,RX,0x000,128,00 38 9B 71 80 02 00 00,.8.q....,False,False,False
2026-02-11T14:54:00.755087,592.776615,RX,0x000,0,,,False,False,False
2026-02-11T14:54:00.755087,592.776615,RX,0x1E0,0,,,False,False,False
2026-02-11T14:54:00.755087,592.776615,RX,0x000,128,E0 01 00 00 00 00 00 00,........,False,True,True
2026-02-11T14:54:00.755087,592.776615,RX,0x000,128,00 38 9B 71 80 02 00 00,.8.q....,False,False,False
2026-02-11T14:54:00.755087,592.776615,RX,0x000,0,,,False,False,False
2026-02-11T14:54:00.755087,592.776615,RX,0x1E0,0,,,False,False,False
2026-02-11T14:54:00.756109,592.777637,RX,0x000,128,E0 01 00 00 00 00 00 00,........,False,True,True
2026-02-11T14:54:00.756109,592.777637,RX,0x000,128,00 38 9B 71 80 02 00 00,.8.q....,False,False,False
2026-02-11T14:54:00.756109,592.777637,RX,0x000,0,,,False,False,False
2026-02-11T14:54:00.756109,592.777637,RX,0x1E0,0,,,False,False,False
2026-02-11T14:54:00.756109,592.777637,RX,0x000,128,E0 01 00 00 00 00 00 00,........,False,True,True
2026-02-11T14:54:00.756109,592.777637,RX,0x000,128,00 38 9B 71 80 02 00 00,.8.q....,False,False,False
2026-02-11T14:54:00.756109,592.777637,RX,0x000,0,,,False,False,False
2026-02-11T14:54:00.756109,592.777637,RX,0x1E0,0,,,False,False,False
2026-02-11T14:54:00.756109,592.777637,RX,0x000,128,E0 01 00 00 00 00 00 00,........,False,True,True
2026-02-11T14:54:00.756109,592.777637,RX,0x000,128,00 38 9B 71 80 02 00 00,.8.q....,False,False,False
2026-02-11T14:54:00.756109,592.777637,RX,0x000,0,,,False,False,False
2026-02-11T14:54:00.756109,592.777637,RX,0x1E0,0,,,False,False,False
2026-02-11T14:54:00.756109,592.777637,RX,0x000,128,E0 01 00 00 00 00 00 00,........,False,True,True
2026-02-11T14:54:00.756109,592.777637,RX,0x000,128,00 38 9B 71 80 02 00 00,.8.q....,False,False,False
2026-02-11T14:54:00.756109,592.777637,RX,0x000,0,,,False,False,False
2026-02-11T14:54:00.756109,592.777637,RX,0x1E0,0,,,False,False,False
2026-02-11T14:54:00.756109,592.777637,RX,0x000,128,E0 01 00 00 00 00 00 00,........,False,True,True
2026-02-11T14:54:00.757141,592.778669,RX,0x000,128,00 38 9B 71 80 02 00 00,.8.q....,False,False,False
2026-02-11T14:54:00.757141,592.778669,RX,0x000,0,,,False,False,False
2026-02-11T14:54:00.757141,592.778669,RX,0x1E0,0,,,False,False,False
2026-02-11T14:54:00.757141,592.778669,RX,0x000,128,E0 01 00 00 00 00 00 00,........,False,True,True
2026-02-11T14:54:00.757141,592.778669,RX,0x000,128,00 38 9B 71 80 02 00 00,.8.q....,False,False,False
2026-02-11T14:54:00.757141,592.778669,RX,0x000,0,,,False,False,False
2026-02-11T14:54:00.757141,592.778669,RX,0x1E0,0,,,False,False,False
2026-02-11T14:54:00.757141,592.778669,RX,0x000,128,E0 01 00 00 00 00 00 00,........,False,True,True
2026-02-11T14:54:00.757141,592.778669,RX,0x000,128,00 38 9B 71 80 02 00 00,.8.q....,False,False,False
2026-02-11T14:54:00.757141,592.778669,RX,0x000,0,,,False,False,False
2026-02-11T14:54:00.757141,592.778669,RX,0x1E0,0,,,False,False,False
2026-02-11T14:54:00.757141,592.778669,RX,0x000,128,E0 01 00 00 00 00 00 00,........,False,True,True
2026-02-11T14:54:00.757141,592.778669,RX,0x000,128,00 38 9B 71 80 02 00 00,.8.q....,False,False,False
2026-02-11T14:54:00.757141,592.778669,RX,0x000,0,,,False,False,False
2026-02-11T14:54:00.757141,592.778669,RX,0x1E0,0,,,False,False,False
2026-02-11T14:54:00.757141,592.778669,RX,0x000,128,E0 01 00 00 00 00 00 00,........,False,True,True
2026-02-11T14:54:00.757141,592.778669,RX,0x000,128,00 38 9B 71 80 02 00 00,.8.q....,False,False,False
2026-02-11T14:54:00.757141,592.778669,RX,0x000,0,,,False,False,False
2026-02-11T14:54:00.757141,592.778669,RX,0x1E0,0,,,False,False,False
2026-02-11T14:54:00.758140,592.779668,RX,0x000,128,E0 01 00 00 00 00 00 00,........,False,True,True
2026-02-11T14:54:00.758140,592.779668,RX,0x000,128,00 38 9B 71 80 02 00 00,.8.q....,False,False,False
2026-02-11T14:54:00.758140,592.779668,RX,0x000,0,,,False,False,False
2026-02-11T14:54:00.758140,592.779668,RX,0x1E0,0,,,False,False,False
2026-02-11T14:54:00.758140,592.779668,RX,0x000,128,E0 01 00 00 00 00 00 00,........,False,True,True
2026-02-11T14:54:00.758140,592.779668,RX,0x000,128,00 38 9B 71 80 02 00 00,.8.q....,False,False,False
2026-02-11T14:54:00.758140,592.779668,RX,0x000,0,,,False,False,False
2026-02-11T14:54:00.758140,592.779668,RX,0x1E0,0,,,False,False,False
2026-02-11T14:54:00.758140,592.779668,RX,0x000,128,E0 01 00 00 00 00 00 00,........,False,True,True
2026-02-11T14:54:00.758654,592.780182,RX,0x000,128,00 38 9B 71 80 02 00 00,.8.q....,False,False,False
2026-02-11T14:54:00.758654,592.780182,RX,0x000,0,,,False,False,False
2026-02-11T14:54:00.758654,592.780182,RX,0x1E0,0,,,False,False,False
2026-02-11T14:54:00.758654,592.780182,RX,0x000,128,E0 01 00 00 00 00 00 00,........,False,True,True
2026-02-11T14:54:00.758654,592.780182,RX,0x000,128,00 38 9B 71 80 02 00 00,.8.q....,False,False,False
2026-02-11T14:54:00.758654,592.780182,RX,0x000,0,,,False,False,False
2026-02-11T14:54:00.758654,592.780182,RX,0x1E0,0,,,False,False,False
2026-02-11T14:54:00.758654,592.780182,RX,0x000,128,E0 01 00 00 00 00 00 00,........,False,True,True
2026-02-11T14:54:00.758654,592.780182,RX,0x000,128,00 38 9B 71 80 02 00 00,.8.q....,False,False,False
2026-02-11T14:54:00.758654,592.780182,RX,0x000,0,,,False,False,False
2026-02-11T14:54:00.758654,592.780182,RX,0x1E0,0,,,False,False,False
2026-02-11T14:54:00.758654,592.780182,RX,0x000,128,E0 01 00 00 00 00 00 00,........,False,True,True
2026-02-11T14:54:00.758654,592.780182,RX,0x000,128,00 38 9B 71 80 02 00 00,.8.q....,False,False,False
2026-02-11T14:54:00.758654,592.780182,RX,0x000,0,,,False,False,False
2026-02-11T14:54:00.758654,592.780182,RX,0x1E0,0,,,False,False,False
2026-02-11T14:54:00.758654,592.780182,RX,0x000,128,E0 01 00 00 00 00 00 00,........,False,True,True
2026-02-11T14:54:00.758654,592.780182,RX,0x000,128,00 38 9B 71 80 02 00 00,.8.q....,False,False,False
2026-02-11T14:54:00.758654,592.780182,RX,0x000,0,,,False,False,False
2026-02-11T14:54:00.759670,592.781198,RX,0x1E0,0,,,False,False,False
2026-02-11T14:54:00.759670,592.781198,RX,0x000,128,E0 01 00 00 00 00 00 00,........,False,True,True
2026-02-11T14:54:00.759670,592.781198,RX,0x000,128,00 38 9B 71 80 02 00 00,.8.q....,False,False,False
2026-02-11T14:54:00.759670,592.781198,RX,0x000,0,,,False,False,False
2026-02-11T14:54:00.759670,592.781198,RX,0x1E0,0,,,False,False,False
2026-02-11T14:54:00.759670,592.781198,RX,0x000,128,E0 01 00 00 00 00 00 00,........,False,True,True
2026-02-11T14:54:00.759670,592.781198,RX,0x000,128,00 38 9B 71 80 02 00 00,.8.q....,False,False,False
2026-02-11T14:54:00.759670,592.781198,RX,0x000,0,,,False,False,False
2026-02-11T14:54:00.759670,592.781198,RX,0x1E0,0,,,False,False,False
2026-02-11T14:54:00.759670,592.781198,RX,0x000,128,E0 01 00 00 00 00 00 00,........,False,True,True
2026-02-11T14:54:00.759670,592.781198,RX,0x000,128,00 38 9B 71 80 02 00 00,.8.q....,False,False,False
2026-02-11T14:54:00.759670,592.781198,RX,0x000,0,,,False,False,False
2026-02-11T14:54:00.759670,592.781198,RX,0x1E0,0,,,False,False,False
2026-02-11T14:54:00.759670,592.781198,RX,0x000,128,E0 01 00 00 00 00 00 00,........,False,True,True
2026-02-11T14:54:00.759670,592.781198,RX,0x000,128,00 38 9B 71 80 02 00 00,.8.q....,False,False,False
2026-02-11T14:54:00.759670,592.781198,RX,0x000,0,,,False,False,False
2026-02-11T14:54:00.759670,592.781198,RX,0x1E0,0,,,False,False,False
2026-02-11T14:54:00.759670,592.781198,RX,0x000,128,E0 01 00 00 00 00 00 00,........,False,True,True
2026-02-11T14:54:00.759670,592.781198,RX,0x000,128,00 38 9B 71 80 02 00 00,.8.q....,False,False,False
2026-02-11T14:54:00.759670,592.781198,RX,0x000,0,,,False,False,False
2026-02-11T14:54:00.759670,592.781198,RX,0x1E0,0,,,False,False,False
2026-02-11T14:54:00.759670,592.781198,RX,0x000,128,E0 01 00 00 00 00 00 00,........,False,True,True
2026-02-11T14:54:00.759670,592.781198,RX,0x000,128,00 38 9B 71 80 02 00 00,.8.q....,False,False,False
2026-02-11T14:54:00.759670,592.781198,RX,0x000,0,,,False,False,False
2026-02-11T14:54:00.761185,592.782713,RX,0x1E0,0,,,False,False,False
2026-02-11T14:54:00.761185,592.782713,RX,0x000,128,E0 01 00 00 00 00 00 00,........,False,True,True
2026-02-11T14:54:00.761185,592.782713,RX,0x000,128,00 38 9B 71 80 02 00 00,.8.q....,False,False,False
2026-02-11T14:54:00.761185,592.782713,RX,0x000,0,,,False,False,False
2026-02-11T14:54:00.761185,592.782713,RX,0x1E0,0,,,False,False,False
2026-02-11T14:54:00.761185,592.782713,RX,0x000,128,E0 01 00 00 00 00 00 00,........,False,True,True
2026-02-11T14:54:00.761185,592.782713,RX,0x000,128,00 38 9B 71 80 02 00 00,.8.q....,False,False,False
2026-02-11T14:54:00.761185,592.782713,RX,0x000,0,,,False,False,False
2026-02-11T14:54:00.761185,592.782713,RX,0x1E0,0,,,False,False,False
2026-02-11T14:54:00.761185,592.782713,RX,0x000,128,E0 01 00 00 00 00 00 00,........,False,True,True
2026-02-11T14:54:00.761185,592.782713,RX,0x000,128,00 38 9B 71 80 02 00 00,.8.q....,False,False,False
2026-02-11T14:54:00.761185,592.782713,RX,0x000,0,,,False,False,False
2026-02-11T14:54:00.761185,592.782713,RX,0x1E0,0,,,False,False,False
2026-02-11T14:54:00.762368,592.783896,RX,0x000,128,E0 01 00 00 00 00 00 00,........,False,True,True
2026-02-11T14:54:00.762368,592.783896,RX,0x000,128,00 38 9B 71 80 02 00 00,.8.q....,False,False,False
2026-02-11T14:54:00.762368,592.783896,RX,0x000,0,,,False,False,False
2026-02-11T14:54:00.762368,592.783896,RX,0x1E0,0,,,False,False,False
2026-02-11T14:54:00.762368,592.783896,RX,0x000,128,E0 01 00 00 00 00 00 00,........,False,True,True
2026-02-11T14:54:00.762368,592.783896,RX,0x000,128,00 38 9B 71 80 02 00 00,.8.q....,False,False,False
2026-02-11T14:54:00.762368,592.783896,RX,0x000,0,,,False,False,False
2026-02-11T14:54:00.762368,592.783896,RX,0x1E0,0,,,False,False,False
2026-02-11T14:54:00.762368,592.783896,RX,0x000,128,E0 01 00 00 00 00 00 00,........,False,True,True
2026-02-11T14:54:00.762368,592.783896,RX,0x000,128,00 38 9B 71 80 02 00 00,.8.q....,False,False,False
2026-02-11T14:54:00.762368,592.783896,RX,0x000,0,,,False,False,False
2026-02-11T14:54:00.762368,592.783896,RX,0x1E0,0,,,False,False,False
2026-02-11T14:54:00.762368,592.783896,RX,0x000,128,E0 01 00 00 00 00 00 00,........,False,True,True
2026-02-11T14:54:00.762368,592.783896,RX,0x000,128,00 38 9B 71 80 02 00 00,.8.q....,False,False,False
2026-02-11T14:54:00.762368,592.783896,RX,0x000,0,,,False,False,False
2026-02-11T14:54:00.762368,592.783896,RX,0x1E0,0,,,False,False,False
2026-02-11T14:54:00.763395,592.784923,RX,0x000,128,E0 01 00 00 00 00 00 00,........,False,True,True
2026-02-11T14:54:00.763395,592.784923,RX,0x000,128,00 38 9B 71 80 02 00 00,.8.q....,False,False,False
2026-02-11T14:54:00.763395,592.784923,RX,0x000,0,,,False,False,False
2026-02-11T14:54:00.763395,592.784923,RX,0x1E0,0,,,False,False,False
2026-02-11T14:54:00.763395,592.784923,RX,0x000,128,E0 01 00 00 00 00 00 00,........,False,True,True
2026-02-11T14:54:00.763395,592.784923,RX,0x000,128,00 38 9B 71 80 02 00 00,.8.q....,False,False,False
2026-02-11T14:54:00.763395,592.784923,RX,0x000,0,,,False,False,False
2026-02-11T14:54:00.763395,592.784923,RX,0x1E0,0,,,False,False,False
2026-02-11T14:54:00.763395,592.784923,RX,0x000,128,E0 01 00 00 00 00 00 00,........,False,True,True
2026-02-11T14:54:00.763395,592.784923,RX,0x000,128,00 38 9B 71 80 02 00 00,.8.q....,False,False,False
2026-02-11T14:54:00.763395,592.784923,RX,0x000,0,,,False,False,False
2026-02-11T14:54:00.763395,592.784923,RX,0x1E0,0,,,False,False,False
2026-02-11T14:54:00.763395,592.784923,RX,0x000,128,E0 01 00 00 00 00 00 00,........,False,True,True
2026-02-11T14:54:00.763395,592.784923,RX,0x000,128,00 38 9B 71 80 02 00 00,.8.q....,False,False,False
2026-02-11T14:54:00.763395,592.784923,RX,0x000,0,,,False,False,False
2026-02-11T14:54:00.763395,592.784923,RX,0x1E0,0,,,False,False,False
2026-02-11T14:54:00.764445,592.785973,RX,0x000,128,E0 01 00 00 00 00 00 00,........,False,True,True
2026-02-11T14:54:00.764445,592.785973,RX,0x000,128,00 38 9B 71 80 02 00 00,.8.q....,False,False,False
2026-02-11T14:54:00.764445,592.785973,RX,0x000,0,,,False,False,False
2026-02-11T14:54:00.764445,592.785973,RX,0x1E0,0,,,False,False,False
2026-02-11T14:54:00.764445,592.785973,RX,0x000,128,E0 01 00 00 00 00 00 00,........,False,True,True
2026-02-11T14:54:00.764445,592.785973,RX,0x000,128,00 38 9B 71 80 02 00 00,.8.q....,False,False,False
2026-02-11T14:54:00.764445,592.785973,RX,0x000,0,,,False,False,False
2026-02-11T14:54:00.764445,592.785973,RX,0x1E0,0,,,False,False,False
2026-02-11T14:54:00.764445,592.785973,RX,0x000,128,E0 01 00 00 00 00 00 00,........,False,True,True
2026-02-11T14:54:00.764445,592.785973,RX,0x000,128,00 38 9B 71 80 02 00 00,.8.q....,False,False,False
2026-02-11T14:54:00.764445,592.785973,RX,0x000,0,,,False,False,False
2026-02-11T14:54:00.764445,592.785973,RX,0x1E0,0,,,False,False,False
2026-02-11T14:54:00.764445,592.785973,RX,0x000,128,E0 01 00 00 00 00 00 00,........,False,True,True
2026-02-11T14:54:00.764445,592.785973,RX,0x000,128,00 38 9B 71 80 02 00 00,.8.q....,False,False,False
2026-02-11T14:54:00.765445,592.785973,RX,0x000,0,,,False,False,False
2026-02-11T14:54:00.765445,592.786973,RX,0x1E0,0,,,False,False,False
2026-02-11T14:54:00.765445,592.786973,RX,0x000,128,E0 01 00 00 00 00 00 00,........,False,True,True
2026-02-11T14:54:00.765445,592.786973,RX,0x000,128,00 38 9B 71 80 02 00 00,.8.q....,False,False,False
2026-02-11T14:54:00.765445,592.786973,RX,0x000,0,,,False,False,False
2026-02-11T14:54:00.765445,592.786973,RX,0x1E0,0,,,False,False,False
2026-02-11T14:54:00.765445,592.786973,RX,0x000,128,E0 01 00 00 00 00 00 00,........,False,True,True
2026-02-11T14:54:00.765445,592.786973,RX,0x000,128,00 38 9B 71 80 02 00 00,.8.q....,False,False,False
2026-02-11T14:54:00.765445,592.786973,RX,0x000,0,,,False,False,False
2026-02-11T14:54:00.765445,592.786973,RX,0x1E0,0,,,False,False,False
2026-02-11T14:54:00.765958,592.787487,RX,0x000,128,E0 01 00 00 00 00 00 00,........,False,True,True
2026-02-11T14:54:00.765958,592.787487,RX,0x000,128,00 38 9B 71 80 02 00 00,.8.q....,False,False,False
2026-02-11T14:54:00.765958,592.787487,RX,0x000,0,,,False,False,False
2026-02-11T14:54:00.765958,592.787487,RX,0x1E0,0,,,False,False,False
2026-02-11T14:54:00.765958,592.787487,RX,0x000,128,E0 01 00 00 00 00 00 00,........,False,True,True
2026-02-11T14:54:00.765958,592.787487,RX,0x000,128,00 38 9B 71 80 02 00 00,.8.q....,False,False,False
2026-02-11T14:54:00.765958,592.787487,RX,0x000,0,,,False,False,False
2026-02-11T14:54:00.765958,592.787487,RX,0x1E0,0,,,False,False,False
2026-02-11T14:54:00.765958,592.787487,RX,0x000,128,E0 01 00 00 00 00 00 00,........,False,True,True
2026-02-11T14:54:00.765958,592.787487,RX,0x000,128,00 38 9B 71 80 02 00 00,.8.q....,False,False,False
2026-02-11T14:54:00.765958,592.787487,RX,0x000,0,,,False,False,False
2026-02-11T14:54:00.765958,592.787487,RX,0x1E0,0,,,False,False,False
2026-02-11T14:54:00.765958,592.787487,RX,0x000,128,E0 01 00 00 00 00 00 00,........,False,True,True
2026-02-11T14:54:00.765958,592.787487,RX,0x000,128,00 38 9B 71 80 02 00 00,.8.q....,False,False,False
2026-02-11T14:54:00.765958,592.787487,RX,0x000,0,,,False,False,False
2026-02-11T14:54:00.765958,592.787487,RX,0x1E0,0,,,False,False,False
2026-02-11T14:54:00.765958,592.787487,RX,0x000,128,E0 01 00 00 00 00 00 00,........,False,True,True
2026-02-11T14:54:00.765958,592.787487,RX,0x000,128,00 38 9B 71 80 02 00 00,.8.q....,False,False,False
2026-02-11T14:54:00.765958,592.787487,RX,0x000,0,,,False,False,False
2026-02-11T14:54:00.765958,592.787487,RX,0x1E0,0,,,False,False,False
2026-02-11T14:54:00.766975,592.788503,RX,0x000,128,E0 01 00 00 00 00 00 00,........,False,True,True
2026-02-11T14:54:00.766975,592.788503,RX,0x000,128,00 38 9B 71 80 02 00 00,.8.q....,False,False,False
2026-02-11T14:54:00.766975,592.788503,RX,0x000,0,,,False,False,False
2026-02-11T14:54:00.766975,592.788503,RX,0x1E0,0,,,False,False,False
2026-02-11T14:54:00.766975,592.788503,RX,0x000,128,E0 01 00 00 00 00 00 00,........,False,True,True
2026-02-11T14:54:00.766975,592.788503,RX,0x000,128,00 38 9B 71 80 02 00 00,.8.q....,False,False,False
2026-02-11T14:54:00.766975,592.788503,RX,0x000,0,,,False,False,False
2026-02-11T14:54:00.766975,592.788503,RX,0x1E0,0,,,False,False,False
2026-02-11T14:54:00.766975,592.788503,RX,0x000,128,E0 01 00 00 00 00 00 00,........,False,True,True
2026-02-11T14:54:00.766975,592.788503,RX,0x000,128,00 38 9B 71 80 02 00 00,.8.q....,False,False,False
2026-02-11T14:54:00.766975,592.788503,RX,0x000,0,,,False,False,False
2026-02-11T14:54:00.767978,592.788503,RX,0x1E0,0,,,False,False,False
2026-02-11T14:54:00.767978,592.789505,RX,0x000,128,E0 01 00 00 00 00 00 00,........,False,True,True
2026-02-11T14:54:00.767978,592.789505,RX,0x000,128,00 38 9B 71 80 02 00 00,.8.q....,False,False,False
2026-02-11T14:54:00.767978,592.789505,RX,0x000,0,,,False,False,False
2026-02-11T14:54:00.767978,592.789505,RX,0x1E0,0,,,False,False,False
2026-02-11T14:54:00.767978,592.789505,RX,0x000,128,E0 01 00 00 00 00 00 00,........,False,True,True
2026-02-11T14:54:00.768495,592.790023,RX,0x000,128,00 38 9B 71 80 02 00 00,.8.q....,False,False,False
2026-02-11T14:54:00.768495,592.790023,RX,0x000,0,,,False,False,False
2026-02-11T14:54:00.768495,592.790023,RX,0x1E0,0,,,False,False,False
2026-02-11T14:54:00.768495,592.790023,RX,0x000,128,E0 01 00 00 00 00 00 00,........,False,True,True
2026-02-11T14:54:00.768495,592.790023,RX,0x000,128,00 38 9B 71 80 02 00 00,.8.q....,False,False,False
2026-02-11T14:54:00.768495,592.790023,RX,0x000,0,,,False,False,False
2026-02-11T14:54:00.768495,592.790023,RX,0x1E0,0,,,False,False,False
2026-02-11T14:54:00.768495,592.790023,RX,0x000,128,E0 01 00 00 00 00 00 00,........,False,True,True
2026-02-11T14:54:00.768495,592.790023,RX,0x000,128,00 38 9B 71 80 02 00 00,.8.q....,False,False,False
2026-02-11T14:54:00.769516,592.791044,RX,0x000,0,,,False,False,False
2026-02-11T14:54:00.769516,592.791044,RX,0x1E0,0,,,False,False,False
2026-02-11T14:54:00.769516,592.791044,RX,0x000,128,E0 01 00 00 00 00 00 00,........,False,True,True
2026-02-11T14:54:00.769516,592.791044,RX,0x000,128,00 38 9B 71 80 02 00 00,.8.q....,False,False,False
2026-02-11T14:54:00.769516,592.791044,RX,0x000,0,,,False,False,False
2026-02-11T14:54:00.769516,592.791044,RX,0x1E0,0,,,False,False,False
2026-02-11T14:54:00.769516,592.791044,RX,0x000,128,E0 01 00 00 00 00 00 00,........,False,True,True
2026-02-11T14:54:00.769516,592.791044,RX,0x000,128,00 38 9B 71 80 02 00 00,.8.q....,False,False,False
2026-02-11T14:54:00.769516,592.791044,RX,0x000,0,,,False,False,False
2026-02-11T14:54:00.769516,592.791044,RX,0x1E0,0,,,False,False,False
2026-02-11T14:54:00.769516,592.791044,RX,0x000,128,E0 01 00 00 00 00 00 00,........,False,True,True
2026-02-11T14:54:00.769516,592.791044,RX,0x000,128,00 38 9B 71 80 02 00 00,.8.q....,False,False,False
2026-02-11T14:54:00.772802,592.794330,RX,0x000,0,,,False,False,False
2026-02-11T14:54:00.772802,592.794330,RX,0x1E0,0,,,False,False,False
2026-02-11T14:54:00.772802,592.794330,RX,0x000,128,E0 01 00 00 00 00 00 00,........,False,True,True
2026-02-11T14:54:00.773818,592.795346,RX,0x000,128,00 38 9B 71 80 02 00 00,.8.q....,False,False,False
2026-02-11T14:54:00.773818,592.795346,RX,0x000,0,,,False,False,False
2026-02-11T14:54:00.773818,592.795346,RX,0x1E0,0,,,False,False,False
2026-02-11T14:54:00.773818,592.795346,RX,0x000,128,E0 01 00 00 00 00 00 00,........,False,True,True
2026-02-11T14:54:00.773818,592.795346,RX,0x000,128,00 38 9B 71 80 02 00 00,.8.q....,False,False,False
2026-02-11T14:54:00.773818,592.795346,RX,0x000,0,,,False,False,False
2026-02-11T14:54:00.774836,592.796364,RX,0x1E0,0,,,False,False,False
2026-02-11T14:54:00.774836,592.796364,RX,0x000,128,E0 01 00 00 00 00 00 00,........,False,True,True
2026-02-11T14:54:00.774836,592.796364,RX,0x000,128,00 38 9B 71 80 02 00 00,.8.q....,False,False,False
2026-02-11T14:54:00.774836,592.796364,RX,0x000,0,,,False,False,False
2026-02-11T14:54:00.774836,592.796364,RX,0x1E0,0,,,False,False,False
2026-02-11T14:54:00.774836,592.796364,RX,0x000,128,E0 01 00 00 00 00 00 00,........,False,True,True
2026-02-11T14:54:00.774836,592.796364,RX,0x000,128,00 38 9B 71 80 02 00 00,.8.q....,False,False,False
2026-02-11T14:54:00.774836,592.796364,RX,0x000,0,,,False,False,False
2026-02-11T14:54:00.774836,592.796364,RX,0x1E0,0,,,False,False,False
2026-02-11T14:54:00.774836,592.796364,RX,0x000,128,E0 01 00 00 00 00 00 00,........,False,True,True
2026-02-11T14:54:00.775861,592.797389,RX,0x000,128,00 38 9B 71 80 02 00 00,.8.q....,False,False,False
2026-02-11T14:54:00.775861,592.797389,RX,0x000,0,,,False,False,False
2026-02-11T14:54:00.775861,592.797389,RX,0x1E0,0,,,False,False,False
2026-02-11T14:54:00.775861,592.797389,RX,0x000,128,E0 01 00 00 00 00 00 00,........,False,True,True
2026-02-11T14:54:00.775861,592.797389,RX,0x000,128,00 38 9B 71 80 02 00 00,.8.q....,False,False,False
2026-02-11T14:54:00.775861,592.797389,RX,0x000,0,,,False,False,False
2026-02-11T14:54:00.775861,592.797389,RX,0x1E0,0,,,False,False,False
2026-02-11T14:54:00.775861,592.797389,RX,0x000,128,E0 01 00 00 00 00 00 00,........,False,True,True
2026-02-11T14:54:00.775861,592.797389,RX,0x000,128,00 38 9B 71 80 02 00 00,.8.q....,False,False,False
2026-02-11T14:54:00.775861,592.797389,RX,0x000,0,,,False,False,False
2026-02-11T14:54:00.775861,592.797389,RX,0x1E0,0,,,False,False,False
2026-02-11T14:54:00.775861,592.797389,RX,0x000,128,E0 01 00 00 00 00 00 00,........,False,True,True
2026-02-11T14:54:00.777370,592.798898,RX,0x000,128,00 38 9B 71 80 02 00 00,.8.q....,False,False,False
2026-02-11T14:54:00.777370,592.798898,RX,0x000,0,,,False,False,False
2026-02-11T14:54:00.777903,592.799431,RX,0x1E0,0,,,False,False,False
2026-02-11T14:54:00.777903,592.799431,RX,0x000,128,E0 01 00 00 00 00 00 00,........,False,True,True
2026-02-11T14:54:00.777903,592.799431,RX,0x000,128,00 38 9B 71 80 02 00 00,.8.q....,False,False,False
2026-02-11T14:54:00.777903,592.799431,RX,0x000,0,,,False,False,False
2026-02-11T14:54:00.777903,592.799431,RX,0x1E0,0,,,False,False,False
2026-02-11T14:54:00.777903,592.799431,RX,0x000,128,E0 01 00 00 00 00 00 00,........,False,True,True
2026-02-11T14:54:00.777903,592.799431,RX,0x000,128,00 38 9B 71 80 02 00 00,.8.q....,False,False,False
2026-02-11T14:54:00.777903,592.799431,RX,0x000,0,,,False,False,False
2026-02-11T14:54:00.778930,592.800458,RX,0x1E0,0,,,False,False,False
2026-02-11T14:54:00.778930,592.800458,RX,0x000,128,E0 01 00 00 00 00 00 00,........,False,True,True
2026-02-11T14:54:00.778930,592.800458,RX,0x000,128,00 38 9B 71 80 02 00 00,.8.q....,False,False,False
2026-02-11T14:54:00.778930,592.800458,RX,0x000,0,,,False,False,False
2026-02-11T14:54:00.778930,592.800458,RX,0x1E0,0,,,False,False,False
2026-02-11T14:54:00.778930,592.800458,RX,0x000,128,E0 01 00 00 00 00 00 00,........,False,True,True
2026-02-11T14:54:00.778930,592.800458,RX,0x000,128,00 38 9B 71 80 02 00 00,.8.q....,False,False,False
2026-02-11T14:54:00.778930,592.800458,RX,0x000,0,,,False,False,False
2026-02-11T14:54:00.779945,592.801473,RX,0x1E0,0,,,False,False,False
2026-02-11T14:54:00.779945,592.801473,RX,0x000,128,E0 01 00 00 00 00 00 00,........,False,True,True
2026-02-11T14:54:00.779945,592.801473,RX,0x000,128,00 38 9B 71 80 02 00 00,.8.q....,False,False,False
2026-02-11T14:54:00.779945,592.801473,RX,0x000,0,,,False,False,False
2026-02-11T14:54:00.779945,592.801473,RX,0x1E0,0,,,False,False,False
2026-02-11T14:54:00.780948,592.802476,RX,0x000,128,E0 01 00 00 00 00 00 00,........,False,True,True
2026-02-11T14:54:00.780948,592.802476,RX,0x000,128,00 38 9B 71 80 02 00 00,.8.q....,False,False,False
2026-02-11T14:54:00.780948,592.802476,RX,0x000,0,,,False,False,False
2026-02-11T14:54:00.780948,592.802476,RX,0x1E0,0,,,False,False,False
2026-02-11T14:54:00.780948,592.802476,RX,0x000,128,E0 01 00 00 00 00 00 00,........,False,True,True
2026-02-11T14:54:00.781961,592.803489,RX,0x000,128,00 38 9B 71 80 02 00 00,.8.q....,False,False,False
2026-02-11T14:54:00.781961,592.803489,RX,0x000,0,,,False,False,False
2026-02-11T14:54:00.781961,592.803489,RX,0x1E0,0,,,False,False,False
2026-02-11T14:54:00.781961,592.803489,RX,0x000,128,E0 01 00 00 00 00 00 00,........,False,True,True
2026-02-11T14:54:00.781961,592.803489,RX,0x000,128,00 38 9B 71 80 02 00 00,.8.q....,False,False,False
2026-02-11T14:54:00.781961,592.803489,RX,0x000,0,,,False,False,False
2026-02-11T14:54:00.781961,592.803489,RX,0x1E0,0,,,False,False,False
2026-02-11T14:54:00.781961,592.803489,RX,0x000,128,E0 01 00 00 00 00 00 00,........,False,True,True
2026-02-11T14:54:00.781961,592.803489,RX,0x000,128,00 38 9B 71 80 02 00 00,.8.q....,False,False,False
2026-02-11T14:54:00.782985,592.804513,RX,0x000,0,,,False,False,False
2026-02-11T14:54:00.782985,592.804513,RX,0x1E0,0,,,False,False,False
2026-02-11T14:54:00.782985,592.804513,RX,0x000,128,E0 01 00 00 00 00 00 00,........,False,True,True
2026-02-11T14:54:00.782985,592.804513,RX,0x000,128,00 38 9B 71 80 02 00 00,.8.q....,False,False,False
2026-02-11T14:54:00.782985,592.804513,RX,0x000,0,,,False,False,False
2026-02-11T14:54:00.782985,592.804513,RX,0x1E0,0,,,False,False,False
2026-02-11T14:54:00.782985,592.804513,RX,0x000,128,E0 01 00 00 00 00 00 00,........,False,True,True
2026-02-11T14:54:00.782985,592.804513,RX,0x000,128,00 38 9B 71 80 02 00 00,.8.q....,False,False,False
2026-02-11T14:54:00.782985,592.804513,RX,0x000,0,,,False,False,False
2026-02-11T14:54:00.782985,592.804513,RX,0x1E0,0,,,False,False,False
2026-02-11T14:54:00.782985,592.804513,RX,0x000,128,E0 01 00 00 00 00 00 00,........,False,True,True
2026-02-11T14:54:00.782985,592.804513,RX,0x000,128,00 38 9B 71 80 02 00 00,.8.q....,False,False,False
2026-02-11T14:54:00.782985,592.804513,RX,0x000,0,,,False,False,False
2026-02-11T14:54:00.782985,592.804513,RX,0x1E0,0,,,False,False,False
2026-02-11T14:54:00.782985,592.804513,RX,0x000,128,E0 01 00 00 00 00 00 00,........,False,True,True
2026-02-11T14:54:00.784002,592.805530,RX,0x000,128,00 38 9B 71 80 02 00 00,.8.q....,False,False,False
2026-02-11T14:54:00.784002,592.805530,RX,0x000,0,,,False,False,False
2026-02-11T14:54:00.784002,592.805530,RX,0x1E0,0,,,False,False,False
2026-02-11T14:54:00.784002,592.805530,RX,0x000,128,E0 01 00 00 00 00 00 00,........,False,True,True
2026-02-11T14:54:00.784002,592.805530,RX,0x000,128,00 38 9B 71 80 02 00 00,.8.q....,False,False,False
2026-02-11T14:54:00.784002,592.805530,RX,0x000,0,,,False,False,False
2026-02-11T14:54:00.784002,592.805530,RX,0x1E0,0,,,False,False,False
2026-02-11T14:54:00.785014,592.806542,RX,0x000,128,E0 01 00 00 00 00 00 00,........,False,True,True
2026-02-11T14:54:00.785014,592.806542,RX,0x000,128,00 38 9B 71 80 02 00 00,.8.q....,False,False,False
2026-02-11T14:54:00.785014,592.806542,RX,0x000,0,,,False,False,False
2026-02-11T14:54:00.785014,592.806542,RX,0x1E0,0,,,False,False,False
2026-02-11T14:54:00.785014,592.806542,RX,0x000,128,E0 01 00 00 00 00 00 00,........,False,True,True
2026-02-11T14:54:00.785014,592.806542,RX,0x000,128,00 38 9B 71 80 02 00 00,.8.q....,False,False,False
2026-02-11T14:54:00.785014,592.806542,RX,0x000,0,,,False,False,False
2026-02-11T14:54:00.785014,592.806542,RX,0x1E0,0,,,False,False,False
2026-02-11T14:54:00.785014,592.806542,RX,0x000,128,E0 01 00 00 00 00 00 00,........,False,True,True
2026-02-11T14:54:00.785014,592.806542,RX,0x000,128,00 38 9B 71 80 02 00 00,.8.q....,False,False,False
2026-02-11T14:54:00.786041,592.807569,RX,0x000,0,,,False,False,False
2026-02-11T14:54:00.786041,592.807569,RX,0x1E0,0,,,False,False,False
2026-02-11T14:54:00.786041,592.807569,RX,0x000,128,E0 01 00 00 00 00 00 00,........,False,True,True
2026-02-11T14:54:00.786041,592.807569,RX,0x000,128,00 38 9B 71 80 02 00 00,.8.q....,False,False,False
2026-02-11T14:54:00.786041,592.807569,RX,0x000,0,,,False,False,False
2026-02-11T14:54:00.786041,592.807569,RX,0x1E0,0,,,False,False,False
2026-02-11T14:54:00.786041,592.807569,RX,0x000,128,E0 01 00 00 00 00 00 00,........,False,True,True
2026-02-11T14:54:00.786041,592.807569,RX,0x000,128,00 38 9B 71 80 02 00 00,.8.q....,False,False,False
2026-02-11T14:54:00.786041,592.807569,RX,0x000,0,,,False,False,False
2026-02-11T14:54:00.787056,592.808584,RX,0x1E0,0,,,False,False,False
2026-02-11T14:54:00.787056,592.808584,RX,0x000,128,E0 01 00 00 00 00 00 00,........,False,True,True
2026-02-11T14:54:00.787056,592.808584,RX,0x000,128,00 38 9B 71 80 02 00 00,.8.q....,False,False,False
2026-02-11T14:54:00.787056,592.808584,RX,0x000,0,,,False,False,False
2026-02-11T14:54:00.787056,592.808584,RX,0x1E0,0,,,False,False,False
2026-02-11T14:54:00.787056,592.808584,RX,0x000,128,E0 01 00 00 00 00 00 00,........,False,True,True
2026-02-11T14:54:00.787056,592.808584,RX,0x000,128,00 38 9B 71 80 02 00 00,.8.q....,False,False,False
2026-02-11T14:54:00.787056,592.808584,RX,0x000,0,,,False,False,False
2026-02-11T14:54:00.787056,592.808584,RX,0x1E0,0,,,False,False,False
2026-02-11T14:54:00.787056,592.808584,RX,0x000,128,E0 01 00 00 00 00 00 00,........,False,True,True
2026-02-11T14:54:00.788053,592.809581,RX,0x000,128,00 38 9B 71 80 02 00 00,.8.q....,False,False,False
2026-02-11T14:54:00.788053,592.809581,RX,0x000,0,,,False,False,False
2026-02-11T14:54:00.788568,592.810096,RX,0x1E0,0,,,False,False,False
2026-02-11T14:54:00.788568,592.810096,RX,0x000,128,E0 01 00 00 00 00 00 00,........,False,True,True
2026-02-11T14:54:00.788568,592.810096,RX,0x000,128,00 38 9B 71 80 02 00 00,.8.q....,False,False,False
2026-02-11T14:54:00.788568,592.810096,RX,0x000,0,,,False,False,False
2026-02-11T14:54:00.789583,592.811111,RX,0x1E0,0,,,False,False,False
2026-02-11T14:54:00.789583,592.811111,RX,0x000,128,E0 01 00 00 00 00 00 00,........,False,True,True
2026-02-11T14:54:00.789583,592.811111,RX,0x000,128,00 38 9B 71 80 02 00 00,.8.q....,False,False,False
2026-02-11T14:54:00.789583,592.811111,RX,0x000,0,,,False,False,False
2026-02-11T14:54:00.789583,592.811111,RX,0x1E0,0,,,False,False,False
2026-02-11T14:54:00.789583,592.811111,RX,0x000,128,E0 01 00 00 00 00 00 00,........,False,True,True
2026-02-11T14:54:00.790595,592.812123,RX,0x000,128,00 38 9B 71 80 02 00 00,.8.q....,False,False,False
2026-02-11T14:54:00.790595,592.812123,RX,0x000,0,,,False,False,False
2026-02-11T14:54:00.790595,592.812123,RX,0x1E0,0,,,False,False,False
2026-02-11T14:54:00.790595,592.812123,RX,0x000,128,E0 01 00 00 00 00 00 00,........,False,True,True
2026-02-11T14:54:00.790595,592.812123,RX,0x000,128,00 38 9B 71 80 02 00 00,.8.q....,False,False,False
2026-02-11T14:54:00.790595,592.812123,RX,0x000,0,,,False,False,False
2026-02-11T14:54:00.790595,592.812123,RX,0x1E0,0,,,False,False,False
2026-02-11T14:54:00.790595,592.812123,RX,0x000,128,E0 01 00 00 00 00 00 00,........,False,True,True
2026-02-11T14:54:00.790595,592.812123,RX,0x000,128,00 38 9B 71 80 02 00 00,.8.q....,False,False,False
2026-02-11T14:54:00.790595,592.812123,RX,0x000,0,,,False,False,False
2026-02-11T14:54:00.791618,592.813146,RX,0x1E0,0,,,False,False,False
2026-02-11T14:54:00.791618,592.813146,RX,0x000,128,E0 01 00 00 00 00 00 00,........,False,True,True
2026-02-11T14:54:00.791618,592.813146,RX,0x000,128,00 38 9B 71 80 02 00 00,.8.q....,False,False,False
2026-02-11T14:54:00.792811,592.814338,RX,0x000,0,,,False,False,False
2026-02-11T14:54:00.792811,592.814338,RX,0x1E0,0,,,False,False,False
2026-02-11T14:54:00.792811,592.814338,RX,0x000,128,E0 01 00 00 00 00 00 00,........,False,True,True
2026-02-11T14:54:00.792811,592.814338,RX,0x000,128,00 38 9B 71 80 02 00 00,.8.q....,False,False,False
2026-02-11T14:54:00.792811,592.814338,RX,0x000,0,,,False,False,False
2026-02-11T14:54:00.792811,592.814338,RX,0x1E0,0,,,False,False,False
2026-02-11T14:54:00.792811,592.814338,RX,0x000,128,E0 01 00 00 00 00 00 00,........,False,True,True
2026-02-11T14:54:00.792811,592.814338,RX,0x000,128,00 38 9B 71 80 02 00 00,.8.q....,False,False,False
2026-02-11T14:54:00.793830,592.815357,RX,0x000,0,,,False,False,False
2026-02-11T14:54:00.793830,592.815357,RX,0x1E0,0,,,False,False,False
2026-02-11T14:54:00.793830,592.815357,RX,0x000,128,E0 01 00 00 00 00 00 00,........,False,True,True
2026-02-11T14:54:00.793830,592.815357,RX,0x000,128,00 38 9B 71 80 02 00 00,.8.q....,False,False,False
2026-02-11T14:54:00.793830,592.815357,RX,0x000,0,,,False,False,False
2026-02-11T14:54:00.793830,592.815357,RX,0x1E0,0,,,False,False,False
2026-02-11T14:54:00.794866,592.816394,RX,0x000,128,E0 01 00 00 00 00 00 00,........,False,True,True
2026-02-11T14:54:00.794866,592.816394,RX,0x000,128,00 38 9B 71 80 02 00 00,.8.q....,False,False,False
2026-02-11T14:54:00.794866,592.816394,RX,0x000,0,,,False,False,False
2026-02-11T14:54:00.794866,592.816394,RX,0x1E0,0,,,False,False,False
2026-02-11T14:54:00.794866,592.816394,RX,0x000,128,E0 01 00 00 00 00 00 00,........,False,True,True
2026-02-11T14:54:00.794866,592.816394,RX,0x000,128,00 38 9B 71 80 02 00 00,.8.q....,False,False,False
2026-02-11T14:54:00.794866,592.816394,RX,0x000,0,,,False,False,False
2026-02-11T14:54:00.794866,592.816394,RX,0x1E0,0,,,False,False,False
2026-02-11T14:54:00.795889,592.817417,RX,0x000,128,E0 01 00 00 00 00 00 00,........,False,True,True
2026-02-11T14:54:00.795889,592.817417,RX,0x000,128,00 38 9B 71 80 02 00 00,.8.q....,False,False,False
2026-02-11T14:54:00.795889,592.817417,RX,0x000,0,,,False,False,False
2026-02-11T14:54:00.795889,592.817417,RX,0x1E0,0,,,False,False,False
2026-02-11T14:54:00.795889,592.817417,RX,0x000,128,E0 01 00 00 00 00 00 00,........,False,True,True
2026-02-11T14:54:00.795889,592.817417,RX,0x000,128,00 38 9B 71 80 02 00 00,.8.q....,False,False,False
2026-02-11T14:54:00.796904,592.818432,RX,0x000,0,,,False,False,False
2026-02-11T14:54:00.796904,592.818432,RX,0x1E0,0,,,False,False,False
2026-02-11T14:54:00.796904,592.818432,RX,0x000,128,E0 01 00 00 00 00 00 00,........,False,True,True
2026-02-11T14:54:00.796904,592.818432,RX,0x000,128,00 38 9B 71 80 02 00 00,.8.q....,False,False,False
2026-02-11T14:54:00.796904,592.818432,RX,0x000,0,,,False,False,False
2026-02-11T14:54:00.796904,592.818432,RX,0x1E0,0,,,False,False,False
2026-02-11T14:54:00.797906,592.819434,RX,0x000,128,E0 01 00 00 00 00 00 00,........,False,True,True
2026-02-11T14:54:00.797906,592.819434,RX,0x000,128,00 38 9B 71 80 02 00 00,.8.q....,False,False,False
2026-02-11T14:54:00.797906,592.819434,RX,0x000,0,,,False,False,False
2026-02-11T14:54:00.798421,592.819949,RX,0x1E0,0,,,False,False,False
2026-02-11T14:54:00.798421,592.819949,RX,0x000,128,E0 01 00 00 00 00 00 00,........,False,True,True
2026-02-11T14:54:00.798421,592.819949,RX,0x000,128,00 38 9B 71 80 02 00 00,.8.q....,False,False,False
2026-02-11T14:54:00.798421,592.819949,RX,0x000,0,,,False,False,False
2026-02-11T14:54:00.798421,592.819949,RX,0x1E0,0,,,False,False,False
2026-02-11T14:54:00.799435,592.820963,RX,0x000,128,E0 01 00 00 00 00 00 00,........,False,True,True
2026-02-11T14:54:00.799435,592.820963,RX,0x000,128,00 38 9B 71 80 02 00 00,.8.q....,False,False,False
2026-02-11T14:54:00.799435,592.820963,RX,0x000,0,,,False,False,False
2026-02-11T14:54:00.799435,592.820963,RX,0x1E0,0,,,False,False,False
2026-02-11T14:54:00.799435,592.820963,RX,0x000,128,E0 01 00 00 00 00 00 00,........,False,True,True
2026-02-11T14:54:00.800795,592.822323,RX,0x000,128,00 38 9B 71 80 02 00 00,.8.q....,False,False,False
2026-02-11T14:54:00.800795,592.822323,RX,0x000,0,,,False,False,False
2026-02-11T14:54:00.800795,592.822323,RX,0x1E0,0,,,False,False,False
2026-02-11T14:54:00.800795,592.822323,RX,0x000,128,E0 01 00 00 00 00 00 00,........,False,True,True
2026-02-11T14:54:00.801815,592.823343,RX,0x000,128,00 38 9B 71 80 02 00 00,.8.q....,False,False,False
2026-02-11T14:54:00.801815,592.823343,RX,0x000,0,,,False,False,False
2026-02-11T14:54:00.801815,592.823343,RX,0x1E0,0,,,False,False,False
2026-02-11T14:54:00.801815,592.823343,RX,0x000,128,E0 01 00 00 00 00 00 00,........,False,True,True
2026-02-11T14:54:00.801815,592.823343,RX,0x000,128,00 38 9B 71 80 02 00 00,.8.q....,False,False,False
2026-02-11T14:54:00.802839,592.824367,RX,0x000,0,,,False,False,False
2026-02-11T14:54:00.802839,592.824367,RX,0x1E0,0,,,False,False,False
2026-02-11T14:54:00.802839,592.824367,RX,0x000,128,E0 01 00 00 00 00 00 00,........,False,True,True
2026-02-11T14:54:00.802839,592.824367,RX,0x000,128,00 38 9B 71 80 02 00 00,.8.q....,False,False,False
2026-02-11T14:54:00.802839,592.824367,RX,0x000,0,,,False,False,False
2026-02-11T14:54:00.802839,592.824367,RX,0x1E0,0,,,False,False,False
2026-02-11T14:54:00.803861,592.824367,RX,0x000,128,E0 01 00 00 00 00 00 00,........,False,True,True
2026-02-11T14:54:00.803861,592.825389,RX,0x000,128,00 38 9B 71 80 02 00 00,.8.q....,False,False,False
2026-02-11T14:54:00.803861,592.825389,RX,0x000,0,,,False,False,False
2026-02-11T14:54:00.803861,592.825389,RX,0x1E0,0,,,False,False,False
2026-02-11T14:54:00.803861,592.825389,RX,0x000,128,E0 01 00 00 00 00 00 00,........,False,True,True
2026-02-11T14:54:00.803861,592.825389,RX,0x000,128,00 38 9B 71 80 02 00 00,.8.q....,False,False,False
2026-02-11T14:54:00.803861,592.825389,RX,0x000,0,,,False,False,False
2026-02-11T14:54:00.803861,592.825389,RX,0x1E0,0,,,False,False,False
2026-02-11T14:54:00.803861,592.825389,RX,0x000,128,E0 01 00 00 00 00 00 00,........,False,True,True
2026-02-11T14:54:00.803861,592.825389,RX,0x000,128,00 38 9B 71 80 02 00 00,.8.q....,False,False,False
2026-02-11T14:54:00.803861,592.825389,RX,0x000,0,,,False,False,False
2026-02-11T14:54:00.803861,592.825389,RX,0x1E0,0,,,False,False,False
2026-02-11T14:54:00.805164,592.826692,RX,0x000,128,E0 01 00 00 00 00 00 00,........,False,True,True
2026-02-11T14:54:00.805164,592.826692,RX,0x000,128,00 38 9B 71 80 02 00 00,.8.q....,False,False,False
2026-02-11T14:54:00.805164,592.826692,RX,0x000,0,,,False,False,False
2026-02-11T14:54:00.805164,592.826692,RX,0x1E0,0,,,False,False,False
2026-02-11T14:54:00.805164,592.826692,RX,0x000,128,E0 01 00 00 00 00 00 00,........,False,True,True
2026-02-11T14:54:00.805164,592.826692,RX,0x000,128,00 38 9B 71 80 02 00 00,.8.q....,False,False,False
2026-02-11T14:54:00.805164,592.826692,RX,0x000,0,,,False,False,False
2026-02-11T14:54:00.805164,592.826692,RX,0x1E0,0,,,False,False,False
2026-02-11T14:54:00.805164,592.826692,RX,0x000,128,E0 01 00 00 00 00 00 00,........,False,True,True
2026-02-11T14:54:00.805164,592.826692,RX,0x000,128,00 38 9B 71 80 02 00 00,.8.q....,False,False,False
2026-02-11T14:54:00.805164,592.826692,RX,0x000,0,,,False,False,False
2026-02-11T14:54:00.805164,592.826692,RX,0x1E0,0,,,False,False,False
2026-02-11T14:54:00.806163,592.827691,RX,0x000,128,E0 01 00 00 00 00 00 00,........,False,True,True
2026-02-11T14:54:00.806163,592.827691,RX,0x000,128,00 38 9B 71 80 02 00 00,.8.q....,False,False,False
2026-02-11T14:54:00.806163,592.827691,RX,0x000,0,,,False,False,False
2026-02-11T14:54:00.806163,592.827691,RX,0x1E0,0,,,False,False,False
2026-02-11T14:54:00.806163,592.827691,RX,0x000,128,E0 01 00 00 00 00 00 00,........,False,True,True
2026-02-11T14:54:00.806163,592.827691,RX,0x000,128,00 38 9B 71 80 02 00 00,.8.q....,False,False,False
2026-02-11T14:54:00.806163,592.827691,RX,0x000,0,,,False,False,False
2026-02-11T14:54:00.806163,592.827691,RX,0x1E0,0,,,False,False,False
2026-02-11T14:54:00.806163,592.827691,RX,0x000,128,E0 01 00 00 00 00 00 00,........,False,True,True
2026-02-11T14:54:00.806163,592.827691,RX,0x000,128,00 38 9B 71 80 02 00 00,.8.q....,False,False,False
2026-02-11T14:54:00.806163,592.827691,RX,0x000,0,,,False,False,False
2026-02-11T14:54:00.806163,592.827691,RX,0x1E0,0,,,False,False,False
2026-02-11T14:54:00.807163,592.828691,RX,0x000,128,E0 01 00 00 00 00 00 00,........,False,True,True
2026-02-11T14:54:00.807163,592.828691,RX,0x000,128,00 38 9B 71 80 02 00 00,.8.q....,False,False,False
2026-02-11T14:54:00.807163,592.828691,RX,0x000,0,,,False,False,False
2026-02-11T14:54:00.807163,592.828691,RX,0x1E0,0,,,False,False,False
2026-02-11T14:54:00.807163,592.828691,RX,0x000,128,E0 01 00 00 00 00 00 00,........,False,True,True
2026-02-11T14:54:00.807163,592.828691,RX,0x000,128,00 38 9B 71 80 02 00 00,.8.q....,False,False,False
2026-02-11T14:54:00.807163,592.828691,RX,0x000,0,,,False,False,False
2026-02-11T14:54:00.807163,592.828691,RX,0x1E0,0,,,False,False,False
2026-02-11T14:54:00.807163,592.828691,RX,0x000,128,E0 01 00 00 00 00 00 00,........,False,True,True
2026-02-11T14:54:00.807163,592.828691,RX,0x000,128,00 38 9B 71 80 02 00 00,.8.q....,False,False,False
2026-02-11T14:54:00.807163,592.828691,RX,0x000,0,,,False,False,False
2026-02-11T14:54:00.808165,592.829693,RX,0x1E0,0,,,False,False,False
2026-02-11T14:54:00.808165,592.829693,RX,0x000,128,E0 01 00 00 00 00 00 00,........,False,True,True
2026-02-11T14:54:00.808165,592.829693,RX,0x000,128,00 38 9B 71 80 02 00 00,.8.q....,False,False,False
2026-02-11T14:54:00.808165,592.829693,RX,0x000,0,,,False,False,False
2026-02-11T14:54:00.808685,592.830213,RX,0x1E0,0,,,False,False,False
2026-02-11T14:54:00.808685,592.830213,RX,0x000,128,E0 01 00 00 00 00 00 00,........,False,True,True
2026-02-11T14:54:00.808685,592.830213,RX,0x000,128,00 38 9B 71 80 02 00 00,.8.q....,False,False,False
2026-02-11T14:54:00.808685,592.830213,RX,0x000,0,,,False,False,False
2026-02-11T14:54:00.808685,592.830213,RX,0x1E0,0,,,False,False,False
2026-02-11T14:54:00.808685,592.830213,RX,0x000,128,E0 01 00 00 00 00 00 00,........,False,True,True
2026-02-11T14:54:00.808685,592.830213,RX,0x000,128,00 38 9B 71 80 02 00 00,.8.q....,False,False,False
2026-02-11T14:54:00.808685,592.830213,RX,0x000,0,,,False,False,False
2026-02-11T14:54:00.808685,592.830213,RX,0x1E0,0,,,False,False,False
2026-02-11T14:54:00.808685,592.830213,RX,0x000,128,E0 01 00 00 00 00 00 00,........,False,True,True
2026-02-11T14:54:00.808685,592.830213,RX,0x000,128,00 38 9B 71 80 02 00 00,.8.q....,False,False,False
2026-02-11T14:54:00.809715,592.830213,RX,0x000,0,,,False,False,False
2026-02-11T14:54:00.809715,592.831244,RX,0x1E0,0,,,False,False,False
2026-02-11T14:54:00.809715,592.831244,RX,0x000,128,E0 01 00 00 00 00 00 00,........,False,True,True
2026-02-11T14:54:00.809715,592.831244,RX,0x000,128,00 38 9B 71 80 02 00 00,.8.q....,False,False,False
2026-02-11T14:54:00.809715,592.831244,RX,0x000,0,,,False,False,False
2026-02-11T14:54:00.809715,592.831244,RX,0x1E0,0,,,False,False,False
2026-02-11T14:54:00.809715,592.831244,RX,0x000,128,E0 01 00 00 00 00 00 00,........,False,True,True
2026-02-11T14:54:00.809715,592.831244,RX,0x000,128,00 38 9B 71 80 02 00 00,.8.q....,False,False,False
2026-02-11T14:54:00.809715,592.831244,RX,0x000,0,,,False,False,False
2026-02-11T14:54:00.809715,592.831244,RX,0x1E0,0,,,False,False,False
2026-02-11T14:54:00.809715,592.831244,RX,0x000,128,E0 01 00 00 00 00 00 00,........,False,True,True
2026-02-11T14:54:00.809715,592.831244,RX,0x000,128,00 38 9B 71 80 02 00 00,.8.q....,False,False,False
2026-02-11T14:54:00.809715,592.831244,RX,0x000,0,,,False,False,False
2026-02-11T14:54:00.809715,592.831244,RX,0x1E0,0,,,False,False,False
2026-02-11T14:54:00.810964,592.832492,RX,0x000,128,E0 01 00 00 00 00 00 00,........,False,True,True
2026-02-11T14:54:00.810964,592.832492,RX,0x000,128,00 38 9B 71 80 02 00 00,.8.q....,False,False,False
2026-02-11T14:54:00.810964,592.832492,RX,0x000,0,,,False,False,False
2026-02-11T14:54:00.810964,592.832492,RX,0x1E0,0,,,False,False,False
2026-02-11T14:54:00.810964,592.832492,RX,0x000,128,E0 01 00 00 00 00 00 00,........,False,True,True
2026-02-11T14:54:00.810964,592.832492,RX,0x000,128,00 38 9B 71 80 02 00 00,.8.q....,False,False,False
2026-02-11T14:54:00.810964,592.832492,RX,0x000,0,,,False,False,False
2026-02-11T14:54:00.811974,592.833503,RX,0x1E0,0,,,False,False,False
2026-02-11T14:54:00.811974,592.833503,RX,0x000,128,E0 01 00 00 00 00 00 00,........,False,True,True
2026-02-11T14:54:00.811974,592.833503,RX,0x000,128,00 38 9B 71 80 02 00 00,.8.q....,False,False,False
2026-02-11T14:54:00.811974,592.833503,RX,0x000,0,,,False,False,False
2026-02-11T14:54:00.811974,592.833503,RX,0x1E0,0,,,False,False,False
2026-02-11T14:54:00.811974,592.833503,RX,0x000,128,E0 01 00 00 00 00 00 00,........,False,True,True
2026-02-11T14:54:00.811974,592.833503,RX,0x000,128,00 38 9B 71 80 02 00 00,.8.q....,False,False,False
2026-02-11T14:54:00.811974,592.833503,RX,0x000,0,,,False,False,False
2026-02-11T14:54:00.811974,592.833503,RX,0x1E0,0,,,False,False,False
2026-02-11T14:54:00.811974,592.833503,RX,0x000,128,E0 01 00 00 00 00 00 00,........,False,True,True
2026-02-11T14:54:00.811974,592.833503,RX,0x000,128,00 38 9B 71 80 02 00 00,.8.q....,False,False,False
2026-02-11T14:54:00.811974,592.833503,RX,0x000,0,,,False,False,False
2026-02-11T14:54:00.811974,592.833503,RX,0x1E0,0,,,False,False,False
2026-02-11T14:54:00.811974,592.833503,RX,0x000,128,E0 01 00 00 00 00 00 00,........,False,True,True
2026-02-11T14:54:00.812984,592.834512,RX,0x000,128,00 38 9B 71 80 02 00 00,.8.q....,False,False,False
2026-02-11T14:54:00.812984,592.834512,RX,0x000,0,,,False,False,False
2026-02-11T14:54:00.812984,592.834512,RX,0x1E0,0,,,False,False,False
2026-02-11T14:54:00.812984,592.834512,RX,0x000,128,E0 01 00 00 00 00 00 00,........,False,True,True
2026-02-11T14:54:00.812984,592.834512,RX,0x000,128,00 38 9B 71 80 02 00 00,.8.q....,False,False,False
2026-02-11T14:54:00.812984,592.834512,RX,0x000,0,,,False,False,False
2026-02-11T14:54:00.812984,592.834512,RX,0x1E0,0,,,False,False,False
2026-02-11T14:54:00.812984,592.834512,RX,0x000,128,E0 01 00 00 00 00 00 00,........,False,True,True
2026-02-11T14:54:00.812984,592.834512,RX,0x000,128,00 38 9B 71 80 02 00 00,.8.q....,False,False,False
2026-02-11T14:54:00.812984,592.834512,RX,0x000,0,,,False,False,False
2026-02-11T14:54:00.812984,592.834512,RX,0x1E0,0,,,False,False,False
2026-02-11T14:54:00.812984,592.834512,RX,0x000,128,E0 01 00 00 00 00 00 00,........,False,True,True
2026-02-11T14:54:00.812984,592.834512,RX,0x000,128,00 38 9B 71 80 02 00 00,.8.q....,False,False,False
2026-02-11T14:54:00.812984,592.834512,RX,0x000,0,,,False,False,False
2026-02-11T14:54:00.812984,592.834512,RX,0x1E0,0,,,False,False,False
2026-02-11T14:54:00.812984,592.834512,RX,0x000,128,E0 01 00 00 00 00 00 00,........,False,True,True
2026-02-11T14:54:00.814004,592.835531,RX,0x000,128,00 38 9B 71 80 02 00 00,.8.q....,False,False,False
2026-02-11T14:54:00.814004,592.835531,RX,0x000,0,,,False,False,False
2026-02-11T14:54:00.814004,592.835531,RX,0x1E0,0,,,False,False,False
2026-02-11T14:54:00.814004,592.835531,RX,0x000,128,E0 01 00 00 00 00 00 00,........,False,True,True
2026-02-11T14:54:00.814004,592.835531,RX,0x000,128,00 38 9B 71 80 02 00 00,.8.q....,False,False,False
2026-02-11T14:54:00.814004,592.835531,RX,0x000,0,,,False,False,False
2026-02-11T14:54:00.814004,592.835531,RX,0x1E0,0,,,False,False,False
2026-02-11T14:54:00.814004,592.835531,RX,0x000,128,E0 01 00 00 00 00 00 00,........,False,True,True
2026-02-11T14:54:00.814004,592.835531,RX,0x000,128,00 38 9B 71 80 02 00 00,.8.q....,False,False,False
2026-02-11T14:54:00.814004,592.835531,RX,0x000,0,,,False,False,False
2026-02-11T14:54:00.814004,592.835531,RX,0x1E0,0,,,False,False,False
2026-02-11T14:54:00.814004,592.835531,RX,0x000,128,E0 01 00 00 00 00 00 00,........,False,True,True
2026-02-11T14:54:00.814004,592.835531,RX,0x000,128,00 38 9B 71 80 02 00 00,.8.q....,False,False,False
2026-02-11T14:54:00.814004,592.835531,RX,0x000,0,,,False,False,False
2026-02-11T14:54:00.814004,592.835531,RX,0x1E0,0,,,False,False,False
2026-02-11T14:54:00.814004,592.835531,RX,0x000,128,E0 01 00 00 00 00 00 00,........,False,True,True
2026-02-11T14:54:00.814004,592.835531,RX,0x000,128,00 38 9B 71 80 02 00 00,.8.q....,False,False,False
2026-02-11T14:54:00.814004,592.835531,RX,0x000,0,,,False,False,False
2026-02-11T14:54:00.815020,592.836548,RX,0x1E0,0,,,False,False,False
2026-02-11T14:54:00.815020,592.836548,RX,0x000,128,E0 01 00 00 00 00 00 00,........,False,True,True
2026-02-11T14:54:00.815020,592.836548,RX,0x000,128,00 38 9B 71 80 02 00 00,.8.q....,False,False,False
2026-02-11T14:54:00.815020,592.836548,RX,0x000,0,,,False,False,False
2026-02-11T14:54:00.815020,592.836548,RX,0x1E0,0,,,False,False,False
2026-02-11T14:54:00.815020,592.836548,RX,0x000,128,E0 01 00 00 00 00 00 00,........,False,True,True
2026-02-11T14:54:00.815020,592.836548,RX,0x000,128,00 38 9B 71 80 02 00 00,.8.q....,False,False,False
2026-02-11T14:54:00.815020,592.836548,RX,0x000,0,,,False,False,False
2026-02-11T14:54:00.815020,592.836548,RX,0x1E0,0,,,False,False,False
2026-02-11T14:54:00.815020,592.836548,RX,0x000,128,E0 01 00 00 00 00 00 00,........,False,True,True
2026-02-11T14:54:00.815020,592.836548,RX,0x000,128,00 38 9B 71 80 02 00 00,.8.q....,False,False,False
2026-02-11T14:54:00.815020,592.836548,RX,0x000,0,,,False,False,False
2026-02-11T14:54:00.815020,592.836548,RX,0x1E0,0,,,False,False,False
2026-02-11T14:54:00.815020,592.836548,RX,0x000,128,E0 01 00 00 00 00 00 00,........,False,True,True
2026-02-11T14:54:00.815020,592.836548,RX,0x000,128,00 38 9B 71 80 02 00 00,.8.q....,False,False,False
2026-02-11T14:54:00.815020,592.836548,RX,0x000,0,,,False,False,False
2026-02-11T14:54:00.815020,592.836548,RX,0x1E0,0,,,False,False,False
2026-02-11T14:54:00.815020,592.836548,RX,0x000,128,E0 01 00 00 00 00 00 00,........,False,True,True
2026-02-11T14:54:00.815020,592.836548,RX,0x000,128,00 38 9B 71 80 02 00 00,.8.q....,False,False,False
2026-02-11T14:54:00.816036,592.837564,RX,0x000,0,,,False,False,False
2026-02-11T14:54:00.816036,592.837564,RX,0x1E0,0,,,False,False,False
2026-02-11T14:54:00.816036,592.837564,RX,0x000,128,E0 01 00 00 00 00 00 00,........,False,True,True
2026-02-11T14:54:00.816036,592.837564,RX,0x000,128,00 38 9B 71 80 02 00 00,.8.q....,False,False,False
2026-02-11T14:54:00.816036,592.837564,RX,0x000,0,,,False,False,False
2026-02-11T14:54:00.816036,592.837564,RX,0x1E0,0,,,False,False,False
2026-02-11T14:54:00.816036,592.837564,RX,0x000,128,E0 01 00 00 00 00 00 00,........,False,True,True
2026-02-11T14:54:00.816036,592.837564,RX,0x000,128,00 38 9B 71 80 02 00 00,.8.q....,False,False,False
2026-02-11T14:54:00.816036,592.837564,RX,0x000,0,,,False,False,False
2026-02-11T14:54:00.816036,592.837564,RX,0x1E0,0,,,False,False,False
2026-02-11T14:54:00.816036,592.837564,RX,0x000,128,E0 01 00 00 00 00 00 00,........,False,True,True
2026-02-11T14:54:00.816036,592.837564,RX,0x000,128,00 38 9B 71 80 02 00 00,.8.q....,False,False,False
2026-02-11T14:54:00.817053,592.838581,RX,0x000,0,,,False,False,False
2026-02-11T14:54:00.817053,592.838581,RX,0x1E0,0,,,False,False,False
2026-02-11T14:54:00.817053,592.838581,RX,0x000,128,E0 01 00 00 00 00 00 00,........,False,True,True
2026-02-11T14:54:00.817053,592.838581,RX,0x000,128,00 38 9B 71 80 02 00 00,.8.q....,False,False,False
2026-02-11T14:54:00.817053,592.838581,RX,0x000,0,,,False,False,False
2026-02-11T14:54:00.817053,592.838581,RX,0x1E0,0,,,False,False,False
2026-02-11T14:54:00.817053,592.838581,RX,0x000,128,E0 01 00 00 00 00 00 00,........,False,True,True
2026-02-11T14:54:00.817053,592.838581,RX,0x000,128,00 38 9B 71 80 02 00 00,.8.q....,False,False,False
2026-02-11T14:54:00.817053,592.838581,RX,0x000,0,,,False,False,False
2026-02-11T14:54:00.817053,592.838581,RX,0x1E0,0,,,False,False,False
2026-02-11T14:54:00.817053,592.838581,RX,0x000,128,E0 01 00 00 00 00 00 00,........,False,True,True
2026-02-11T14:54:00.817053,592.838581,RX,0x000,128,00 38 9B 71 80 02 00 00,.8.q....,False,False,False
2026-02-11T14:54:00.817053,592.838581,RX,0x000,0,,,False,False,False
2026-02-11T14:54:00.817053,592.838581,RX,0x1E0,0,,,False,False,False
2026-02-11T14:54:00.818053,592.839581,RX,0x000,128,E0 01 00 00 00 00 00 00,........,False,True,True
2026-02-11T14:54:00.818053,592.839581,RX,0x000,128,00 38 9B 71 80 02 00 00,.8.q....,False,False,False
2026-02-11T14:54:00.818053,592.839581,RX,0x000,0,,,False,False,False
2026-02-11T14:54:00.818053,592.839581,RX,0x1E0,0,,,False,False,False
2026-02-11T14:54:00.818567,592.840095,RX,0x000,128,E0 01 00 00 00 00 00 00,........,False,True,True
2026-02-11T14:54:00.818567,592.840095,RX,0x000,128,00 38 9B 71 80 02 00 00,.8.q....,False,False,False
2026-02-11T14:54:00.818567,592.840095,RX,0x000,0,,,False,False,False
2026-02-11T14:54:00.818567,592.840095,RX,0x1E0,0,,,False,False,False
2026-02-11T14:54:00.818567,592.840095,RX,0x000,128,E0 01 00 00 00 00 00 00,........,False,True,True
2026-02-11T14:54:00.818567,592.840095,RX,0x000,128,00 38 9B 71 80 02 00 00,.8.q....,False,False,False
2026-02-11T14:54:00.818567,592.840095,RX,0x000,0,,,False,False,False
2026-02-11T14:54:00.818567,592.840095,RX,0x1E0,0,,,False,False,False
2026-02-11T14:54:00.818567,592.840095,RX,0x000,128,E0 01 00 00 00 00 00 00,........,False,True,True
2026-02-11T14:54:00.818567,592.840095,RX,0x000,128,00 38 9B 71 80 02 00 00,.8.q....,False,False,False
2026-02-11T14:54:00.818567,592.840095,RX,0x000,0,,,False,False,False
2026-02-11T14:54:00.818567,592.840095,RX,0x1E0,0,,,False,False,False
2026-02-11T14:54:00.819589,592.841117,RX,0x000,128,E0 01 00 00 00 00 00 00,........,False,True,True
2026-02-11T14:54:00.819589,592.841117,RX,0x000,128,00 38 9B 71 80 02 00 00,.8.q....,False,False,False
2026-02-11T14:54:00.819589,592.841117,RX,0x000,0,,,False,False,False
2026-02-11T14:54:00.819589,592.841117,RX,0x1E0,0,,,False,False,False
2026-02-11T14:54:00.819589,592.841117,RX,0x000,128,E0 01 00 00 00 00 00 00,........,False,True,True
2026-02-11T14:54:00.819589,592.841117,RX,0x000,128,00 38 9B 71 80 02 00 00,.8.q....,False,False,False
2026-02-11T14:54:00.819589,592.841117,RX,0x000,0,,,False,False,False
2026-02-11T14:54:00.819589,592.841117,RX,0x1E0,0,,,False,False,False
2026-02-11T14:54:00.819589,592.841117,RX,0x000,128,E0 01 00 00 00 00 00 00,........,False,True,True
2026-02-11T14:54:00.819589,592.841117,RX,0x000,128,00 38 9B 71 80 02 00 00,.8.q....,False,False,False
2026-02-11T14:54:00.819589,592.841117,RX,0x000,0,,,False,False,False
2026-02-11T14:54:00.819589,592.841117,RX,0x1E0,0,,,False,False,False
2026-02-11T14:54:00.819589,592.841117,RX,0x000,128,E0 01 00 00 00 00 00 00,........,False,True,True
2026-02-11T14:54:00.819589,592.841117,RX,0x000,128,00 38 9B 71 80 02 00 00,.8.q....,False,False,False
2026-02-11T14:54:00.819589,592.841117,RX,0x000,0,,,False,False,False
2026-02-11T14:54:00.819589,592.841117,RX,0x1E0,0,,,False,False,False
2026-02-11T14:54:00.819589,592.841117,RX,0x000,128,E0 01 00 00 00 00 00 00,........,False,True,True
2026-02-11T14:54:00.819589,592.841117,RX,0x000,128,00 38 9B 71 80 02 00 00,.8.q....,False,False,False
2026-02-11T14:54:00.819589,592.841117,RX,0x000,0,,,False,False,False
2026-02-11T14:54:00.821024,592.842552,RX,0x1E0,0,,,False,False,False
2026-02-11T14:54:00.821024,592.842552,RX,0x000,128,E0 01 00 00 00 00 00 00,........,False,True,True
2026-02-11T14:54:00.821024,592.842552,RX,0x000,128,00 38 9B 71 80 02 00 00,.8.q....,False,False,False
2026-02-11T14:54:00.821024,592.842552,RX,0x000,0,,,False,False,False
2026-02-11T14:54:00.821024,592.842552,RX,0x1E0,0,,,False,False,False
2026-02-11T14:54:00.821024,592.842552,RX,0x000,128,E0 01 00 00 00 00 00 00,........,False,True,True
2026-02-11T14:54:00.821024,592.842552,RX,0x000,128,00 38 9B 71 80 02 00 00,.8.q....,False,False,False
2026-02-11T14:54:00.821024,592.842552,RX,0x000,0,,,False,False,False
2026-02-11T14:54:00.821024,592.842552,RX,0x1E0,0,,,False,False,False
2026-02-11T14:54:00.821024,592.842552,RX,0x000,128,E0 01 00 00 00 00 00 00,........,False,True,True
2026-02-11T14:54:00.821024,592.842552,RX,0x000,128,00 38 9B 71 80 02 00 00,.8.q....,False,False,False
2026-02-11T14:54:00.821024,592.842552,RX,0x000,0,,,False,False,False
2026-02-11T14:54:00.821024,592.842552,RX,0x1E0,0,,,False,False,False
2026-02-11T14:54:00.821024,592.842552,RX,0x000,128,E0 01 00 00 00 00 00 00,........,False,True,True
2026-02-11T14:54:00.821024,592.842552,RX,0x000,128,00 38 9B 71 80 02 00 00,.8.q....,False,False,False
2026-02-11T14:54:00.821024,592.842552,RX,0x000,0,,,False,False,False
2026-02-11T14:54:00.821024,592.842552,RX,0x1E0,0,,,False,False,False
2026-02-11T14:54:00.821024,592.842552,RX,0x000,128,E0 01 00 00 00 00 00 00,........,False,True,True
2026-02-11T14:54:00.822054,592.843582,RX,0x000,128,00 38 9B 71 80 02 00 00,.8.q....,False,False,False
2026-02-11T14:54:00.822054,592.843582,RX,0x000,0,,,False,False,False
2026-02-11T14:54:00.822054,592.843582,RX,0x1E0,0,,,False,False,False
2026-02-11T14:54:00.822054,592.843582,RX,0x000,128,E0 01 00 00 00 00 00 00,........,False,True,True
2026-02-11T14:54:00.822054,592.843582,RX,0x000,128,00 38 9B 71 80 02 00 00,.8.q....,False,False,False
2026-02-11T14:54:00.822054,592.843582,RX,0x000,0,,,False,False,False
2026-02-11T14:54:00.822054,592.843582,RX,0x1E0,0,,,False,False,False
2026-02-11T14:54:00.822054,592.843582,RX,0x000,128,E0 01 00 00 00 00 00 00,........,False,True,True
2026-02-11T14:54:00.822054,592.843582,RX,0x000,128,00 38 9B 71 80 02 00 00,.8.q....,False,False,False
2026-02-11T14:54:00.822054,592.843582,RX,0x000,0,,,False,False,False
2026-02-11T14:54:00.822054,592.843582,RX,0x1E0,0,,,False,False,False
2026-02-11T14:54:00.822054,592.843582,RX,0x000,128,E0 01 00 00 00 00 00 00,........,False,True,True
2026-02-11T14:54:00.822054,592.843582,RX,0x000,128,00 38 9B 71 80 02 00 00,.8.q....,False,False,False
2026-02-11T14:54:00.822054,592.843582,RX,0x000,0,,,False,False,False
2026-02-11T14:54:00.822054,592.843582,RX,0x1E0,0,,,False,False,False
2026-02-11T14:54:00.822054,592.843582,RX,0x000,128,E0 01 00 00 00 00 00 00,........,False,True,True
2026-02-11T14:54:00.822054,592.843582,RX,0x000,128,00 38 9B 71 80 02 00 00,.8.q....,False,False,False
2026-02-11T14:54:00.823073,592.844601,RX,0x000,0,,,False,False,False
2026-02-11T14:54:00.823073,592.844601,RX,0x1E0,0,,,False,False,False
2026-02-11T14:54:00.823073,592.844601,RX,0x000,128,E0 01 00 00 00 00 00 00,........,False,True,True
2026-02-11T14:54:00.823073,592.844601,RX,0x000,128,00 38 9B 71 80 02 00 00,.8.q....,False,False,False
2026-02-11T14:54:00.823073,592.844601,RX,0x000,0,,,False,False,False
2026-02-11T14:54:00.823073,592.844601,RX,0x1E0,0,,,False,False,False
2026-02-11T14:54:00.823073,592.844601,RX,0x000,128,E0 01 00 00 00 00 00 00,........,False,True,True
2026-02-11T14:54:00.823073,592.844601,RX,0x000,128,00 38 9B 71 80 02 00 00,.8.q....,False,False,False
2026-02-11T14:54:00.823073,592.844601,RX,0x000,0,,,False,False,False
2026-02-11T14:54:00.824278,592.845806,RX,0x1E0,0,,,False,False,False
2026-02-11T14:54:00.825299,592.846827,RX,0x000,128,E0 01 00 00 00 00 00 00,........,False,True,True
2026-02-11T14:54:00.825299,592.846827,RX,0x000,128,00 38 9B 71 80 02 00 00,.8.q....,False,False,False
2026-02-11T14:54:00.825299,592.846827,RX,0x000,0,,,False,False,False
2026-02-11T14:54:00.825299,592.846827,RX,0x1E0,0,,,False,False,False
2026-02-11T14:54:00.826319,592.847847,RX,0x000,128,E0 01 00 00 00 00 00 00,........,False,True,True
2026-02-11T14:54:00.826319,592.847847,RX,0x000,128,00 38 9B 71 80 02 00 00,.8.q....,False,False,False
2026-02-11T14:54:00.826319,592.847847,RX,0x000,0,,,False,False,False
2026-02-11T14:54:00.827334,592.848862,RX,0x1E0,0,,,False,False,False
2026-02-11T14:54:00.827334,592.848862,RX,0x000,128,E0 01 00 00 00 00 00 00,........,False,True,True
2026-02-11T14:54:00.827334,592.848862,RX,0x000,128,00 38 9B 71 80 02 00 00,.8.q....,False,False,False
2026-02-11T14:54:00.827334,592.848862,RX,0x000,0,,,False,False,False
2026-02-11T14:54:00.827334,592.848862,RX,0x1E0,0,,,False,False,False
2026-02-11T14:54:00.827334,592.848862,RX,0x000,128,E0 01 00 00 00 00 00 00,........,False,True,True
2026-02-11T14:54:00.827334,592.848862,RX,0x000,128,00 38 9B 71 80 02 00 00,.8.q....,False,False,False
2026-02-11T14:54:00.828335,592.849863,RX,0x000,0,,,False,False,False
2026-02-11T14:54:00.828335,592.849863,RX,0x1E0,0,,,False,False,False
2026-02-11T14:54:00.828335,592.849863,RX,0x000,128,E0 01 00 00 00 00 00 00,........,False,True,True
2026-02-11T14:54:00.828335,592.849863,RX,0x000,128,00 38 9B 71 80 02 00 00,.8.q....,False,False,False
2026-02-11T14:54:00.828844,592.850372,RX,0x000,0,,,False,False,False
2026-02-11T14:54:00.828844,592.850372,RX,0x1E0,0,,,False,False,False
2026-02-11T14:54:00.828844,592.850372,RX,0x000,128,E0 01 00 00 00 00 00 00,........,False,True,True
2026-02-11T14:54:00.828844,592.850372,RX,0x000,128,00 38 9B 71 80 02 00 00,.8.q....,False,False,False
2026-02-11T14:54:00.828844,592.850372,RX,0x000,0,,,False,False,False
2026-02-11T14:54:00.829858,592.851386,RX,0x1E0,0,,,False,False,False
2026-02-11T14:54:00.829858,592.851386,RX,0x000,128,E0 01 00 00 00 00 00 00,........,False,True,True
2026-02-11T14:54:00.831303,592.852831,RX,0x000,128,00 38 9B 71 80 02 00 00,.8.q....,False,False,False
2026-02-11T14:54:00.831303,592.852831,RX,0x000,0,,,False,False,False
2026-02-11T14:54:00.831303,592.852831,RX,0x1E0,0,,,False,False,False
2026-02-11T14:54:00.831303,592.852831,RX,0x000,128,E0 01 00 00 00 00 00 00,........,False,True,True
2026-02-11T14:54:00.831303,592.852831,RX,0x000,128,00 38 9B 71 80 02 00 00,.8.q....,False,False,False
2026-02-11T14:54:00.831303,592.852831,RX,0x000,0,,,False,False,False
2026-02-11T14:54:00.832314,592.853842,RX,0x1E0,0,,,False,False,False
2026-02-11T14:54:00.832314,592.853842,RX,0x000,128,E0 01 00 00 00 00 00 00,........,False,True,True
2026-02-11T14:54:00.832314,592.853842,RX,0x000,128,00 38 9B 71 80 02 00 00,.8.q....,False,False,False
2026-02-11T14:54:00.832314,592.853842,RX,0x000,0,,,False,False,False
2026-02-11T14:54:00.832314,592.853842,RX,0x1E0,0,,,False,False,False
2026-02-11T14:54:00.832314,592.853842,RX,0x000,128,E0 01 00 00 00 00 00 00,........,False,True,True
2026-02-11T14:54:00.832314,592.853842,RX,0x000,128,00 38 9B 71 80 02 00 00,.8.q....,False,False,False
2026-02-11T14:54:00.832314,592.853842,RX,0x000,0,,,False,False,False
2026-02-11T14:54:00.832314,592.853842,RX,0x1E0,0,,,False,False,False
2026-02-11T14:54:00.832314,592.853842,RX,0x000,128,E0 01 00 00 00 00 00 00,........,False,True,True
2026-02-11T14:54:00.832314,592.853842,RX,0x000,128,00 38 9B 71 80 02 00 00,.8.q....,False,False,False
2026-02-11T14:54:00.832314,592.853842,RX,0x000,0,,,False,False,False
2026-02-11T14:54:00.832314,592.853842,RX,0x1E0,0,,,False,False,False
2026-02-11T14:54:00.833319,592.854847,RX,0x000,128,E0 01 00 00 00 00 00 00,........,False,True,True
2026-02-11T14:54:00.833319,592.854847,RX,0x000,128,00 38 9B 71 80 02 00 00,.8.q....,False,False,False
2026-02-11T14:54:00.833319,592.854847,RX,0x000,0,,,False,False,False
2026-02-11T14:54:00.833319,592.854847,RX,0x1E0,0,,,False,False,False
2026-02-11T14:54:00.833319,592.854847,RX,0x000,128,E0 01 00 00 00 00 00 00,........,False,True,True
2026-02-11T14:54:00.833319,592.854847,RX,0x000,128,00 38 9B 71 80 02 00 00,.8.q....,False,False,False
2026-02-11T14:54:00.833319,592.854847,RX,0x000,0,,,False,False,False
2026-02-11T14:54:00.833319,592.854847,RX,0x1E0,0,,,False,False,False
2026-02-11T14:54:00.833319,592.854847,RX,0x000,128,E0 01 00 00 00 00 00 00,........,False,True,True
2026-02-11T14:54:00.833319,592.854847,RX,0x000,128,00 38 9B 71 80 02 00 00,.8.q....,False,False,False
2026-02-11T14:54:00.833319,592.854847,RX,0x000,0,,,False,False,False
2026-02-11T14:54:00.833319,592.854847,RX,0x1E0,0,,,False,False,False
2026-02-11T14:54:00.833319,592.854847,RX,0x000,128,E0 01 00 00 00 00 00 00,........,False,True,True
2026-02-11T14:54:00.833319,592.854847,RX,0x000,128,00 38 9B 71 80 02 00 00,.8.q....,False,False,False
2026-02-11T14:54:00.833319,592.854847,RX,0x000,0,,,False,False,False
2026-02-11T14:54:00.833319,592.854847,RX,0x1E0,0,,,False,False,False
2026-02-11T14:54:00.833319,592.854847,RX,0x000,128,E0 01 00 00 00 00 00 00,........,False,True,True
2026-02-11T14:54:00.833319,592.854847,RX,0x000,128,00 38 9B 71 80 02 00 00,.8.q....,False,False,False
2026-02-11T14:54:00.833319,592.854847,RX,0x000,0,,,False,False,False
2026-02-11T14:54:00.833319,592.854847,RX,0x1E0,0,,,False,False,False
2026-02-11T14:54:00.833319,592.854847,RX,0x000,128,E0 01 00 00 00 00 00 00,........,False,True,True
2026-02-11T14:54:00.834357,592.855885,RX,0x000,128,00 38 9B 71 80 02 00 00,.8.q....,False,False,False
2026-02-11T14:54:00.834357,592.855885,RX,0x000,0,,,False,False,False
2026-02-11T14:54:00.834357,592.855885,RX,0x1E0,0,,,False,False,False
2026-02-11T14:54:00.834357,592.855885,RX,0x000,128,E0 01 00 00 00 00 00 00,........,False,True,True
2026-02-11T14:54:00.834357,592.855885,RX,0x000,128,00 38 9B 71 80 02 00 00,.8.q....,False,False,False
2026-02-11T14:54:00.834357,592.855885,RX,0x000,0,,,False,False,False
2026-02-11T14:54:00.834357,592.855885,RX,0x1E0,0,,,False,False,False
2026-02-11T14:54:00.834357,592.855885,RX,0x000,128,E0 01 00 00 00 00 00 00,........,False,True,True
2026-02-11T14:54:00.834357,592.855885,RX,0x000,128,00 38 9B 71 80 02 00 00,.8.q....,False,False,False
2026-02-11T14:54:00.834357,592.855885,RX,0x000,0,,,False,False,False
2026-02-11T14:54:00.834357,592.855885,RX,0x1E0,0,,,False,False,False
2026-02-11T14:54:00.834357,592.855885,RX,0x000,128,E0 01 00 00 00 00 00 00,........,False,True,True
2026-02-11T14:54:00.834357,592.855885,RX,0x000,128,00 38 9B 71 80 02 00 00,.8.q....,False,False,False
2026-02-11T14:54:00.834357,592.855885,RX,0x000,0,,,False,False,False
2026-02-11T14:54:00.834357,592.855885,RX,0x1E0,0,,,False,False,False
2026-02-11T14:54:00.834357,592.855885,RX,0x000,128,E0 01 00 00 00 00 00 00,........,False,True,True
2026-02-11T14:54:00.834357,592.855885,RX,0x000,128,00 38 9B 71 80 02 00 00,.8.q....,False,False,False
2026-02-11T14:54:00.834357,592.855885,RX,0x000,0,,,False,False,False
2026-02-11T14:54:00.834357,592.855885,RX,0x1E0,0,,,False,False,False
2026-02-11T14:54:00.834357,592.855885,RX,0x000,128,E0 01 00 00 00 00 00 00,........,False,True,True
2026-02-11T14:54:00.834357,592.855885,RX,0x000,128,00 38 9B 71 80 02 00 00,.8.q....,False,False,False
2026-02-11T14:54:00.835521,592.857049,RX,0x000,0,,,False,False,False
2026-02-11T14:54:00.835521,592.857049,RX,0x1E0,0,,,False,False,False
2026-02-11T14:54:00.835521,592.857049,RX,0x000,128,E0 01 00 00 00 00 00 00,........,False,True,True
2026-02-11T14:54:00.835521,592.857049,RX,0x000,128,00 38 9B 71 80 02 00 00,.8.q....,False,False,False
2026-02-11T14:54:00.835521,592.857049,RX,0x000,0,,,False,False,False
2026-02-11T14:54:00.835521,592.857049,RX,0x1E0,0,,,False,False,False
2026-02-11T14:54:00.835521,592.857049,RX,0x000,128,E0 01 00 00 00 00 00 00,........,False,True,True
2026-02-11T14:54:00.835521,592.857049,RX,0x000,128,00 38 9B 71 80 02 00 00,.8.q....,False,False,False
2026-02-11T14:54:00.835521,592.857049,RX,0x000,0,,,False,False,False
2026-02-11T14:54:00.835521,592.857049,RX,0x1E0,0,,,False,False,False
2026-02-11T14:54:00.835521,592.857049,RX,0x000,128,E0 01 00 00 00 00 00 00,........,False,True,True
2026-02-11T14:54:00.835521,592.857049,RX,0x000,128,00 38 9B 71 80 02 00 00,.8.q....,False,False,False
2026-02-11T14:54:00.835521,592.857049,RX,0x000,0,,,False,False,False
2026-02-11T14:54:00.835521,592.857049,RX,0x1E0,0,,,False,False,False
2026-02-11T14:54:00.836569,592.858097,RX,0x000,128,E0 01 00 00 00 00 00 00,........,False,True,True
2026-02-11T14:54:00.836569,592.858097,RX,0x000,128,00 38 9B 71 80 02 00 00,.8.q....,False,False,False
2026-02-11T14:54:00.836569,592.858097,RX,0x000,0,,,False,False,False
2026-02-11T14:54:00.836569,592.858097,RX,0x1E0,0,,,False,False,False
2026-02-11T14:54:00.836569,592.858097,RX,0x000,128,E0 01 00 00 00 00 00 00,........,False,True,True
2026-02-11T14:54:00.836569,592.858097,RX,0x000,128,00 38 9B 71 80 02 00 00,.8.q....,False,False,False
2026-02-11T14:54:00.836569,592.858097,RX,0x000,0,,,False,False,False
2026-02-11T14:54:00.836569,592.858097,RX,0x1E0,0,,,False,False,False
2026-02-11T14:54:00.836569,592.858097,RX,0x000,128,E0 01 00 00 00 00 00 00,........,False,True,True
2026-02-11T14:54:00.836569,592.858097,RX,0x000,128,00 38 9B 71 80 02 00 00,.8.q....,False,False,False
2026-02-11T14:54:00.836569,592.858097,RX,0x000,0,,,False,False,False
2026-02-11T14:54:00.836569,592.858097,RX,0x1E0,0,,,False,False,False
2026-02-11T14:54:00.836569,592.858097,RX,0x000,128,E0 01 00 00 00 00 00 00,........,False,True,True
2026-02-11T14:54:00.836569,592.858097,RX,0x000,128,00 38 9B 71 80 02 00 00,.8.q....,False,False,False
2026-02-11T14:54:00.836569,592.858097,RX,0x000,0,,,False,False,False
2026-02-11T14:54:00.836569,592.858097,RX,0x1E0,0,,,False,False,False
2026-02-11T14:54:00.836569,592.858097,RX,0x000,128,E0 01 00 00 00 00 00 00,........,False,True,True
2026-02-11T14:54:00.836569,592.858097,RX,0x000,128,00 38 9B 71 80 02 00 00,.8.q....,False,False,False
2026-02-11T14:54:00.836569,592.858097,RX,0x000,0,,,False,False,False
2026-02-11T14:54:00.836569,592.858097,RX,0x1E0,0,,,False,False,False
2026-02-11T14:54:00.838084,592.859612,RX,0x000,128,E0 01 00 00 00 00 00 00,........,False,True,True
2026-02-11T14:54:00.838084,592.859612,RX,0x000,128,00 38 9B 71 80 02 00 00,.8.q....,False,False,False
2026-02-11T14:54:00.838084,592.859612,RX,0x000,0,,,False,False,False
2026-02-11T14:54:00.838084,592.859612,RX,0x1E0,0,,,False,False,False
2026-02-11T14:54:00.838084,592.859612,RX,0x000,128,E0 01 00 00 00 00 00 00,........,False,True,True
2026-02-11T14:54:00.838084,592.859612,RX,0x000,128,00 38 9B 71 80 02 00 00,.8.q....,False,False,False
2026-02-11T14:54:00.838084,592.859612,RX,0x000,0,,,False,False,False
2026-02-11T14:54:00.838084,592.859612,RX,0x1E0,0,,,False,False,False
2026-02-11T14:54:00.838084,592.859612,RX,0x000,128,E0 01 00 00 00 00 00 00,........,False,True,True
2026-02-11T14:54:00.838084,592.859612,RX,0x000,128,00 38 9B 71 80 02 00 00,.8.q....,False,False,False
2026-02-11T14:54:00.838084,592.859612,RX,0x000,0,,,False,False,False
2026-02-11T14:54:00.838084,592.859612,RX,0x1E0,0,,,False,False,False
2026-02-11T14:54:00.838084,592.859612,RX,0x000,128,E0 01 00 00 00 00 00 00,........,False,True,True
2026-02-11T14:54:00.839293,592.860821,RX,0x000,128,00 38 9B 71 80 02 00 00,.8.q....,False,False,False
2026-02-11T14:54:00.839293,592.860821,RX,0x000,0,,,False,False,False
2026-02-11T14:54:00.839293,592.860821,RX,0x1E0,0,,,False,False,False
2026-02-11T14:54:00.839293,592.860821,RX,0x000,128,E0 01 00 00 00 00 00 00,........,False,True,True
2026-02-11T14:54:00.839293,592.860821,RX,0x000,128,00 38 9B 71 80 02 00 00,.8.q....,False,False,False
2026-02-11T14:54:00.839293,592.860821,RX,0x000,0,,,False,False,False
2026-02-11T14:54:00.839293,592.860821,RX,0x1E0,0,,,False,False,False
2026-02-11T14:54:00.839293,592.860821,RX,0x000,128,E0 01 00 00 00 00 00 00,........,False,True,True
2026-02-11T14:54:00.839293,592.860821,RX,0x000,128,00 38 9B 71 80 02 00 00,.8.q....,False,False,False
2026-02-11T14:54:00.839293,592.860821,RX,0x000,0,,,False,False,False
2026-02-11T14:54:00.839293,592.860821,RX,0x1E0,0,,,False,False,False
2026-02-11T14:54:00.839293,592.860821,RX,0x000,128,E0 01 00 00 00 00 00 00,........,False,True,True
2026-02-11T14:54:00.840311,592.861839,RX,0x000,128,00 38 9B 71 80 02 00 00,.8.q....,False,False,False
2026-02-11T14:54:00.840311,592.861839,RX,0x000,0,,,False,False,False
2026-02-11T14:54:00.840311,592.861839,RX,0x1E0,0,,,False,False,False
2026-02-11T14:54:00.840311,592.861839,RX,0x000,128,E0 01 00 00 00 00 00 00,........,False,True,True
2026-02-11T14:54:00.840311,592.861839,RX,0x000,128,00 38 9B 71 80 02 00 00,.8.q....,False,False,False
2026-02-11T14:54:00.840311,592.861839,RX,0x000,0,,,False,False,False
2026-02-11T14:54:00.840311,592.861839,RX,0x1E0,0,,,False,False,False
2026-02-11T14:54:00.840311,592.861839,RX,0x000,128,E0 01 00 00 00 00 00 00,........,False,True,True
2026-02-11T14:54:00.840311,592.861839,RX,0x000,128,00 38 9B 71 80 02 00 00,.8.q....,False,False,False
2026-02-11T14:54:00.840311,592.861839,RX,0x000,0,,,False,False,False
2026-02-11T14:54:00.840311,592.861839,RX,0x1E0,0,,,False,False,False
2026-02-11T14:54:00.840311,592.861839,RX,0x000,128,E0 01 00 00 00 00 00 00,........,False,True,True
2026-02-11T14:54:00.840311,592.861839,RX,0x000,128,00 38 9B 71 80 02 00 00,.8.q....,False,False,False
2026-02-11T14:54:00.841334,592.861839,RX,0x000,0,,,False,False,False
2026-02-11T14:54:00.841334,592.862862,RX,0x1E0,0,,,False,False,False
2026-02-11T14:54:00.841334,592.862862,RX,0x000,128,E0 01 00 00 00 00 00 00,........,False,True,True
2026-02-11T14:54:00.841334,592.862862,RX,0x000,128,00 38 9B 71 80 02 00 00,.8.q....,False,False,False
2026-02-11T14:54:00.841334,592.862862,RX,0x000,0,,,False,False,False
2026-02-11T14:54:00.841334,592.862862,RX,0x1E0,0,,,False,False,False
2026-02-11T14:54:00.841334,592.862862,RX,0x000,128,E0 01 00 00 00 00 00 00,........,False,True,True
2026-02-11T14:54:00.841334,592.862862,RX,0x000,128,00 38 9B 71 80 02 00 00,.8.q....,False,False,False
2026-02-11T14:54:00.841334,592.862862,RX,0x000,0,,,False,False,False
2026-02-11T14:54:00.841334,592.862862,RX,0x1E0,0,,,False,False,False
2026-02-11T14:54:00.841334,592.862862,RX,0x000,128,E0 01 00 00 00 00 00 00,........,False,True,True
2026-02-11T14:54:00.842475,592.864002,RX,0x000,128,00 38 9B 71 80 02 00 00,.8.q....,False,False,False
2026-02-11T14:54:00.842475,592.864002,RX,0x000,0,,,False,False,False
2026-02-11T14:54:00.842475,592.864002,RX,0x1E0,0,,,False,False,False
2026-02-11T14:54:00.842475,592.864002,RX,0x000,128,E0 01 00 00 00 00 00 00,........,False,True,True
2026-02-11T14:54:00.842475,592.864002,RX,0x000,128,00 38 9B 71 80 02 00 00,.8.q....,False,False,False
2026-02-11T14:54:00.842475,592.864002,RX,0x000,0,,,False,False,False
2026-02-11T14:54:00.842475,592.864002,RX,0x1E0,0,,,False,False,False
2026-02-11T14:54:00.842475,592.864002,RX,0x000,128,E0 01 00 00 00 00 00 00,........,False,True,True
2026-02-11T14:54:00.842475,592.864002,RX,0x000,128,00 38 9B 71 80 02 00 00,.8.q....,False,False,False
2026-02-11T14:54:00.842475,592.864002,RX,0x000,0,,,False,False,False
2026-02-11T14:54:00.842475,592.864002,RX,0x1E0,0,,,False,False,False
2026-02-11T14:54:00.842475,592.864002,RX,0x000,128,E0 01 00 00 00 00 00 00,........,False,True,True
2026-02-11T14:54:00.842475,592.864002,RX,0x000,128,00 38 9B 71 80 02 00 00,.8.q....,False,False,False
2026-02-11T14:54:00.842475,592.864002,RX,0x000,0,,,False,False,False
2026-02-11T14:54:00.842475,592.864002,RX,0x1E0,0,,,False,False,False
2026-02-11T14:54:00.842475,592.864002,RX,0x000,128,E0 01 00 00 00 00 00 00,........,False,True,True
2026-02-11T14:54:00.842475,592.864002,RX,0x000,128,00 38 9B 71 80 02 00 00,.8.q....,False,False,False
2026-02-11T14:54:00.842475,592.864002,RX,0x000,0,,,False,False,False
2026-02-11T14:54:00.842475,592.864002,RX,0x1E0,0,,,False,False,False
2026-02-11T14:54:00.842475,592.864002,RX,0x000,128,E0 01 00 00 00 00 00 00,........,False,True,True
2026-02-11T14:54:00.843498,592.865026,RX,0x000,128,00 38 9B 71 80 02 00 00,.8.q....,False,False,False
2026-02-11T14:54:00.843498,592.865026,RX,0x000,0,,,False,False,False
2026-02-11T14:54:00.843498,592.865026,RX,0x1E0,0,,,False,False,False
2026-02-11T14:54:00.843498,592.865026,RX,0x000,128,E0 01 00 00 00 00 00 00,........,False,True,True
2026-02-11T14:54:00.843498,592.865026,RX,0x000,128,00 38 9B 71 80 02 00 00,.8.q....,False,False,False
2026-02-11T14:54:00.843498,592.865026,RX,0x000,0,,,False,False,False
2026-02-11T14:54:00.843498,592.865026,RX,0x1E0,0,,,False,False,False
2026-02-11T14:54:00.843498,592.865026,RX,0x000,128,E0 01 00 00 00 00 00 00,........,False,True,True
2026-02-11T14:54:00.843498,592.865026,RX,0x000,128,00 38 9B 71 80 02 00 00,.8.q....,False,False,False
2026-02-11T14:54:00.843498,592.865026,RX,0x000,0,,,False,False,False
2026-02-11T14:54:00.843498,592.865026,RX,0x1E0,0,,,False,False,False
2026-02-11T14:54:00.843498,592.865026,RX,0x000,128,E0 01 00 00 00 00 00 00,........,False,True,True
2026-02-11T14:54:00.843498,592.865026,RX,0x000,128,00 38 9B 71 80 02 00 00,.8.q....,False,False,False
2026-02-11T14:54:00.843498,592.865026,RX,0x000,0,,,False,False,False
2026-02-11T14:54:00.843498,592.865026,RX,0x1E0,0,,,False,False,False
2026-02-11T14:54:00.843498,592.865026,RX,0x000,128,E0 01 00 00 00 00 00 00,........,False,True,True
2026-02-11T14:54:00.843498,592.865026,RX,0x000,128,00 38 9B 71 80 02 00 00,.8.q....,False,False,False
2026-02-11T14:54:00.843498,592.865026,RX,0x000,0,,,False,False,False
2026-02-11T14:54:00.843498,592.865026,RX,0x1E0,0,,,False,False,False
2026-02-11T14:54:00.843498,592.865026,RX,0x000,128,E0 01 00 00 00 00 00 00,........,False,True,True
2026-02-11T14:54:00.844583,592.866111,RX,0x000,128,00 38 9B 71 80 02 00 00,.8.q....,False,False,False
2026-02-11T14:54:00.844583,592.866111,RX,0x000,0,,,False,False,False
2026-02-11T14:54:00.844583,592.866111,RX,0x1E0,0,,,False,False,False
2026-02-11T14:54:00.844583,592.866111,RX,0x000,128,E0 01 00 00 00 00 00 00,........,False,True,True
2026-02-11T14:54:00.844583,592.866111,RX,0x000,128,00 38 9B 71 80 02 00 00,.8.q....,False,False,False
2026-02-11T14:54:00.844583,592.866111,RX,0x000,0,,,False,False,False
2026-02-11T14:54:00.844583,592.866111,RX,0x1E0,0,,,False,False,False
2026-02-11T14:54:00.844583,592.866111,RX,0x000,128,E0 01 00 00 00 00 00 00,........,False,True,True
2026-02-11T14:54:00.844583,592.866111,RX,0x000,128,00 38 9B 71 80 02 00 00,.8.q....,False,False,False
2026-02-11T14:54:00.844583,592.866111,RX,0x000,0,,,False,False,False
2026-02-11T14:54:00.844583,592.866111,RX,0x1E0,0,,,False,False,False
2026-02-11T14:54:00.844583,592.866111,RX,0x000,128,E0 01 00 00 00 00 00 00,........,False,True,True
2026-02-11T14:54:00.844583,592.866111,RX,0x000,128,00 38 9B 71 80 02 00 00,.8.q....,False,False,False
2026-02-11T14:54:00.844583,592.866111,RX,0x000,0,,,False,False,False
2026-02-11T14:54:00.844583,592.866111,RX,0x1E0,0,,,False,False,False
2026-02-11T14:54:00.845603,592.867131,RX,0x000,128,E0 01 00 00 00 00 00 00,........,False,True,True
2026-02-11T14:54:00.845603,592.867131,RX,0x000,128,00 38 9B 71 80 02 00 00,.8.q....,False,False,False
2026-02-11T14:54:00.845603,592.867131,RX,0x000,0,,,False,False,False
2026-02-11T14:54:00.845603,592.867131,RX,0x1E0,0,,,False,False,False
2026-02-11T14:54:00.845603,592.867131,RX,0x000,128,E0 01 00 00 00 00 00 00,........,False,True,True
2026-02-11T14:54:00.845603,592.867131,RX,0x000,128,00 38 9B 71 80 02 00 00,.8.q....,False,False,False
2026-02-11T14:54:00.845603,592.867131,RX,0x000,0,,,False,False,False
2026-02-11T14:54:00.845603,592.867131,RX,0x1E0,0,,,False,False,False
2026-02-11T14:54:00.845603,592.867131,RX,0x000,128,E0 01 00 00 00 00 00 00,........,False,True,True
2026-02-11T14:54:00.845603,592.867131,RX,0x000,128,00 38 9B 71 80 02 00 00,.8.q....,False,False,False
2026-02-11T14:54:00.845603,592.867131,RX,0x000,0,,,False,False,False
2026-02-11T14:54:00.845603,592.867131,RX,0x1E0,0,,,False,False,False
2026-02-11T14:54:00.845603,592.867131,RX,0x000,128,E0 01 00 00 00 00 00 00,........,False,True,True
2026-02-11T14:54:00.845603,592.867131,RX,0x000,128,00 38 9B 71 80 02 00 00,.8.q....,False,False,False
2026-02-11T14:54:00.845603,592.867131,RX,0x000,0,,,False,False,False
2026-02-11T14:54:00.845603,592.867131,RX,0x1E0,0,,,False,False,False
2026-02-11T14:54:00.845603,592.867131,RX,0x000,128,E0 01 00 00 00 00 00 00,........,False,True,True
2026-02-11T14:54:00.845603,592.867131,RX,0x000,128,00 38 9B 71 80 02 00 00,.8.q....,False,False,False
2026-02-11T14:54:00.845603,592.867131,RX,0x000,0,,,False,False,False
2026-02-11T14:54:00.845603,592.867131,RX,0x1E0,0,,,False,False,False
2026-02-11T14:54:00.845603,592.867131,RX,0x000,128,E0 01 00 00 00 00 00 00,........,False,True,True
2026-02-11T14:54:00.845603,592.867131,RX,0x000,128,00 38 9B 71 80 02 00 00,.8.q....,False,False,False
2026-02-11T14:54:00.845603,592.867131,RX,0x000,0,,,False,False,False
2026-02-11T14:54:00.845603,592.867131,RX,0x1E0,0,,,False,False,False
2026-02-11T14:54:00.845603,592.867131,RX,0x000,128,E0 01 00 00 00 00 00 00,........,False,True,True
2026-02-11T14:54:00.845603,592.867131,RX,0x000,128,00 38 9B 71 80 02 00 00,.8.q....,False,False,False
2026-02-11T14:54:00.845603,592.867131,RX,0x000,0,,,False,False,False
2026-02-11T14:54:00.845603,592.867131,RX,0x1E0,0,,,False,False,False
2026-02-11T14:54:00.845603,592.867131,RX,0x000,128,E0 01 00 00 00 00 00 00,........,False,True,True
2026-02-11T14:54:00.845603,592.867131,RX,0x000,128,00 38 9B 71 80 02 00 00,.8.q....,False,False,False
2026-02-11T14:54:00.847084,592.868612,RX,0x000,0,,,False,False,False
2026-02-11T14:54:00.847084,592.868612,RX,0x1E0,0,,,False,False,False
2026-02-11T14:54:00.847084,592.868612,RX,0x000,128,E0 01 00 00 00 00 00 00,........,False,True,True
2026-02-11T14:54:00.847084,592.868612,RX,0x000,128,00 38 9B 71 80 02 00 00,.8.q....,False,False,False
2026-02-11T14:54:00.847084,592.868612,RX,0x000,0,,,False,False,False
2026-02-11T14:54:00.847084,592.868612,RX,0x1E0,0,,,False,False,False
2026-02-11T14:54:00.847084,592.868612,RX,0x000,128,E0 01 00 00 00 00 00 00,........,False,True,True
2026-02-11T14:54:00.847084,592.868612,RX,0x000,128,00 38 9B 71 80 02 00 00,.8.q....,False,False,False
2026-02-11T14:54:00.847084,592.868612,RX,0x000,0,,,False,False,False
2026-02-11T14:54:00.847084,592.868612,RX,0x1E0,0,,,False,False,False
2026-02-11T14:54:00.847084,592.868612,RX,0x000,128,E0 01 00 00 00 00 00 00,........,False,True,True
2026-02-11T14:54:00.847084,592.868612,RX,0x000,128,00 38 9B 71 80 02 00 00,.8.q....,False,False,False
2026-02-11T14:54:00.847084,592.868612,RX,0x000,0,,,False,False,False
2026-02-11T14:54:00.847084,592.868612,RX,0x1E0,0,,,False,False,False
2026-02-11T14:54:00.847084,592.868612,RX,0x000,128,E0 01 00 00 00 00 00 00,........,False,True,True
2026-02-11T14:54:00.847084,592.868612,RX,0x000,128,00 38 9B 71 80 02 00 00,.8.q....,False,False,False
2026-02-11T14:54:00.847084,592.868612,RX,0x000,0,,,False,False,False
2026-02-11T14:54:00.847084,592.868612,RX,0x1E0,0,,,False,False,False
2026-02-11T14:54:00.847084,592.868612,RX,0x000,128,E0 01 00 00 00 00 00 00,........,False,True,True
2026-02-11T14:54:00.847084,592.868612,RX,0x000,128,00 38 9B 71 80 02 00 00,.8.q....,False,False,False
2026-02-11T14:54:00.847084,592.868612,RX,0x000,0,,,False,False,False
2026-02-11T14:54:00.848090,592.869618,RX,0x1E0,0,,,False,False,False
2026-02-11T14:54:00.848090,592.869618,RX,0x000,128,E0 01 00 00 00 00 00 00,........,False,True,True
2026-02-11T14:54:00.848090,592.869618,RX,0x000,128,00 38 9B 71 80 02 00 00,.8.q....,False,False,False
2026-02-11T14:54:00.848090,592.869618,RX,0x000,0,,,False,False,False
2026-02-11T14:54:00.848090,592.869618,RX,0x1E0,0,,,False,False,False
2026-02-11T14:54:00.848090,592.869618,RX,0x000,128,E0 01 00 00 00 00 00 00,........,False,True,True
2026-02-11T14:54:00.848090,592.869618,RX,0x000,128,00 38 9B 71 80 02 00 00,.8.q....,False,False,False
2026-02-11T14:54:00.848090,592.869618,RX,0x000,0,,,False,False,False
2026-02-11T14:54:00.848090,592.869618,RX,0x1E0,0,,,False,False,False
2026-02-11T14:54:00.848090,592.869618,RX,0x000,128,E0 01 00 00 00 00 00 00,........,False,True,True
2026-02-11T14:54:00.848090,592.869618,RX,0x000,128,00 38 9B 71 80 02 00 00,.8.q....,False,False,False
2026-02-11T14:54:00.848090,592.869618,RX,0x000,0,,,False,False,False
2026-02-11T14:54:00.848090,592.869618,RX,0x1E0,0,,,False,False,False
2026-02-11T14:54:00.848668,592.870196,RX,0x000,128,E0 01 00 00 00 00 00 00,........,False,True,True
2026-02-11T14:54:00.848668,592.870196,RX,0x000,128,00 38 9B 71 80 02 00 00,.8.q....,False,False,False
2026-02-11T14:54:00.848668,592.870196,RX,0x000,0,,,False,False,False
2026-02-11T14:54:00.848668,592.870196,RX,0x1E0,0,,,False,False,False
2026-02-11T14:54:00.848668,592.870196,RX,0x000,128,E0 01 00 00 00 00 00 00,........,False,True,True
2026-02-11T14:54:00.848668,592.870196,RX,0x000,128,00 38 9B 71 80 02 00 00,.8.q....,False,False,False
2026-02-11T14:54:00.848668,592.870196,RX,0x000,0,,,False,False,False
2026-02-11T14:54:00.848668,592.870196,RX,0x1E0,0,,,False,False,False
2026-02-11T14:54:00.848668,592.870196,RX,0x000,128,E0 01 00 00 00 00 00 00,........,False,True,True
2026-02-11T14:54:00.848668,592.870196,RX,0x000,128,00 38 9B 71 80 02 00 00,.8.q....,False,False,False
2026-02-11T14:54:00.848668,592.870196,RX,0x000,0,,,False,False,False
2026-02-11T14:54:00.848668,592.870196,RX,0x1E0,0,,,False,False,False
2026-02-11T14:54:00.848668,592.870196,RX,0x000,128,E0 01 00 00 00 00 00 00,........,False,True,True
2026-02-11T14:54:00.848668,592.870196,RX,0x000,128,00 38 9B 71 80 02 00 00,.8.q....,False,False,False
2026-02-11T14:54:00.848668,592.870196,RX,0x000,0,,,False,False,False
2026-02-11T14:54:00.848668,592.870196,RX,0x1E0,0,,,False,False,False
2026-02-11T14:54:00.848668,592.870196,RX,0x000,128,E0 01 00 00 00 00 00 00,........,False,True,True
2026-02-11T14:54:00.848668,592.870196,RX,0x000,128,00 38 9B 71 80 02 00 00,.8.q....,False,False,False
2026-02-11T14:54:00.848668,592.870196,RX,0x000,0,,,False,False,False
2026-02-11T14:54:00.848668,592.870196,RX,0x1E0,0,,,False,False,False
2026-02-11T14:54:00.848668,592.870196,RX,0x000,128,E0 01 00 00 00 00 00 00,........,False,True,True
2026-02-11T14:54:00.848668,592.870196,RX,0x000,128,00 38 9B 71 80 02 00 00,.8.q....,False,False,False
2026-02-11T14:54:00.849788,592.871315,RX,0x000,0,,,False,False,False
2026-02-11T14:54:00.849788,592.871315,RX,0x1E0,0,,,False,False,False
2026-02-11T14:54:00.849788,592.871315,RX,0x000,128,E0 01 00 00 00 00 00 00,........,False,True,True
2026-02-11T14:54:00.849788,592.871315,RX,0x000,128,00 38 9B 71 80 02 00 00,.8.q....,False,False,False
2026-02-11T14:54:00.849788,592.871315,RX,0x000,0,,,False,False,False
2026-02-11T14:54:00.849788,592.871315,RX,0x1E0,0,,,False,False,False
2026-02-11T14:54:00.849788,592.871315,RX,0x000,128,E0 01 00 00 00 00 00 00,........,False,True,True
2026-02-11T14:54:00.849788,592.871315,RX,0x000,128,00 38 9B 71 80 02 00 00,.8.q....,False,False,False
2026-02-11T14:54:00.849788,592.871315,RX,0x000,0,,,False,False,False
2026-02-11T14:54:00.849788,592.871315,RX,0x1E0,0,,,False,False,False
2026-02-11T14:54:00.849788,592.871315,RX,0x000,128,E0 01 00 00 00 00 00 00,........,False,True,True
2026-02-11T14:54:00.849788,592.871315,RX,0x000,128,00 38 9B 71 80 02 00 00,.8.q....,False,False,False
2026-02-11T14:54:00.849788,592.871315,RX,0x000,0,,,False,False,False
2026-02-11T14:54:00.849788,592.871315,RX,0x1E0,0,,,False,False,False
2026-02-11T14:54:00.849788,592.871315,RX,0x000,128,E0 01 00 00 00 00 00 00,........,False,True,True
2026-02-11T14:54:00.849788,592.871315,RX,0x000,128,00 38 9B 71 80 02 00 00,.8.q....,False,False,False
2026-02-11T14:54:00.849788,592.871315,RX,0x000,0,,,False,False,False
2026-02-11T14:54:00.851304,592.872832,RX,0x1E0,0,,,False,False,False
2026-02-11T14:54:00.851304,592.872832,RX,0x000,128,E0 01 00 00 00 00 00 00,........,False,True,True
2026-02-11T14:54:00.851304,592.872832,RX,0x000,128,00 38 9B 71 80 02 00 00,.8.q....,False,False,False
2026-02-11T14:54:00.851304,592.872832,RX,0x000,0,,,False,False,False
2026-02-11T14:54:00.851304,592.872832,RX,0x1E0,0,,,False,False,False
2026-02-11T14:54:00.851304,592.872832,RX,0x000,128,E0 01 00 00 00 00 00 00,........,False,True,True
2026-02-11T14:54:00.851304,592.872832,RX,0x000,128,00 38 9B 71 80 02 00 00,.8.q....,False,False,False
2026-02-11T14:54:00.851304,592.872832,RX,0x000,0,,,False,False,False
2026-02-11T14:54:00.851304,592.872832,RX,0x1E0,0,,,False,False,False
2026-02-11T14:54:00.851304,592.872832,RX,0x000,128,E0 01 00 00 00 00 00 00,........,False,True,True
2026-02-11T14:54:00.851304,592.872832,RX,0x000,128,00 38 9B 71 80 02 00 00,.8.q....,False,False,False
2026-02-11T14:54:00.851304,592.872832,RX,0x000,0,,,False,False,False
2026-02-11T14:54:00.851304,592.872832,RX,0x1E0,0,,,False,False,False
2026-02-11T14:54:00.851304,592.872832,RX,0x000,128,E0 01 00 00 00 00 00 00,........,False,True,True
2026-02-11T14:54:00.851304,592.872832,RX,0x000,128,00 38 9B 71 80 02 00 00,.8.q....,False,False,False
2026-02-11T14:54:00.851304,592.872832,RX,0x000,0,,,False,False,False
2026-02-11T14:54:00.851304,592.872832,RX,0x1E0,0,,,False,False,False
2026-02-11T14:54:00.852377,592.873905,RX,0x000,128,E0 01 00 00 00 00 00 00,........,False,True,True
2026-02-11T14:54:00.852377,592.873905,RX,0x000,128,00 38 9B 71 80 02 00 00,.8.q....,False,False,False
2026-02-11T14:54:00.852377,592.873905,RX,0x000,0,,,False,False,False
2026-02-11T14:54:00.852377,592.873905,RX,0x1E0,0,,,False,False,False
2026-02-11T14:54:00.852377,592.873905,RX,0x000,128,E0 01 00 00 00 00 00 00,........,False,True,True
2026-02-11T14:54:00.852377,592.873905,RX,0x000,128,00 38 9B 71 80 02 00 00,.8.q....,False,False,False
2026-02-11T14:54:00.852377,592.873905,RX,0x000,0,,,False,False,False
2026-02-11T14:54:00.852377,592.873905,RX,0x1E0,0,,,False,False,False
2026-02-11T14:54:00.852377,592.873905,RX,0x000,128,E0 01 00 00 00 00 00 00,........,False,True,True
2026-02-11T14:54:00.852377,592.873905,RX,0x000,128,00 38 9B 71 80 02 00 00,.8.q....,False,False,False
2026-02-11T14:54:00.852377,592.873905,RX,0x000,0,,,False,False,False
2026-02-11T14:54:00.852377,592.873905,RX,0x1E0,0,,,False,False,False
2026-02-11T14:54:00.852377,592.873905,RX,0x000,128,E0 01 00 00 00 00 00 00,........,False,True,True
2026-02-11T14:54:00.852377,592.873905,RX,0x000,128,00 38 9B 71 80 02 00 00,.8.q....,False,False,False
2026-02-11T14:54:00.852377,592.873905,RX,0x000,0,,,False,False,False
2026-02-11T14:54:00.852377,592.873905,RX,0x1E0,0,,,False,False,False
2026-02-11T14:54:00.852377,592.873905,RX,0x000,128,E0 01 00 00 00 00 00 00,........,False,True,True
2026-02-11T14:54:00.852377,592.873905,RX,0x000,128,00 38 9B 71 80 02 00 00,.8.q....,False,False,False
2026-02-11T14:54:00.852377,592.873905,RX,0x000,0,,,False,False,False
2026-02-11T14:54:00.852377,592.873905,RX,0x1E0,0,,,False,False,False
2026-02-11T14:54:00.853457,592.874985,RX,0x000,128,E0 01 00 00 00 00 00 00,........,False,True,True
2026-02-11T14:54:00.853457,592.874985,RX,0x000,128,00 38 9B 71 80 02 00 00,.8.q....,False,False,False
2026-02-11T14:54:00.853457,592.874985,RX,0x000,0,,,False,False,False
2026-02-11T14:54:00.853457,592.874985,RX,0x1E0,0,,,False,False,False
2026-02-11T14:54:00.853457,592.874985,RX,0x000,128,E0 01 00 00 00 00 00 00,........,False,True,True
2026-02-11T14:54:00.853457,592.874985,RX,0x000,128,00 38 9B 71 80 02 00 00,.8.q....,False,False,False
2026-02-11T14:54:00.853457,592.874985,RX,0x000,0,,,False,False,False
2026-02-11T14:54:00.853457,592.874985,RX,0x1E0,0,,,False,False,False
2026-02-11T14:54:00.853457,592.874985,RX,0x000,128,E0 01 00 00 00 00 00 00,........,False,True,True
2026-02-11T14:54:00.853457,592.874985,RX,0x000,128,00 38 9B 71 80 02 00 00,.8.q....,False,False,False
2026-02-11T14:54:00.853457,592.874985,RX,0x000,0,,,False,False,False
2026-02-11T14:54:00.853457,592.874985,RX,0x1E0,0,,,False,False,False
2026-02-11T14:54:00.853457,592.874985,RX,0x000,128,E0 01 00 00 00 00 00 00,........,False,True,True
2026-02-11T14:54:00.854741,592.876269,RX,0x000,128,00 38 9B 71 80 02 00 00,.8.q....,False,False,False
2026-02-11T14:54:00.854741,592.876269,RX,0x000,0,,,False,False,False
2026-02-11T14:54:00.854741,592.876269,RX,0x1E0,0,,,False,False,False
2026-02-11T14:54:00.854741,592.876269,RX,0x000,128,E0 01 00 00 00 00 00 00,........,False,True,True
2026-02-11T14:54:00.854741,592.876269,RX,0x000,128,00 38 9B 71 80 02 00 00,.8.q....,False,False,False
2026-02-11T14:54:00.854741,592.876269,RX,0x000,0,,,False,False,False
2026-02-11T14:54:00.854741,592.876269,RX,0x1E0,0,,,False,False,False
2026-02-11T14:54:00.854741,592.876269,RX,0x000,128,E0 01 00 00 00 00 00 00,........,False,True,True
2026-02-11T14:54:00.854741,592.876269,RX,0x000,128,00 38 9B 71 80 02 00 00,.8.q....,False,False,False
2026-02-11T14:54:00.854741,592.876269,RX,0x000,0,,,False,False,False
2026-02-11T14:54:00.854741,592.876269,RX,0x1E0,0,,,False,False,False
2026-02-11T14:54:00.854741,592.876269,RX,0x000,128,E0 01 00 00 00 00 00 00,........,False,True,True
2026-02-11T14:54:00.854741,592.876269,RX,0x000,128,00 38 9B 71 80 02 00 00,.8.q....,False,False,False
2026-02-11T14:54:00.854741,592.876269,RX,0x000,0,,,False,False,False
2026-02-11T14:54:00.854741,592.876269,RX,0x1E0,0,,,False,False,False
2026-02-11T14:54:00.854741,592.876269,RX,0x000,128,E0 01 00 00 00 00 00 00,........,False,True,True
2026-02-11T14:54:00.854741,592.876269,RX,0x000,128,00 38 9B 71 80 02 00 00,.8.q....,False,False,False
2026-02-11T14:54:00.854741,592.876269,RX,0x000,0,,,False,False,False
2026-02-11T14:54:00.854741,592.876269,RX,0x1E0,0,,,False,False,False
2026-02-11T14:54:00.855903,592.877431,RX,0x000,128,E0 01 00 00 00 00 00 00,........,False,True,True
2026-02-11T14:54:00.855903,592.877431,RX,0x000,128,00 38 9B 71 80 02 00 00,.8.q....,False,False,False
2026-02-11T14:54:00.855903,592.877431,RX,0x000,0,,,False,False,False
2026-02-11T14:54:00.855903,592.877431,RX,0x1E0,0,,,False,False,False
2026-02-11T14:54:00.855903,592.877431,RX,0x000,128,E0 01 00 00 00 00 00 00,........,False,True,True
2026-02-11T14:54:00.855903,592.877431,RX,0x000,128,00 38 9B 71 80 02 00 00,.8.q....,False,False,False
2026-02-11T14:54:00.855903,592.877431,RX,0x000,0,,,False,False,False
2026-02-11T14:54:00.855903,592.877431,RX,0x1E0,0,,,False,False,False
2026-02-11T14:54:00.855903,592.877431,RX,0x000,128,E0 01 00 00 00 00 00 00,........,False,True,True
2026-02-11T14:54:00.855903,592.877431,RX,0x000,128,00 38 9B 71 80 02 00 00,.8.q....,False,False,False
2026-02-11T14:54:00.855903,592.877431,RX,0x000,0,,,False,False,False
2026-02-11T14:54:00.855903,592.877431,RX,0x1E0,0,,,False,False,False
2026-02-11T14:54:00.855903,592.877431,RX,0x000,128,E0 01 00 00 00 00 00 00,........,False,True,True
2026-02-11T14:54:00.855903,592.877431,RX,0x000,128,00 38 9B 71 80 02 00 00,.8.q....,False,False,False
2026-02-11T14:54:00.855903,592.877431,RX,0x000,0,,,False,False,False
2026-02-11T14:54:00.855903,592.877431,RX,0x1E0,0,,,False,False,False
2026-02-11T14:54:00.856905,592.878433,RX,0x000,128,E0 01 00 00 00 00 00 00,........,False,True,True
2026-02-11T14:54:00.856905,592.878433,RX,0x000,128,00 38 9B 71 80 02 00 00,.8.q....,False,False,False
2026-02-11T14:54:00.856905,592.878433,RX,0x000,0,,,False,False,False
2026-02-11T14:54:00.856905,592.878433,RX,0x1E0,0,,,False,False,False
2026-02-11T14:54:00.856905,592.878433,RX,0x000,128,E0 01 00 00 00 00 00 00,........,False,True,True
2026-02-11T14:54:00.856905,592.878433,RX,0x000,128,00 38 9B 71 80 02 00 00,.8.q....,False,False,False
2026-02-11T14:54:00.856905,592.878433,RX,0x000,0,,,False,False,False
2026-02-11T14:54:00.856905,592.878433,RX,0x1E0,0,,,False,False,False
2026-02-11T14:54:00.856905,592.878433,RX,0x000,128,E0 01 00 00 00 00 00 00,........,False,True,True
2026-02-11T14:54:00.856905,592.878433,RX,0x000,128,00 38 9B 71 80 02 00 00,.8.q....,False,False,False
2026-02-11T14:54:00.856905,592.878433,RX,0x000,0,,,False,False,False
2026-02-11T14:54:00.856905,592.878433,RX,0x1E0,0,,,False,False,False
2026-02-11T14:54:00.857902,592.879430,RX,0x000,128,E0 01 00 00 00 00 00 00,........,False,True,True
2026-02-11T14:54:00.857902,592.879430,RX,0x000,128,00 38 9B 71 80 02 00 00,.8.q....,False,False,False
2026-02-11T14:54:00.857902,592.879430,RX,0x000,0,,,False,False,False
2026-02-11T14:54:00.857902,592.879430,RX,0x1E0,0,,,False,False,False
2026-02-11T14:54:00.857902,592.879430,RX,0x000,128,E0 01 00 00 00 00 00 00,........,False,True,True
2026-02-11T14:54:00.857902,592.879430,RX,0x000,128,00 38 9B 71 80 02 00 00,.8.q....,False,False,False
2026-02-11T14:54:00.857902,592.879430,RX,0x000,0,,,False,False,False
2026-02-11T14:54:00.857902,592.879430,RX,0x1E0,0,,,False,False,False
2026-02-11T14:54:00.857902,592.879430,RX,0x000,128,E0 01 00 00 00 00 00 00,........,False,True,True
2026-02-11T14:54:00.857902,592.879430,RX,0x000,128,00 38 9B 71 80 02 00 00,.8.q....,False,False,False
2026-02-11T14:54:00.858411,592.879939,RX,0x000,0,,,False,False,False
2026-02-11T14:54:00.858411,592.879939,RX,0x1E0,0,,,False,False,False
2026-02-11T14:54:00.858411,592.879939,RX,0x000,128,E0 01 00 00 00 00 00 00,........,False,True,True
2026-02-11T14:54:00.858411,592.879939,RX,0x000,128,00 38 9B 71 80 02 00 00,.8.q....,False,False,False
2026-02-11T14:54:00.858411,592.879939,RX,0x000,0,,,False,False,False
2026-02-11T14:54:00.858411,592.879939,RX,0x1E0,0,,,False,False,False
2026-02-11T14:54:00.858411,592.879939,RX,0x000,128,E0 01 00 00 00 00 00 00,........,False,True,True
2026-02-11T14:54:00.858411,592.879939,RX,0x000,128,00 38 9B 71 80 02 00 00,.8.q....,False,False,False
2026-02-11T14:54:00.858411,592.879939,RX,0x000,0,,,False,False,False
2026-02-11T14:54:00.858411,592.879939,RX,0x1E0,0,,,False,False,False
2026-02-11T14:54:00.858411,592.879939,RX,0x000,128,E0 01 00 00 00 00 00 00,........,False,True,True
2026-02-11T14:54:00.858411,592.879939,RX,0x000,128,00 38 9B 71 80 02 00 00,.8.q....,False,False,False
2026-02-11T14:54:00.858411,592.879939,RX,0x000,0,,,False,False,False
2026-02-11T14:54:00.858411,592.879939,RX,0x1E0,0,,,False,False,False
2026-02-11T14:54:00.859416,592.879939,RX,0x000,128,E0 01 00 00 00 00 00 00,........,False,True,True
2026-02-11T14:54:00.859416,592.880944,RX,0x000,128,00 38 9B 71 80 02 00 00,.8.q....,False,False,False
2026-02-11T14:54:00.859416,592.880944,RX,0x000,0,,,False,False,False
2026-02-11T14:54:00.859416,592.880944,RX,0x1E0,0,,,False,False,False
2026-02-11T14:54:00.859416,592.880944,RX,0x000,128,E0 01 00 00 00 00 00 00,........,False,True,True
2026-02-11T14:54:00.859416,592.880944,RX,0x000,128,00 38 9B 71 80 02 00 00,.8.q....,False,False,False
2026-02-11T14:54:00.859416,592.880944,RX,0x000,0,,,False,False,False
2026-02-11T14:54:00.859416,592.880944,RX,0x1E0,0,,,False,False,False
2026-02-11T14:54:00.859416,592.880944,RX,0x000,128,E0 01 00 00 00 00 00 00,........,False,True,True
2026-02-11T14:54:00.859416,592.880944,RX,0x000,128,00 38 9B 71 80 02 00 00,.8.q....,False,False,False
2026-02-11T14:54:00.859416,592.880944,RX,0x000,0,,,False,False,False
2026-02-11T14:54:00.859416,592.880944,RX,0x1E0,0,,,False,False,False
2026-02-11T14:54:00.859416,592.880944,RX,0x000,128,E0 01 00 00 00 00 00 00,........,False,True,True
2026-02-11T14:54:00.859416,592.880944,RX,0x000,128,00 38 9B 71 80 02 00 00,.8.q....,False,False,False
2026-02-11T14:54:00.859416,592.880944,RX,0x000,0,,,False,False,False
2026-02-11T14:54:00.860170,592.881698,RX,0x1E0,0,,,False,False,False
2026-02-11T14:54:00.860170,592.881698,RX,0x000,128,E0 01 00 00 00 00 00 00,........,False,True,True
2026-02-11T14:54:00.860170,592.881698,RX,0x000,128,00 38 9B 71 80 02 00 00,.8.q....,False,False,False
2026-02-11T14:54:00.860170,592.881698,RX,0x000,0,,,False,False,False
2026-02-11T14:54:00.860170,592.881698,RX,0x1E0,0,,,False,False,False
2026-02-11T14:54:00.860170,592.881698,RX,0x000,128,E0 01 00 00 00 00 00 00,........,False,True,True
2026-02-11T14:54:00.860170,592.881698,RX,0x000,128,00 38 9B 71 80 02 00 00,.8.q....,False,False,False
2026-02-11T14:54:00.860170,592.881698,RX,0x000,0,,,False,False,False
2026-02-11T14:54:00.860170,592.881698,RX,0x1E0,0,,,False,False,False
2026-02-11T14:54:00.860170,592.881698,RX,0x000,128,E0 01 00 00 00 00 00 00,........,False,True,True
2026-02-11T14:54:00.860170,592.881698,RX,0x000,128,00 38 9B 71 80 02 00 00,.8.q....,False,False,False
2026-02-11T14:54:00.860170,592.881698,RX,0x000,0,,,False,False,False
2026-02-11T14:54:00.860170,592.881698,RX,0x1E0,0,,,False,False,False
2026-02-11T14:54:00.860170,592.881698,RX,0x000,128,E0 01 00 00 00 00 00 00,........,False,True,True
2026-02-11T14:54:00.860170,592.881698,RX,0x000,128,00 38 9B 71 80 02 00 00,.8.q....,False,False,False
2026-02-11T14:54:00.860170,592.881698,RX,0x000,0,,,False,False,False
2026-02-11T14:54:00.860170,592.881698,RX,0x1E0,0,,,False,False,False
2026-02-11T14:54:00.860170,592.881698,RX,0x000,128,E0 01 00 00 00 00 00 00,........,False,True,True
2026-02-11T14:54:00.860170,592.881698,RX,0x000,128,00 38 9B 71 80 02 00 00,.8.q....,False,False,False
2026-02-11T14:54:00.860170,592.881698,RX,0x000,0,,,False,False,False
2026-02-11T14:54:00.860170,592.881698,RX,0x1E0,0,,,False,False,False
2026-02-11T14:54:00.861175,592.882703,RX,0x000,128,E0 01 00 00 00 00 00 00,........,False,True,True
2026-02-11T14:54:00.861175,592.882703,RX,0x000,128,00 38 9B 71 80 02 00 00,.8.q....,False,False,False
2026-02-11T14:54:00.861175,592.882703,RX,0x000,0,,,False,False,False
2026-02-11T14:54:00.861175,592.882703,RX,0x1E0,0,,,False,False,False
2026-02-11T14:54:00.861175,592.882703,RX,0x000,128,E0 01 00 00 00 00 00 00,........,False,True,True
2026-02-11T14:54:00.861175,592.882703,RX,0x000,128,00 38 9B 71 80 02 00 00,.8.q....,False,False,False
2026-02-11T14:54:00.861175,592.882703,RX,0x000,0,,,False,False,False
2026-02-11T14:54:00.861175,592.882703,RX,0x1E0,0,,,False,False,False
2026-02-11T14:54:00.861175,592.882703,RX,0x000,128,E0 01 00 00 00 00 00 00,........,False,True,True
2026-02-11T14:54:00.861175,592.882703,RX,0x000,128,00 38 9B 71 80 02 00 00,.8.q....,False,False,False
2026-02-11T14:54:00.861175,592.882703,RX,0x000,0,,,False,False,False
2026-02-11T14:54:00.861175,592.882703,RX,0x1E0,0,,,False,False,False
2026-02-11T14:54:00.861175,592.882703,RX,0x000,128,E0 01 00 00 00 00 00 00,........,False,True,True
2026-02-11T14:54:00.861175,592.882703,RX,0x000,128,00 38 9B 71 80 02 00 00,.8.q....,False,False,False
2026-02-11T14:54:00.861175,592.882703,RX,0x000,0,,,False,False,False
2026-02-11T14:54:00.861175,592.882703,RX,0x1E0,0,,,False,False,False
2026-02-11T14:54:00.862175,592.882703,RX,0x000,128,E0 01 00 00 00 00 00 00,........,False,True,True
2026-02-11T14:54:00.862175,592.883703,RX,0x000,128,00 38 9B 71 80 02 00 00,.8.q....,False,False,False
2026-02-11T14:54:00.862175,592.883703,RX,0x000,0,,,False,False,False
2026-02-11T14:54:00.862175,592.883703,RX,0x1E0,0,,,False,False,False
2026-02-11T14:54:00.862175,592.883703,RX,0x000,128,E0 01 00 00 00 00 00 00,........,False,True,True
2026-02-11T14:54:00.862175,592.883703,RX,0x000,128,00 38 9B 71 80 02 00 00,.8.q....,False,False,False
2026-02-11T14:54:00.862175,592.883703,RX,0x000,0,,,False,False,False
2026-02-11T14:54:00.862175,592.883703,RX,0x1E0,0,,,False,False,False
2026-02-11T14:54:00.862175,592.883703,RX,0x000,128,E0 01 00 00 00 00 00 00,........,False,True,True
2026-02-11T14:54:00.862175,592.883703,RX,0x000,128,00 38 9B 71 80 02 00 00,.8.q....,False,False,False
2026-02-11T14:54:00.862175,592.883703,RX,0x000,0,,,False,False,False
2026-02-11T14:54:00.862175,592.883703,RX,0x1E0,0,,,False,False,False
2026-02-11T14:54:00.862175,592.883703,RX,0x000,128,E0 01 00 00 00 00 00 00,........,False,True,True
2026-02-11T14:54:00.862175,592.883703,RX,0x000,128,00 38 9B 71 80 02 00 00,.8.q....,False,False,False
2026-02-11T14:54:00.862175,592.883703,RX,0x000,0,,,False,False,False
2026-02-11T14:54:00.862175,592.883703,RX,0x1E0,0,,,False,False,False
2026-02-11T14:54:00.862175,592.883703,RX,0x000,128,E0 01 00 00 00 00 00 00,........,False,True,True
2026-02-11T14:54:00.862175,592.883703,RX,0x000,128,00 38 9B 71 80 02 00 00,.8.q....,False,False,False
2026-02-11T14:54:00.862175,592.883703,RX,0x000,0,,,False,False,False
2026-02-11T14:54:00.863175,592.884703,RX,0x1E0,0,,,False,False,False
2026-02-11T14:54:00.863175,592.884703,RX,0x000,128,E0 01 00 00 00 00 00 00,........,False,True,True
2026-02-11T14:54:00.863175,592.884703,RX,0x000,128,00 38 9B 71 80 02 00 00,.8.q....,False,False,False
2026-02-11T14:54:00.863175,592.884703,RX,0x000,0,,,False,False,False
2026-02-11T14:54:00.863175,592.884703,RX,0x1E0,0,,,False,False,False
2026-02-11T14:54:00.863175,592.884703,RX,0x000,128,E0 01 00 00 00 00 00 00,........,False,True,True
2026-02-11T14:54:00.863175,592.884703,RX,0x000,128,00 38 9B 71 80 02 00 00,.8.q....,False,False,False
2026-02-11T14:54:00.863175,592.884703,RX,0x000,0,,,False,False,False
2026-02-11T14:54:00.863175,592.884703,RX,0x1E0,0,,,False,False,False
2026-02-11T14:54:00.863175,592.884703,RX,0x000,128,E0 01 00 00 00 00 00 00,........,False,True,True
2026-02-11T14:54:00.863175,592.884703,RX,0x000,128,00 38 9B 71 80 02 00 00,.8.q....,False,False,False
2026-02-11T14:54:00.863175,592.884703,RX,0x000,0,,,False,False,False
2026-02-11T14:54:00.864175,592.884703,RX,0x1E0,0,,,False,False,False
2026-02-11T14:54:00.864175,592.885703,RX,0x000,128,E0 01 00 00 00 00 00 00,........,False,True,True
2026-02-11T14:54:00.864175,592.885703,RX,0x000,128,00 38 9B 71 80 02 00 00,.8.q....,False,False,False
2026-02-11T14:54:00.864175,592.885703,RX,0x000,0,,,False,False,False
2026-02-11T14:54:00.864175,592.885703,RX,0x1E0,0,,,False,False,False
2026-02-11T14:54:00.864175,592.885703,RX,0x000,128,E0 01 00 00 00 00 00 00,........,False,True,True
2026-02-11T14:54:00.864175,592.885703,RX,0x000,128,00 38 9B 71 80 02 00 00,.8.q....,False,False,False
2026-02-11T14:54:00.864175,592.885703,RX,0x000,0,,,False,False,False
2026-02-11T14:54:00.864175,592.885703,RX,0x1E0,0,,,False,False,False
2026-02-11T14:54:00.864175,592.885703,RX,0x000,128,E0 01 00 00 00 00 00 00,........,False,True,True
2026-02-11T14:54:00.864175,592.885703,RX,0x000,128,00 38 9B 71 80 02 00 00,.8.q....,False,False,False
2026-02-11T14:54:00.864175,592.885703,RX,0x000,0,,,False,False,False
2026-02-11T14:54:00.864175,592.885703,RX,0x1E0,0,,,False,False,False
2026-02-11T14:54:00.864175,592.885703,RX,0x000,128,E0 01 00 00 00 00 00 00,........,False,True,True
2026-02-11T14:54:00.864175,592.885703,RX,0x000,128,00 38 9B 71 80 02 00 00,.8.q....,False,False,False
2026-02-11T14:54:00.864175,592.885703,RX,0x000,0,,,False,False,False
2026-02-11T14:54:00.864175,592.885703,RX,0x1E0,0,,,False,False,False
2026-02-11T14:54:00.864175,592.885703,RX,0x000,128,E0 01 00 00 00 00 00 00,........,False,True,True
2026-02-11T14:54:00.864175,592.885703,RX,0x000,128,00 38 9B 71 80 02 00 00,.8.q....,False,False,False
2026-02-11T14:54:00.865175,592.886703,RX,0x000,0,,,False,False,False
2026-02-11T14:54:00.865175,592.886703,RX,0x1E0,0,,,False,False,False
2026-02-11T14:54:00.865175,592.886703,RX,0x000,128,E0 01 00 00 00 00 00 00,........,False,True,True
2026-02-11T14:54:00.865175,592.886703,RX,0x000,128,00 38 9B 71 80 02 00 00,.8.q....,False,False,False
2026-02-11T14:54:00.865175,592.886703,RX,0x000,0,,,False,False,False
2026-02-11T14:54:00.865175,592.886703,RX,0x1E0,0,,,False,False,False
2026-02-11T14:54:00.865175,592.886703,RX,0x000,128,E0 01 00 00 00 00 00 00,........,False,True,True
2026-02-11T14:54:00.865175,592.886703,RX,0x000,128,00 38 9B 71 80 02 00 00,.8.q....,False,False,False
2026-02-11T14:54:00.865175,592.886703,RX,0x000,0,,,False,False,False
2026-02-11T14:54:00.865175,592.886703,RX,0x1E0,0,,,False,False,False
2026-02-11T14:54:00.865175,592.886703,RX,0x000,128,E0 01 00 00 00 00 00 00,........,False,True,True
2026-02-11T14:54:00.865175,592.886703,RX,0x000,128,00 38 9B 71 80 02 00 00,.8.q....,False,False,False
2026-02-11T14:54:00.865175,592.886703,RX,0x000,0,,,False,False,False
2026-02-11T14:54:00.865175,592.886703,RX,0x1E0,0,,,False,False,False
2026-02-11T14:54:00.865175,592.886703,RX,0x000,128,E0 01 00 00 00 00 00 00,........,False,True,True
2026-02-11T14:54:00.865175,592.886703,RX,0x000,128,00 38 9B 71 80 02 00 00,.8.q....,False,False,False
2026-02-11T14:54:00.865175,592.886703,RX,0x000,0,,,False,False,False
2026-02-11T14:54:00.865175,592.886703,RX,0x1E0,0,,,False,False,False
2026-02-11T14:54:00.865175,592.886703,RX,0x000,128,E0 01 00 00 00 00 00 00,........,False,True,True
2026-02-11T14:54:00.865175,592.886703,RX,0x000,128,00 38 9B 71 80 02 00 00,.8.q....,False,False,False
2026-02-11T14:54:00.865175,592.886703,RX,0x000,0,,,False,False,False
2026-02-11T14:54:00.865175,592.886703,RX,0x1E0,0,,,False,False,False
2026-02-11T14:54:00.865175,592.886703,RX,0x000,128,E0 01 00 00 00 00 00 00,........,False,True,True
2026-02-11T14:54:00.865175,592.886703,RX,0x000,128,00 38 9B 71 80 02 00 00,.8.q....,False,False,False
2026-02-11T14:54:00.866682,592.888210,RX,0x000,0,,,False,False,False
2026-02-11T14:54:00.866682,592.888210,RX,0x1E0,0,,,False,False,False
2026-02-11T14:54:00.866682,592.888210,RX,0x000,128,E0 01 00 00 00 00 00 00,........,False,True,True
2026-02-11T14:54:00.866682,592.888210,RX,0x000,128,00 38 9B 71 80 02 00 00,.8.q....,False,False,False
2026-02-11T14:54:00.866682,592.888210,RX,0x000,0,,,False,False,False
2026-02-11T14:54:00.866682,592.888210,RX,0x1E0,0,,,False,False,False
2026-02-11T14:54:00.866682,592.888210,RX,0x000,128,E0 01 00 00 00 00 00 00,........,False,True,True
2026-02-11T14:54:00.866682,592.888210,RX,0x000,128,00 38 9B 71 80 02 00 00,.8.q....,False,False,False
2026-02-11T14:54:00.866682,592.888210,RX,0x000,0,,,False,False,False
2026-02-11T14:54:00.866682,592.888210,RX,0x1E0,0,,,False,False,False
2026-02-11T14:54:00.866682,592.888210,RX,0x000,128,E0 01 00 00 00 00 00 00,........,False,True,True
2026-02-11T14:54:00.866682,592.888210,RX,0x000,128,00 38 9B 71 80 02 00 00,.8.q....,False,False,False
2026-02-11T14:54:00.866682,592.888210,RX,0x000,0,,,False,False,False
2026-02-11T14:54:00.868200,592.889728,RX,0x1E0,0,,,False,False,False
2026-02-11T14:54:00.868200,592.889728,RX,0x000,128,E0 01 00 00 00 00 00 00,........,False,True,True
2026-02-11T14:54:00.868200,592.889728,RX,0x000,128,00 38 9B 71 80 02 00 00,.8.q....,False,False,False
2026-02-11T14:54:00.868200,592.889728,RX,0x000,0,,,False,False,False
2026-02-11T14:54:00.868200,592.889728,RX,0x1E0,0,,,False,False,False
2026-02-11T14:54:00.868200,592.889728,RX,0x000,128,E0 01 00 00 00 00 00 00,........,False,True,True
2026-02-11T14:54:00.868200,592.889728,RX,0x000,128,00 38 9B 71 80 02 00 00,.8.q....,False,False,False
2026-02-11T14:54:00.868200,592.889728,RX,0x000,0,,,False,False,False
2026-02-11T14:54:00.868200,592.889728,RX,0x1E0,0,,,False,False,False
2026-02-11T14:54:00.869259,592.890787,RX,0x000,128,E0 01 00 00 00 00 00 00,........,False,True,True
2026-02-11T14:54:00.869259,592.890787,RX,0x000,128,00 38 9B 71 80 02 00 00,.8.q....,False,False,False
2026-02-11T14:54:00.869259,592.890787,RX,0x000,0,,,False,False,False
2026-02-11T14:54:00.869259,592.890787,RX,0x1E0,0,,,False,False,False
2026-02-11T14:54:00.869259,592.890787,RX,0x000,128,E0 01 00 00 00 00 00 00,........,False,True,True
2026-02-11T14:54:00.869259,592.890787,RX,0x000,128,00 38 9B 71 80 02 00 00,.8.q....,False,False,False
2026-02-11T14:54:00.869259,592.890787,RX,0x000,0,,,False,False,False
2026-02-11T14:54:00.869259,592.890787,RX,0x1E0,0,,,False,False,False
2026-02-11T14:54:00.870693,592.892221,RX,0x000,128,E0 01 00 00 00 00 00 00,........,False,True,True
2026-02-11T14:54:00.870693,592.892221,RX,0x000,128,00 38 9B 71 80 02 00 00,.8.q....,False,False,False
2026-02-11T14:54:00.870693,592.892221,RX,0x000,0,,,False,False,False
2026-02-11T14:54:00.870693,592.892221,RX,0x1E0,0,,,False,False,False
2026-02-11T14:54:00.870693,592.892221,RX,0x000,128,E0 01 00 00 00 00 00 00,........,False,True,True
2026-02-11T14:54:00.870693,592.892221,RX,0x000,128,00 38 9B 71 80 02 00 00,.8.q....,False,False,False
2026-02-11T14:54:00.870693,592.892221,RX,0x000,0,,,False,False,False
2026-02-11T14:54:00.870693,592.892221,RX,0x1E0,0,,,False,False,False
2026-02-11T14:54:00.870693,592.892221,RX,0x000,128,E0 01 00 00 00 00 00 00,........,False,True,True
2026-02-11T14:54:00.870693,592.892221,RX,0x000,128,00 38 9B 71 80 02 00 00,.8.q....,False,False,False
2026-02-11T14:54:00.870693,592.892221,RX,0x000,0,,,False,False,False
2026-02-11T14:54:00.871698,592.893226,RX,0x1E0,0,,,False,False,False
2026-02-11T14:54:00.871698,592.893226,RX,0x000,128,E0 01 00 00 00 00 00 00,........,False,True,True
2026-02-11T14:54:00.871698,592.893226,RX,0x000,128,00 38 9B 71 80 02 00 00,.8.q....,False,False,False
2026-02-11T14:54:00.871698,592.893226,RX,0x000,0,,,False,False,False
2026-02-11T14:54:00.871698,592.893226,RX,0x1E0,0,,,False,False,False
2026-02-11T14:54:00.871698,592.893226,RX,0x000,128,E0 01 00 00 00 00 00 00,........,False,True,True
2026-02-11T14:54:00.871698,592.893226,RX,0x000,128,00 38 9B 71 80 02 00 00,.8.q....,False,False,False
2026-02-11T14:54:00.871698,592.893226,RX,0x000,0,,,False,False,False
2026-02-11T14:54:00.871698,592.893226,RX,0x1E0,0,,,False,False,False
2026-02-11T14:54:00.871698,592.893226,RX,0x000,128,E0 01 00 00 00 00 00 00,........,False,True,True
2026-02-11T14:54:00.872705,592.894233,RX,0x000,128,00 38 9B 71 80 02 00 00,.8.q....,False,False,False
2026-02-11T14:54:00.872705,592.894233,RX,0x000,0,,,False,False,False
2026-02-11T14:54:00.872705,592.894233,RX,0x1E0,0,,,False,False,False
2026-02-11T14:54:00.872705,592.894233,RX,0x000,128,E0 01 00 00 00 00 00 00,........,False,True,True
2026-02-11T14:54:00.872705,592.894233,RX,0x000,128,00 38 9B 71 80 02 00 00,.8.q....,False,False,False
2026-02-11T14:54:00.872705,592.894233,RX,0x000,0,,,False,False,False
2026-02-11T14:54:00.872705,592.894233,RX,0x1E0,0,,,False,False,False
2026-02-11T14:54:00.872705,592.894233,RX,0x000,128,E0 01 00 00 00 00 00 00,........,False,True,True
2026-02-11T14:54:00.872705,592.894233,RX,0x000,128,00 38 9B 71 80 02 00 00,.8.q....,False,False,False
2026-02-11T14:54:00.872705,592.894233,RX,0x000,0,,,False,False,False
2026-02-11T14:54:00.872705,592.894233,RX,0x1E0,0,,,False,False,False
2026-02-11T14:54:00.872705,592.894233,RX,0x000,128,E0 01 00 00 00 00 00 00,........,False,True,True
2026-02-11T14:54:00.872705,592.894233,RX,0x000,128,00 38 9B 71 80 02 00 00,.8.q....,False,False,False
2026-02-11T14:54:00.872705,592.894233,RX,0x000,0,,,False,False,False
2026-02-11T14:54:00.872705,592.894233,RX,0x1E0,0,,,False,False,False
2026-02-11T14:54:00.872705,592.894233,RX,0x000,128,E0 01 00 00 00 00 00 00,........,False,True,True
2026-02-11T14:54:00.872705,592.894233,RX,0x000,128,00 38 9B 71 80 02 00 00,.8.q....,False,False,False
2026-02-11T14:54:00.873699,592.895227,RX,0x000,0,,,False,False,False
2026-02-11T14:54:00.873699,592.895227,RX,0x1E0,0,,,False,False,False
2026-02-11T14:54:00.873699,592.895227,RX,0x000,128,E0 01 00 00 00 00 00 00,........,False,True,True
2026-02-11T14:54:00.873699,592.895227,RX,0x000,128,00 38 9B 71 80 02 00 00,.8.q....,False,False,False
2026-02-11T14:54:00.873699,592.895227,RX,0x000,0,,,False,False,False
2026-02-11T14:54:00.873699,592.895227,RX,0x1E0,0,,,False,False,False
2026-02-11T14:54:00.873699,592.895227,RX,0x000,128,E0 01 00 00 00 00 00 00,........,False,True,True
2026-02-11T14:54:00.873699,592.895227,RX,0x000,128,00 38 9B 71 80 02 00 00,.8.q....,False,False,False
2026-02-11T14:54:00.874704,592.896232,RX,0x000,0,,,False,False,False
2026-02-11T14:54:00.874704,592.896232,RX,0x1E0,0,,,False,False,False
2026-02-11T14:54:00.874704,592.896232,RX,0x000,128,E0 01 00 00 00 00 00 00,........,False,True,True
2026-02-11T14:54:00.874704,592.896232,RX,0x000,128,00 38 9B 71 80 02 00 00,.8.q....,False,False,False
2026-02-11T14:54:00.874704,592.896232,RX,0x000,0,,,False,False,False
2026-02-11T14:54:00.874704,592.896232,RX,0x1E0,0,,,False,False,False
2026-02-11T14:54:00.874704,592.896232,RX,0x000,128,E0 01 00 00 00 00 00 00,........,False,True,True
2026-02-11T14:54:00.874704,592.896232,RX,0x000,128,00 38 9B 71 80 02 00 00,.8.q....,False,False,False
2026-02-11T14:54:00.874704,592.896232,RX,0x000,0,,,False,False,False
2026-02-11T14:54:00.874704,592.896232,RX,0x1E0,0,,,False,False,False
2026-02-11T14:54:00.874704,592.896232,RX,0x000,128,E0 01 00 00 00 00 00 00,........,False,True,True
2026-02-11T14:54:00.874704,592.896232,RX,0x000,128,00 38 9B 71 80 02 00 00,.8.q....,False,False,False
2026-02-11T14:54:00.874704,592.896232,RX,0x000,0,,,False,False,False
2026-02-11T14:54:00.874704,592.896232,RX,0x1E0,0,,,False,False,False
2026-02-11T14:54:00.874704,592.896232,RX,0x000,128,E0 01 00 00 00 00 00 00,........,False,True,True
2026-02-11T14:54:00.874704,592.896232,RX,0x000,128,00 38 9B 71 80 02 00 00,.8.q....,False,False,False
2026-02-11T14:54:00.875698,592.897226,RX,0x000,0,,,False,False,False
2026-02-11T14:54:00.875698,592.897226,RX,0x1E0,0,,,False,False,False
2026-02-11T14:54:00.875698,592.897226,RX,0x000,128,E0 01 00 00 00 00 00 00,........,False,True,True
2026-02-11T14:54:00.875698,592.897226,RX,0x000,128,00 38 9B 71 80 02 00 00,.8.q....,False,False,False
2026-02-11T14:54:00.875698,592.897226,RX,0x000,0,,,False,False,False
2026-02-11T14:54:00.875698,592.897226,RX,0x1E0,0,,,False,False,False
2026-02-11T14:54:00.875698,592.897226,RX,0x000,128,E0 01 00 00 00 00 00 00,........,False,True,True
2026-02-11T14:54:00.875698,592.897226,RX,0x000,128,00 38 9B 71 80 02 00 00,.8.q....,False,False,False
2026-02-11T14:54:00.875698,592.897226,RX,0x000,0,,,False,False,False
2026-02-11T14:54:00.875698,592.897226,RX,0x1E0,0,,,False,False,False
2026-02-11T14:54:00.875698,592.897226,RX,0x000,128,E0 01 00 00 00 00 00 00,........,False,True,True
2026-02-11T14:54:00.875698,592.897226,RX,0x000,128,00 38 9B 71 80 02 00 00,.8.q....,False,False,False
2026-02-11T14:54:00.875698,592.897226,RX,0x000,0,,,False,False,False
2026-02-11T14:54:00.875698,592.897226,RX,0x1E0,0,,,False,False,False
2026-02-11T14:54:00.875698,592.897226,RX,0x000,128,E0 01 00 00 00 00 00 00,........,False,True,True
2026-02-11T14:54:00.875698,592.897226,RX,0x000,128,00 38 9B 71 80 02 00 00,.8.q....,False,False,False
2026-02-11T14:54:00.875698,592.897226,RX,0x000,0,,,False,False,False
2026-02-11T14:54:00.875698,592.897226,RX,0x1E0,0,,,False,False,False
2026-02-11T14:54:00.875698,592.897226,RX,0x000,128,E0 01 00 00 00 00 00 00,........,False,True,True
2026-02-11T14:54:00.875698,592.897226,RX,0x000,128,00 38 9B 71 80 02 00 00,.8.q....,False,False,False
2026-02-11T14:54:00.875698,592.897226,RX,0x000,0,,,False,False,False
2026-02-11T14:54:00.875698,592.897226,RX,0x1E0,0,,,False,False,False
2026-02-11T14:54:00.875698,592.897226,RX,0x000,128,E0 01 00 00 00 00 00 00,........,False,True,True
2026-02-11T14:54:00.875698,592.897226,RX,0x000,128,00 38 9B 71 80 02 00 00,.8.q....,False,False,False
2026-02-11T14:54:00.875698,592.897226,RX,0x000,0,,,False,False,False
2026-02-11T14:54:00.875698,592.897226,RX,0x1E0,0,,,False,False,False
2026-02-11T14:54:00.875698,592.897226,RX,0x000,128,E0 01 00 00 00 00 00 00,........,False,True,True
2026-02-11T14:54:00.875698,592.897226,RX,0x000,128,00 38 9B 71 80 02 00 00,.8.q....,False,False,False
2026-02-11T14:54:00.877204,592.898732,RX,0x000,0,,,False,False,False
2026-02-11T14:54:00.877204,592.898732,RX,0x1E0,0,,,False,False,False
2026-02-11T14:54:00.877204,592.898732,RX,0x000,128,E0 01 00 00 00 00 00 00,........,False,True,True
2026-02-11T14:54:00.877204,592.898732,RX,0x000,128,00 38 9B 71 80 02 00 00,.8.q....,False,False,False
2026-02-11T14:54:00.877204,592.898732,RX,0x000,0,,,False,False,False
2026-02-11T14:54:00.877204,592.898732,RX,0x1E0,0,,,False,False,False
2026-02-11T14:54:00.877204,592.898732,RX,0x000,128,E0 01 00 00 00 00 00 00,........,False,True,True
2026-02-11T14:54:00.877204,592.898732,RX,0x000,128,00 38 9B 71 80 02 00 00,.8.q....,False,False,False
2026-02-11T14:54:00.877204,592.898732,RX,0x000,0,,,False,False,False
2026-02-11T14:54:00.877204,592.898732,RX,0x1E0,0,,,False,False,False
2026-02-11T14:54:00.877204,592.898732,RX,0x000,128,E0 01 00 00 00 00 00 00,........,False,True,True
2026-02-11T14:54:00.877204,592.898732,RX,0x000,128,00 38 9B 71 80 02 00 00,.8.q....,False,False,False
2026-02-11T14:54:00.877204,592.898732,RX,0x000,0,,,False,False,False
2026-02-11T14:54:00.877204,592.898732,RX,0x1E0,0,,,False,False,False
2026-02-11T14:54:00.877204,592.898732,RX,0x000,128,E0 01 00 00 00 00 00 00,........,False,True,True
2026-02-11T14:54:00.877204,592.898732,RX,0x000,128,00 38 9B 71 80 02 00 00,.8.q....,False,False,False
2026-02-11T14:54:00.877204,592.898732,RX,0x000,0,,,False,False,False
2026-02-11T14:54:00.877204,592.898732,RX,0x1E0,0,,,False,False,False
2026-02-11T14:54:00.878206,592.899734,RX,0x000,128,E0 01 00 00 00 00 00 00,........,False,True,True
2026-02-11T14:54:00.878206,592.899734,RX,0x000,128,00 38 9B 71 80 02 00 00,.8.q....,False,False,False
2026-02-11T14:54:00.878206,592.899734,RX,0x000,0,,,False,False,False
2026-02-11T14:54:00.878206,592.899734,RX,0x1E0,0,,,False,False,False
2026-02-11T14:54:00.878206,592.899734,RX,0x000,128,E0 01 00 00 00 00 00 00,........,False,True,True
2026-02-11T14:54:00.878206,592.899734,RX,0x000,128,00 38 9B 71 80 02 00 00,.8.q....,False,False,False
2026-02-11T14:54:00.878206,592.899734,RX,0x000,0,,,False,False,False
2026-02-11T14:54:00.878206,592.899734,RX,0x1E0,0,,,False,False,False
2026-02-11T14:54:00.878206,592.899734,RX,0x000,128,E0 01 00 00 00 00 00 00,........,False,True,True
2026-02-11T14:54:00.878824,592.900352,RX,0x000,128,00 38 9B 71 80 02 00 00,.8.q....,False,False,False
2026-02-11T14:54:00.878824,592.900352,RX,0x000,0,,,False,False,False
2026-02-11T14:54:00.878824,592.900352,RX,0x1E0,0,,,False,False,False
2026-02-11T14:54:00.878824,592.900352,RX,0x000,128,E0 01 00 00 00 00 00 00,........,False,True,True
2026-02-11T14:54:00.878824,592.900352,RX,0x000,128,00 38 9B 71 80 02 00 00,.8.q....,False,False,False
2026-02-11T14:54:00.878824,592.900352,RX,0x000,0,,,False,False,False
2026-02-11T14:54:00.878824,592.900352,RX,0x1E0,0,,,False,False,False
2026-02-11T14:54:00.878824,592.900352,RX,0x000,128,E0 01 00 00 00 00 00 00,........,False,True,True
2026-02-11T14:54:00.878824,592.900352,RX,0x000,128,00 38 9B 71 80 02 00 00,.8.q....,False,False,False
2026-02-11T14:54:00.878824,592.900352,RX,0x000,0,,,False,False,False
2026-02-11T14:54:00.878824,592.900352,RX,0x1E0,0,,,False,False,False
2026-02-11T14:54:00.879902,592.901430,RX,0x000,128,E0 01 00 00 00 00 00 00,........,False,True,True
2026-02-11T14:54:00.879902,592.901430,RX,0x000,128,00 38 9B 71 80 02 00 00,.8.q....,False,False,False
2026-02-11T14:54:00.879902,592.901430,RX,0x000,0,,,False,False,False
2026-02-11T14:54:00.879902,592.901430,RX,0x1E0,0,,,False,False,False
2026-02-11T14:54:00.879902,592.901430,RX,0x000,128,E0 01 00 00 00 00 00 00,........,False,True,True
2026-02-11T14:54:00.879902,592.901430,RX,0x000,128,00 38 9B 71 80 02 00 00,.8.q....,False,False,False
2026-02-11T14:54:00.879902,592.901430,RX,0x000,0,,,False,False,False
2026-02-11T14:54:00.879902,592.901430,RX,0x1E0,0,,,False,False,False
2026-02-11T14:54:00.879902,592.901430,RX,0x000,128,E0 01 00 00 00 00 00 00,........,False,True,True
2026-02-11T14:54:00.879902,592.901430,RX,0x000,128,00 38 9B 71 80 02 00 00,.8.q....,False,False,False
2026-02-11T14:54:00.879902,592.901430,RX,0x000,0,,,False,False,False
2026-02-11T14:54:00.879902,592.901430,RX,0x1E0,0,,,False,False,False
2026-02-11T14:54:00.879902,592.901430,RX,0x000,128,E0 01 00 00 00 00 00 00,........,False,True,True
2026-02-11T14:54:00.880960,592.902488,RX,0x000,128,00 38 9B 71 80 02 00 00,.8.q....,False,False,False
2026-02-11T14:54:00.880960,592.902488,RX,0x000,0,,,False,False,False
2026-02-11T14:54:00.880960,592.902488,RX,0x1E0,0,,,False,False,False
2026-02-11T14:54:00.880960,592.902488,RX,0x000,128,E0 01 00 00 00 00 00 00,........,False,True,True
2026-02-11T14:54:00.880960,592.902488,RX,0x000,128,00 38 9B 71 80 02 00 00,.8.q....,False,False,False
2026-02-11T14:54:00.880960,592.902488,RX,0x000,0,,,False,False,False
2026-02-11T14:54:00.880960,592.902488,RX,0x1E0,0,,,False,False,False
2026-02-11T14:54:00.880960,592.902488,RX,0x000,128,E0 01 00 00 00 00 00 00,........,False,True,True
2026-02-11T14:54:00.880960,592.902488,RX,0x000,128,00 38 9B 71 80 02 00 00,.8.q....,False,False,False
2026-02-11T14:54:00.880960,592.902488,RX,0x000,0,,,False,False,False
2026-02-11T14:54:00.880960,592.902488,RX,0x1E0,0,,,False,False,False
2026-02-11T14:54:00.880960,592.902488,RX,0x000,128,E0 01 00 00 00 00 00 00,........,False,True,True
2026-02-11T14:54:00.880960,592.902488,RX,0x000,128,00 38 9B 71 80 02 00 00,.8.q....,False,False,False
2026-02-11T14:54:00.880960,592.902488,RX,0x000,0,,,False,False,False
2026-02-11T14:54:00.880960,592.902488,RX,0x1E0,0,,,False,False,False
2026-02-11T14:54:00.880960,592.902488,RX,0x000,128,E0 01 00 00 00 00 00 00,........,False,True,True
2026-02-11T14:54:00.880960,592.902488,RX,0x000,128,00 38 9B 71 80 02 00 00,.8.q....,False,False,False
2026-02-11T14:54:00.880960,592.902488,RX,0x000,0,,,False,False,False
2026-02-11T14:54:00.880960,592.902488,RX,0x1E0,0,,,False,False,False
2026-02-11T14:54:00.880960,592.902488,RX,0x000,128,E0 01 00 00 00 00 00 00,........,False,True,True
2026-02-11T14:54:00.880960,592.902488,RX,0x000,128,00 38 9B 71 80 02 00 00,.8.q....,False,False,False
2026-02-11T14:54:00.882046,592.903574,RX,0x000,0,,,False,False,False
2026-02-11T14:54:00.882046,592.903574,RX,0x1E0,0,,,False,False,False
2026-02-11T14:54:00.882046,592.903574,RX,0x000,128,E0 01 00 00 00 00 00 00,........,False,True,True
2026-02-11T14:54:00.882046,592.903574,RX,0x000,128,00 38 9B 71 80 02 00 00,.8.q....,False,False,False
2026-02-11T14:54:00.882046,592.903574,RX,0x000,0,,,False,False,False
2026-02-11T14:54:00.882046,592.903574,RX,0x1E0,0,,,False,False,False
2026-02-11T14:54:00.882046,592.903574,RX,0x000,128,E0 01 00 00 00 00 00 00,........,False,True,True
2026-02-11T14:54:00.882046,592.903574,RX,0x000,128,00 38 9B 71 80 02 00 00,.8.q....,False,False,False
2026-02-11T14:54:00.882046,592.903574,RX,0x000,0,,,False,False,False
2026-02-11T14:54:00.882046,592.903574,RX,0x1E0,0,,,False,False,False
2026-02-11T14:54:00.882046,592.903574,RX,0x000,128,E0 01 00 00 00 00 00 00,........,False,True,True
2026-02-11T14:54:00.882046,592.903574,RX,0x000,128,00 38 9B 71 80 02 00 00,.8.q....,False,False,False
2026-02-11T14:54:00.882046,592.903574,RX,0x000,0,,,False,False,False
2026-02-11T14:54:00.882046,592.903574,RX,0x1E0,0,,,False,False,False
2026-02-11T14:54:00.882046,592.903574,RX,0x000,128,E0 01 00 00 00 00 00 00,........,False,True,True
2026-02-11T14:54:00.882046,592.903574,RX,0x000,128,00 38 9B 71 80 02 00 00,.8.q....,False,False,False
2026-02-11T14:54:00.882046,592.903574,RX,0x000,0,,,False,False,False
2026-02-11T14:54:00.882046,592.903574,RX,0x1E0,0,,,False,False,False
2026-02-11T14:54:00.882046,592.903574,RX,0x000,128,E0 01 00 00 00 00 00 00,........,False,True,True
2026-02-11T14:54:00.882046,592.903574,RX,0x000,128,00 38 9B 71 80 02 00 00,.8.q....,False,False,False
2026-02-11T14:54:00.882046,592.903574,RX,0x000,0,,,False,False,False
2026-02-11T14:54:00.883116,592.904644,RX,0x1E0,0,,,False,False,False
2026-02-11T14:54:00.883116,592.904644,RX,0x000,128,E0 01 00 00 00 00 00 00,........,False,True,True
2026-02-11T14:54:00.883116,592.904644,RX,0x000,128,00 38 9B 71 80 02 00 00,.8.q....,False,False,False
2026-02-11T14:54:00.883116,592.904644,RX,0x000,0,,,False,False,False
2026-02-11T14:54:00.883116,592.904644,RX,0x1E0,0,,,False,False,False
2026-02-11T14:54:00.883116,592.904644,RX,0x000,128,E0 01 00 00 00 00 00 00,........,False,True,True
2026-02-11T14:54:00.883116,592.904644,RX,0x000,128,00 38 9B 71 80 02 00 00,.8.q....,False,False,False
2026-02-11T14:54:00.883116,592.904644,RX,0x000,0,,,False,False,False
2026-02-11T14:54:00.883116,592.904644,RX,0x1E0,0,,,False,False,False
2026-02-11T14:54:00.883116,592.904644,RX,0x000,128,E0 01 00 00 00 00 00 00,........,False,True,True
2026-02-11T14:54:00.883116,592.904644,RX,0x000,128,00 38 9B 71 80 02 00 00,.8.q....,False,False,False
2026-02-11T14:54:00.883116,592.904644,RX,0x000,0,,,False,False,False
2026-02-11T14:54:00.883116,592.904644,RX,0x1E0,0,,,False,False,False
2026-02-11T14:54:00.883116,592.904644,RX,0x000,128,E0 01 00 00 00 00 00 00,........,False,True,True
2026-02-11T14:54:00.883116,592.904644,RX,0x000,128,00 38 9B 71 80 02 00 00,.8.q....,False,False,False
2026-02-11T14:54:00.883116,592.904644,RX,0x000,0,,,False,False,False
2026-02-11T14:54:00.883116,592.904644,RX,0x1E0,0,,,False,False,False
2026-02-11T14:54:00.886642,592.908170,RX,0x000,128,E0 01 00 00 00 00 00 00,........,False,True,True
2026-02-11T14:54:00.886642,592.908170,RX,0x000,128,00 38 9B 71 80 02 00 00,.8.q....,False,False,False
2026-02-11T14:54:00.886642,592.908170,RX,0x000,0,,,False,False,False
2026-02-11T14:54:00.886642,592.908170,RX,0x1E0,0,,,False,False,False
2026-02-11T14:54:00.886642,592.908170,RX,0x000,128,E0 01 00 00 00 00 00 00,........,False,True,True
2026-02-11T14:54:00.886642,592.908170,RX,0x000,128,00 38 9B 71 80 02 00 00,.8.q....,False,False,False
2026-02-11T14:54:00.886642,592.908170,RX,0x000,0,,,False,False,False
2026-02-11T14:54:00.886642,592.908170,RX,0x1E0,0,,,False,False,False
2026-02-11T14:54:00.886642,592.908170,RX,0x000,128,E0 01 00 00 00 00 00 00,........,False,True,True
2026-02-11T14:54:00.886642,592.908170,RX,0x000,128,00 38 9B 71 80 02 00 00,.8.q....,False,False,False
2026-02-11T14:54:00.886642,592.908170,RX,0x000,0,,,False,False,False
2026-02-11T14:54:00.888159,592.909687,RX,0x1E0,0,,,False,False,False
2026-02-11T14:54:00.888159,592.909687,RX,0x000,128,E0 01 00 00 00 00 00 00,........,False,True,True
2026-02-11T14:54:00.888159,592.909687,RX,0x000,128,00 38 9B 71 80 02 00 00,.8.q....,False,False,False
2026-02-11T14:54:00.888159,592.909687,RX,0x000,0,,,False,False,False
2026-02-11T14:54:00.888159,592.909687,RX,0x1E0,0,,,False,False,False
2026-02-11T14:54:00.888159,592.909687,RX,0x000,128,E0 01 00 00 00 00 00 00,........,False,True,True
2026-02-11T14:54:00.888159,592.909687,RX,0x000,128,00 38 9B 71 80 02 00 00,.8.q....,False,False,False
2026-02-11T14:54:00.888159,592.909687,RX,0x000,0,,,False,False,False
2026-02-11T14:54:00.888159,592.909687,RX,0x1E0,0,,,False,False,False
2026-02-11T14:54:00.889208,592.910736,RX,0x000,128,E0 01 00 00 00 00 00 00,........,False,True,True
2026-02-11T14:54:00.889208,592.910736,RX,0x000,128,00 38 9B 71 80 02 00 00,.8.q....,False,False,False
2026-02-11T14:54:00.889208,592.910736,RX,0x000,0,,,False,False,False
2026-02-11T14:54:00.889208,592.910736,RX,0x1E0,0,,,False,False,False
2026-02-11T14:54:00.890219,592.911747,RX,0x000,128,E0 01 00 00 00 00 00 00,........,False,True,True
2026-02-11T14:54:00.890219,592.911747,RX,0x000,128,00 38 9B 71 80 02 00 00,.8.q....,False,False,False
2026-02-11T14:54:00.890219,592.911747,RX,0x000,0,,,False,False,False
2026-02-11T14:54:00.891316,592.912844,RX,0x1E0,0,,,False,False,False
2026-02-11T14:54:00.891316,592.912844,RX,0x000,128,E0 01 00 00 00 00 00 00,........,False,True,True
2026-02-11T14:54:00.891316,592.912844,RX,0x000,128,00 38 9B 71 80 02 00 00,.8.q....,False,False,False
2026-02-11T14:54:00.891316,592.912844,RX,0x000,0,,,False,False,False
2026-02-11T14:54:00.891316,592.912844,RX,0x1E0,0,,,False,False,False
2026-02-11T14:54:00.891316,592.912844,RX,0x000,128,E0 01 00 00 00 00 00 00,........,False,True,True
2026-02-11T14:54:00.892429,592.912844,RX,0x000,128,00 38 9B 71 80 02 00 00,.8.q....,False,False,False
2026-02-11T14:54:00.892429,592.913957,RX,0x000,0,,,False,False,False
2026-02-11T14:54:00.892429,592.913957,RX,0x1E0,0,,,False,False,False
2026-02-11T14:54:00.892429,592.913957,RX,0x000,128,E0 01 00 00 00 00 00 00,........,False,True,True
2026-02-11T14:54:00.892429,592.913957,RX,0x000,128,00 38 9B 71 80 02 00 00,.8.q....,False,False,False
2026-02-11T14:54:00.892429,592.913957,RX,0x000,0,,,False,False,False
2026-02-11T14:54:00.892429,592.913957,RX,0x1E0,0,,,False,False,False
2026-02-11T14:54:00.892429,592.913957,RX,0x000,128,E0 01 00 00 00 00 00 00,........,False,True,True
2026-02-11T14:54:00.892429,592.913957,RX,0x000,128,00 38 9B 71 80 02 00 00,.8.q....,False,False,False
2026-02-11T14:54:00.892429,592.913957,RX,0x000,0,,,False,False,False
2026-02-11T14:54:00.893530,592.915058,RX,0x1E0,0,,,False,False,False
2026-02-11T14:54:00.893530,592.915058,RX,0x000,128,E0 01 00 00 00 00 00 00,........,False,True,True
2026-02-11T14:54:00.893530,592.915058,RX,0x000,128,00 38 9B 71 80 02 00 00,.8.q....,False,False,False
2026-02-11T14:54:00.893530,592.915058,RX,0x000,0,,,False,False,False
2026-02-11T14:54:00.893530,592.915058,RX,0x1E0,0,,,False,False,False
2026-02-11T14:54:00.893530,592.915058,RX,0x000,128,E0 01 00 00 00 00 00 00,........,False,True,True
2026-02-11T14:54:00.893530,592.915058,RX,0x000,128,00 38 9B 71 80 02 00 00,.8.q....,False,False,False
2026-02-11T14:54:00.894560,592.916088,RX,0x000,0,,,False,False,False
2026-02-11T14:54:00.894560,592.916088,RX,0x1E0,0,,,False,False,False
2026-02-11T14:54:00.894560,592.916088,RX,0x000,128,E0 01 00 00 00 00 00 00,........,False,True,True
2026-02-11T14:54:00.894560,592.916088,RX,0x000,128,00 38 9B 71 80 02 00 00,.8.q....,False,False,False
2026-02-11T14:54:00.894560,592.916088,RX,0x000,0,,,False,False,False
2026-02-11T14:54:00.894560,592.916088,RX,0x1E0,0,,,False,False,False
2026-02-11T14:54:00.894560,592.916088,RX,0x000,128,E0 01 00 00 00 00 00 00,........,False,True,True
2026-02-11T14:54:00.894560,592.916088,RX,0x000,128,00 38 9B 71 80 02 00 00,.8.q....,False,False,False
2026-02-11T14:54:00.895698,592.917226,RX,0x000,0,,,False,False,False
2026-02-11T14:54:00.895698,592.917226,RX,0x1E0,0,,,False,False,False
2026-02-11T14:54:00.895698,592.917226,RX,0x000,128,E0 01 00 00 00 00 00 00,........,False,True,True
2026-02-11T14:54:00.895698,592.917226,RX,0x000,128,00 38 9B 71 80 02 00 00,.8.q....,False,False,False
2026-02-11T14:54:00.895698,592.917226,RX,0x000,0,,,False,False,False
2026-02-11T14:54:00.895698,592.917226,RX,0x1E0,0,,,False,False,False
2026-02-11T14:54:00.895698,592.917226,RX,0x000,128,E0 01 00 00 00 00 00 00,........,False,True,True
2026-02-11T14:54:00.895698,592.917226,RX,0x000,128,00 38 9B 71 80 02 00 00,.8.q....,False,False,False
2026-02-11T14:54:00.896831,592.918360,RX,0x000,0,,,False,False,False
2026-02-11T14:54:00.896831,592.918360,RX,0x1E0,0,,,False,False,False
2026-02-11T14:54:00.896831,592.918360,RX,0x000,128,E0 01 00 00 00 00 00 00,........,False,True,True
2026-02-11T14:54:00.896831,592.918360,RX,0x000,128,00 38 9B 71 80 02 00 00,.8.q....,False,False,False
2026-02-11T14:54:00.896831,592.918360,RX,0x000,0,,,False,False,False
2026-02-11T14:54:00.896831,592.918360,RX,0x1E0,0,,,False,False,False
2026-02-11T14:54:00.896831,592.918360,RX,0x000,128,E0 01 00 00 00 00 00 00,........,False,True,True
2026-02-11T14:54:00.896831,592.918360,RX,0x000,128,00 38 9B 71 80 02 00 00,.8.q....,False,False,False
2026-02-11T14:54:00.896831,592.918360,RX,0x000,0,,,False,False,False
2026-02-11T14:54:00.896831,592.918360,RX,0x1E0,0,,,False,False,False
2026-02-11T14:54:00.896831,592.918360,RX,0x000,128,E0 01 00 00 00 00 00 00,........,False,True,True
2026-02-11T14:54:00.896831,592.918360,RX,0x000,128,00 38 9B 71 80 02 00 00,.8.q....,False,False,False
2026-02-11T14:54:00.896831,592.918360,RX,0x000,0,,,False,False,False
2026-02-11T14:54:00.898421,592.919949,RX,0x1E0,0,,,False,False,False
2026-02-11T14:54:00.898421,592.919949,RX,0x000,128,E0 01 00 00 00 00 00 00,........,False,True,True
2026-02-11T14:54:00.898421,592.919949,RX,0x000,128,00 38 9B 71 80 02 00 00,.8.q....,False,False,False
2026-02-11T14:54:00.898421,592.919949,RX,0x000,0,,,False,False,False
2026-02-11T14:54:00.898421,592.919949,RX,0x1E0,0,,,False,False,False
2026-02-11T14:54:00.898421,592.919949,RX,0x000,128,E0 01 00 00 00 00 00 00,........,False,True,True
2026-02-11T14:54:00.898421,592.919949,RX,0x000,128,00 38 9B 71 80 02 00 00,.8.q....,False,False,False
2026-02-11T14:54:00.898421,592.919949,RX,0x000,0,,,False,False,False
2026-02-11T14:54:00.898421,592.919949,RX,0x1E0,0,,,False,False,False
2026-02-11T14:54:00.899562,592.921090,RX,0x000,128,E0 01 00 00 00 00 00 00,........,False,True,True
2026-02-11T14:54:00.899562,592.921090,RX,0x000,128,00 38 9B 71 80 02 00 00,.8.q....,False,False,False
2026-02-11T14:54:00.899562,592.921090,RX,0x000,0,,,False,False,False
2026-02-11T14:54:00.899562,592.921090,RX,0x1E0,0,,,False,False,False
2026-02-11T14:54:00.899562,592.921090,RX,0x000,128,E0 01 00 00 00 00 00 00,........,False,True,True
2026-02-11T14:54:00.899562,592.921090,RX,0x000,128,00 38 9B 71 80 02 00 00,.8.q....,False,False,False
2026-02-11T14:54:00.899562,592.921090,RX,0x000,0,,,False,False,False
2026-02-11T14:54:00.899562,592.921090,RX,0x1E0,0,,,False,False,False
2026-02-11T14:54:00.899562,592.921090,RX,0x000,128,E0 01 00 00 00 00 00 00,........,False,True,True
2026-02-11T14:54:00.899562,592.921090,RX,0x000,128,00 38 9B 71 80 02 00 00,.8.q....,False,False,False
2026-02-11T14:54:00.899562,592.921090,RX,0x000,0,,,False,False,False
2026-02-11T14:54:00.901148,592.922676,RX,0x1E0,0,,,False,False,False
2026-02-11T14:54:00.901148,592.922676,RX,0x000,128,E0 01 00 00 00 00 00 00,........,False,True,True
2026-02-11T14:54:00.901148,592.922676,RX,0x000,128,00 38 9B 71 80 02 00 00,.8.q....,False,False,False
2026-02-11T14:54:00.902323,592.923851,RX,0x000,0,,,False,False,False
2026-02-11T14:54:00.902323,592.923851,RX,0x1E0,0,,,False,False,False
2026-02-11T14:54:00.902323,592.923851,RX,0x000,128,E0 01 00 00 00 00 00 00,........,False,True,True
2026-02-11T14:54:00.902323,592.923851,RX,0x000,128,00 38 9B 71 80 02 00 00,.8.q....,False,False,False
2026-02-11T14:54:00.902323,592.923851,RX,0x000,0,,,False,False,False
2026-02-11T14:54:00.902323,592.923851,RX,0x1E0,0,,,False,False,False
2026-02-11T14:54:00.903364,592.924892,RX,0x000,128,E0 01 00 00 00 00 00 00,........,False,True,True
2026-02-11T14:54:00.903364,592.924892,RX,0x000,128,00 38 9B 71 80 02 00 00,.8.q....,False,False,False
2026-02-11T14:54:00.903364,592.924892,RX,0x000,0,,,False,False,False
2026-02-11T14:54:00.903364,592.924892,RX,0x1E0,0,,,False,False,False
2026-02-11T14:54:00.904414,592.925942,RX,0x000,128,E0 01 00 00 00 00 00 00,........,False,True,True
2026-02-11T14:54:00.904414,592.925942,RX,0x000,128,00 38 9B 71 80 02 00 00,.8.q....,False,False,False
2026-02-11T14:54:00.904414,592.925942,RX,0x000,0,,,False,False,False
2026-02-11T14:54:00.904414,592.925942,RX,0x1E0,0,,,False,False,False
2026-02-11T14:54:00.904414,592.925942,RX,0x000,128,E0 01 00 00 00 00 00 00,........,False,True,True
2026-02-11T14:54:00.904414,592.925942,RX,0x000,128,00 38 9B 71 80 02 00 00,.8.q....,False,False,False
2026-02-11T14:54:00.904414,592.925942,RX,0x000,0,,,False,False,False
2026-02-11T14:54:00.904414,592.925942,RX,0x1E0,0,,,False,False,False
2026-02-11T14:54:00.905434,592.926962,RX,0x000,128,E0 01 00 00 00 00 00 00,........,False,True,True
2026-02-11T14:54:00.905434,592.926962,RX,0x000,128,00 38 9B 71 80 02 00 00,.8.q....,False,False,False
2026-02-11T14:54:00.905434,592.926962,RX,0x000,0,,,False,False,False
2026-02-11T14:54:00.905434,592.926962,RX,0x1E0,0,,,False,False,False
2026-02-11T14:54:00.905434,592.926962,RX,0x000,128,E0 01 00 00 00 00 00 00,........,False,True,True
2026-02-11T14:54:00.905434,592.926962,RX,0x000,128,00 38 9B 71 80 02 00 00,.8.q....,False,False,False
2026-02-11T14:54:00.905434,592.926962,RX,0x000,0,,,False,False,False
2026-02-11T14:54:00.905434,592.926962,RX,0x1E0,0,,,False,False,False
2026-02-11T14:54:00.905434,592.926962,RX,0x000,128,E0 01 00 00 00 00 00 00,........,False,True,True
2026-02-11T14:54:00.905434,592.926962,RX,0x000,128,00 38 9B 71 80 02 00 00,.8.q....,False,False,False
2026-02-11T14:54:00.905434,592.926962,RX,0x000,0,,,False,False,False
2026-02-11T14:54:00.905434,592.926962,RX,0x1E0,0,,,False,False,False
2026-02-11T14:54:00.905434,592.926962,RX,0x000,128,E0 01 00 00 00 00 00 00,........,False,True,True
2026-02-11T14:54:00.906468,592.927996,RX,0x000,128,00 38 9B 71 80 02 00 00,.8.q....,False,False,False
2026-02-11T14:54:00.906468,592.927996,RX,0x000,0,,,False,False,False
2026-02-11T14:54:00.906468,592.927996,RX,0x1E0,0,,,False,False,False
2026-02-11T14:54:00.906468,592.927996,RX,0x000,128,E0 01 00 00 00 00 00 00,........,False,True,True
2026-02-11T14:54:00.906468,592.927996,RX,0x000,128,00 38 9B 71 80 02 00 00,.8.q....,False,False,False
2026-02-11T14:54:00.906468,592.927996,RX,0x000,0,,,False,False,False
2026-02-11T14:54:00.906468,592.927996,RX,0x1E0,0,,,False,False,False
2026-02-11T14:54:00.906468,592.927996,RX,0x000,128,E0 01 00 00 00 00 00 00,........,False,True,True
2026-02-11T14:54:00.906468,592.927996,RX,0x000,128,00 38 9B 71 80 02 00 00,.8.q....,False,False,False
2026-02-11T14:54:00.906468,592.927996,RX,0x000,0,,,False,False,False
2026-02-11T14:54:00.906468,592.927996,RX,0x1E0,0,,,False,False,False
2026-02-11T14:54:00.906468,592.927996,RX,0x000,128,E0 01 00 00 00 00 00 00,........,False,True,True
2026-02-11T14:54:00.906468,592.927996,RX,0x000,128,00 38 9B 71 80 02 00 00,.8.q....,False,False,False
2026-02-11T14:54:00.907981,592.929509,RX,0x000,0,,,False,False,False
2026-02-11T14:54:00.907981,592.929509,RX,0x1E0,0,,,False,False,False
2026-02-11T14:54:00.907981,592.929509,RX,0x000,128,E0 01 00 00 00 00 00 00,........,False,True,True
2026-02-11T14:54:00.907981,592.929509,RX,0x000,128,00 38 9B 71 80 02 00 00,.8.q....,False,False,False
2026-02-11T14:54:00.907981,592.929509,RX,0x000,0,,,False,False,False
2026-02-11T14:54:00.907981,592.929509,RX,0x1E0,0,,,False,False,False
2026-02-11T14:54:00.907981,592.929509,RX,0x000,128,E0 01 00 00 00 00 00 00,........,False,True,True
2026-02-11T14:54:00.907981,592.929509,RX,0x000,128,00 38 9B 71 80 02 00 00,.8.q....,False,False,False
2026-02-11T14:54:00.907981,592.929509,RX,0x000,0,,,False,False,False
2026-02-11T14:54:00.907981,592.929509,RX,0x1E0,0,,,False,False,False
2026-02-11T14:54:00.909027,592.930555,RX,0x000,128,E0 01 00 00 00 00 00 00,........,False,True,True
2026-02-11T14:54:00.909027,592.930555,RX,0x000,128,00 38 9B 71 80 02 00 00,.8.q....,False,False,False
2026-02-11T14:54:00.909027,592.930555,RX,0x000,0,,,False,False,False
2026-02-11T14:54:00.909027,592.930555,RX,0x1E0,0,,,False,False,False
2026-02-11T14:54:00.909027,592.930555,RX,0x000,128,E0 01 00 00 00 00 00 00,........,False,True,True
2026-02-11T14:54:00.909027,592.930555,RX,0x000,128,00 38 9B 71 80 02 00 00,.8.q....,False,False,False
2026-02-11T14:54:00.909027,592.930555,RX,0x000,0,,,False,False,False
2026-02-11T14:54:00.909027,592.930555,RX,0x1E0,0,,,False,False,False
2026-02-11T14:54:00.909027,592.930555,RX,0x000,128,E0 01 00 00 00 00 00 00,........,False,True,True
2026-02-11T14:54:00.910050,592.931578,RX,0x000,128,00 38 9B 71 80 02 00 00,.8.q....,False,False,False
2026-02-11T14:54:00.910050,592.931578,RX,0x000,0,,,False,False,False
2026-02-11T14:54:00.910050,592.931578,RX,0x1E0,0,,,False,False,False
2026-02-11T14:54:00.910050,592.931578,RX,0x000,128,E0 01 00 00 00 00 00 00,........,False,True,True
2026-02-11T14:54:00.910050,592.931578,RX,0x000,128,00 38 9B 71 80 02 00 00,.8.q....,False,False,False
2026-02-11T14:54:00.910050,592.931578,RX,0x000,0,,,False,False,False
2026-02-11T14:54:00.910050,592.931578,RX,0x1E0,0,,,False,False,False
2026-02-11T14:54:00.910050,592.931578,RX,0x000,128,E0 01 00 00 00 00 00 00,........,False,True,True
2026-02-11T14:54:00.910050,592.931578,RX,0x000,128,00 38 9B 71 80 02 00 00,.8.q....,False,False,False
2026-02-11T14:54:00.910050,592.931578,RX,0x000,0,,,False,False,False
2026-02-11T14:54:00.911063,592.932590,RX,0x1E0,0,,,False,False,False
2026-02-11T14:54:00.911063,592.932590,RX,0x000,128,E0 01 00 00 00 00 00 00,........,False,True,True
2026-02-11T14:54:00.911063,592.932590,RX,0x000,128,00 38 9B 71 80 02 00 00,.8.q....,False,False,False
2026-02-11T14:54:00.911063,592.932590,RX,0x000,0,,,False,False,False
2026-02-11T14:54:00.911063,592.932590,RX,0x1E0,0,,,False,False,False
2026-02-11T14:54:00.911063,592.932590,RX,0x000,128,E0 01 00 00 00 00 00 00,........,False,True,True
2026-02-11T14:54:00.911063,592.932590,RX,0x000,128,00 38 9B 71 80 02 00 00,.8.q....,False,False,False
2026-02-11T14:54:00.911063,592.932590,RX,0x000,0,,,False,False,False
2026-02-11T14:54:00.911063,592.932590,RX,0x1E0,0,,,False,False,False
2026-02-11T14:54:00.911063,592.932590,RX,0x000,128,E0 01 00 00 00 00 00 00,........,False,True,True
2026-02-11T14:54:00.911063,592.932590,RX,0x000,128,00 38 9B 71 80 02 00 00,.8.q....,False,False,False
2026-02-11T14:54:00.911063,592.932590,RX,0x000,0,,,False,False,False
2026-02-11T14:54:00.911063,592.932590,RX,0x1E0,0,,,False,False,False
2026-02-11T14:54:00.912308,592.933836,RX,0x000,128,E0 01 00 00 00 00 00 00,........,False,True,True
2026-02-11T14:54:00.912308,592.933836,RX,0x000,128,00 38 9B 71 80 02 00 00,.8.q....,False,False,False
2026-02-11T14:54:00.912308,592.933836,RX,0x000,0,,,False,False,False
2026-02-11T14:54:00.912308,592.933836,RX,0x1E0,0,,,False,False,False
2026-02-11T14:54:00.912308,592.933836,RX,0x000,128,E0 01 00 00 00 00 00 00,........,False,True,True
2026-02-11T14:54:00.912308,592.933836,RX,0x000,128,00 38 9B 71 80 02 00 00,.8.q....,False,False,False
2026-02-11T14:54:00.912308,592.933836,RX,0x000,0,,,False,False,False
2026-02-11T14:54:00.912308,592.933836,RX,0x1E0,0,,,False,False,False
2026-02-11T14:54:00.912308,592.933836,RX,0x000,128,E0 01 00 00 00 00 00 00,........,False,True,True
2026-02-11T14:54:00.912308,592.933836,RX,0x000,128,00 38 9B 71 80 02 00 00,.8.q....,False,False,False
2026-02-11T14:54:00.912308,592.933836,RX,0x000,0,,,False,False,False
2026-02-11T14:54:00.912308,592.933836,RX,0x1E0,0,,,False,False,False
2026-02-11T14:54:00.912308,592.933836,RX,0x000,128,E0 01 00 00 00 00 00 00,........,False,True,True
2026-02-11T14:54:00.912308,592.933836,RX,0x000,128,00 38 9B 71 80 02 00 00,.8.q....,False,False,False
2026-02-11T14:54:00.913328,592.934856,RX,0x000,0,,,False,False,False
2026-02-11T14:54:00.913328,592.934856,RX,0x1E0,0,,,False,False,False
2026-02-11T14:54:00.913328,592.934856,RX,0x000,128,E0 01 00 00 00 00 00 00,........,False,True,True
2026-02-11T14:54:00.913328,592.934856,RX,0x000,128,00 38 9B 71 80 02 00 00,.8.q....,False,False,False
2026-02-11T14:54:00.913328,592.934856,RX,0x000,0,,,False,False,False
2026-02-11T14:54:00.913328,592.934856,RX,0x1E0,0,,,False,False,False
2026-02-11T14:54:00.913328,592.934856,RX,0x000,128,E0 01 00 00 00 00 00 00,........,False,True,True
2026-02-11T14:54:00.913328,592.934856,RX,0x000,128,00 38 9B 71 80 02 00 00,.8.q....,False,False,False
2026-02-11T14:54:00.913328,592.934856,RX,0x000,0,,,False,False,False
2026-02-11T14:54:00.913328,592.934856,RX,0x1E0,0,,,False,False,False
2026-02-11T14:54:00.913328,592.934856,RX,0x000,128,E0 01 00 00 00 00 00 00,........,False,True,True
2026-02-11T14:54:00.913328,592.934856,RX,0x000,128,00 38 9B 71 80 02 00 00,.8.q....,False,False,False
2026-02-11T14:54:00.914378,592.935906,RX,0x000,0,,,False,False,False
2026-02-11T14:54:00.914378,592.935906,RX,0x1E0,0,,,False,False,False
2026-02-11T14:54:00.914378,592.935906,RX,0x000,128,E0 01 00 00 00 00 00 00,........,False,True,True
2026-02-11T14:54:00.914378,592.935906,RX,0x000,128,00 38 9B 71 80 02 00 00,.8.q....,False,False,False
2026-02-11T14:54:00.914378,592.935906,RX,0x000,0,,,False,False,False
2026-02-11T14:54:00.914378,592.935906,RX,0x1E0,0,,,False,False,False
2026-02-11T14:54:00.915415,592.936943,RX,0x000,128,E0 01 00 00 00 00 00 00,........,False,True,True
2026-02-11T14:54:00.915415,592.936943,RX,0x000,128,00 38 9B 71 80 02 00 00,.8.q....,False,False,False
2026-02-11T14:54:00.915415,592.936943,RX,0x000,0,,,False,False,False
2026-02-11T14:54:00.915415,592.936943,RX,0x1E0,0,,,False,False,False
2026-02-11T14:54:00.915415,592.936943,RX,0x000,128,E0 01 00 00 00 00 00 00,........,False,True,True
2026-02-11T14:54:00.915415,592.936943,RX,0x000,128,00 38 9B 71 80 02 00 00,.8.q....,False,False,False
2026-02-11T14:54:00.915415,592.936943,RX,0x000,0,,,False,False,False
2026-02-11T14:54:00.915415,592.936943,RX,0x1E0,0,,,False,False,False
2026-02-11T14:54:00.915415,592.936943,RX,0x000,128,E0 01 00 00 00 00 00 00,........,False,True,True
2026-02-11T14:54:00.915415,592.936943,RX,0x000,128,00 38 9B 71 80 02 00 00,.8.q....,False,False,False
2026-02-11T14:54:00.915415,592.936943,RX,0x000,0,,,False,False,False
2026-02-11T14:54:00.915415,592.936943,RX,0x1E0,0,,,False,False,False
2026-02-11T14:54:00.915415,592.936943,RX,0x000,128,E0 01 00 00 00 00 00 00,........,False,True,True
2026-02-11T14:54:00.916431,592.937959,RX,0x000,128,00 38 9B 71 80 02 00 00,.8.q....,False,False,False
2026-02-11T14:54:00.916431,592.937959,RX,0x000,0,,,False,False,False
2026-02-11T14:54:00.916431,592.937959,RX,0x1E0,0,,,False,False,False
2026-02-11T14:54:00.916431,592.937959,RX,0x000,128,E0 01 00 00 00 00 00 00,........,False,True,True
2026-02-11T14:54:00.916431,592.937959,RX,0x000,128,00 38 9B 71 80 02 00 00,.8.q....,False,False,False
2026-02-11T14:54:00.916431,592.937959,RX,0x000,0,,,False,False,False
2026-02-11T14:54:00.917941,592.939470,RX,0x1E0,0,,,False,False,False
2026-02-11T14:54:00.917941,592.939470,RX,0x000,128,E0 01 00 00 00 00 00 00,........,False,True,True
2026-02-11T14:54:00.917941,592.939470,RX,0x000,128,00 38 9B 71 80 02 00 00,.8.q....,False,False,False
2026-02-11T14:54:00.917941,592.939470,RX,0x000,0,,,False,False,False
2026-02-11T14:54:00.917941,592.939470,RX,0x1E0,0,,,False,False,False
2026-02-11T14:54:00.917941,592.939470,RX,0x000,128,E0 01 00 00 00 00 00 00,........,False,True,True
2026-02-11T14:54:00.918970,592.940498,RX,0x000,128,00 38 9B 71 80 02 00 00,.8.q....,False,False,False
2026-02-11T14:54:00.918970,592.940498,RX,0x000,0,,,False,False,False
2026-02-11T14:54:00.918970,592.940498,RX,0x1E0,0,,,False,False,False
2026-02-11T14:54:00.918970,592.940498,RX,0x000,128,E0 01 00 00 00 00 00 00,........,False,True,True
2026-02-11T14:54:00.918970,592.940498,RX,0x000,128,00 38 9B 71 80 02 00 00,.8.q....,False,False,False
2026-02-11T14:54:00.918970,592.940498,RX,0x000,0,,,False,False,False
2026-02-11T14:54:00.918970,592.940498,RX,0x1E0,0,,,False,False,False
2026-02-11T14:54:00.919990,592.941518,RX,0x000,128,E0 01 00 00 00 00 00 00,........,False,True,True
2026-02-11T14:54:00.919990,592.941518,RX,0x000,128,00 38 9B 71 80 02 00 00,.8.q....,False,False,False
2026-02-11T14:54:00.919990,592.941518,RX,0x000,0,,,False,False,False
2026-02-11T14:54:00.919990,592.941518,RX,0x1E0,0,,,False,False,False
2026-02-11T14:54:00.919990,592.941518,RX,0x000,128,E0 01 00 00 00 00 00 00,........,False,True,True
2026-02-11T14:54:00.919990,592.941518,RX,0x000,128,00 38 9B 71 80 02 00 00,.8.q....,False,False,False
2026-02-11T14:54:00.919990,592.941518,RX,0x000,0,,,False,False,False
2026-02-11T14:54:00.921002,592.942530,RX,0x1E0,0,,,False,False,False
2026-02-11T14:54:00.921002,592.942530,RX,0x000,128,E0 01 00 00 00 00 00 00,........,False,True,True
2026-02-11T14:54:00.922015,592.943542,RX,0x000,128,00 38 9B 71 80 02 00 00,.8.q....,False,False,False
2026-02-11T14:54:00.922015,592.943542,RX,0x000,0,,,False,False,False
2026-02-11T14:54:00.922015,592.943542,RX,0x1E0,0,,,False,False,False
2026-02-11T14:54:00.922015,592.943542,RX,0x000,128,E0 01 00 00 00 00 00 00,........,False,True,True
2026-02-11T14:54:00.922015,592.943542,RX,0x000,128,00 38 9B 71 80 02 00 00,.8.q....,False,False,False
2026-02-11T14:54:00.923183,592.944711,RX,0x000,0,,,False,False,False
2026-02-11T14:54:00.923183,592.944711,RX,0x1E0,0,,,False,False,False
2026-02-11T14:54:00.923183,592.944711,RX,0x000,128,E0 01 00 00 00 00 00 00,........,False,True,True
2026-02-11T14:54:00.923183,592.944711,RX,0x000,128,00 38 9B 71 80 02 00 00,.8.q....,False,False,False
2026-02-11T14:54:00.923183,592.944711,RX,0x000,0,,,False,False,False
2026-02-11T14:54:00.923183,592.944711,RX,0x1E0,0,,,False,False,False
2026-02-11T14:54:00.924209,592.945737,RX,0x000,128,E0 01 00 00 00 00 00 00,........,False,True,True
2026-02-11T14:54:00.924209,592.945737,RX,0x000,128,00 38 9B 71 80 02 00 00,.8.q....,False,False,False
2026-02-11T14:54:00.924209,592.945737,RX,0x000,0,,,False,False,False
2026-02-11T14:54:00.924209,592.945737,RX,0x1E0,0,,,False,False,False
2026-02-11T14:54:00.924209,592.945737,RX,0x000,128,E0 01 00 00 00 00 00 00,........,False,True,True
2026-02-11T14:54:00.924209,592.945737,RX,0x000,128,00 38 9B 71 80 02 00 00,.8.q....,False,False,False
2026-02-11T14:54:00.925289,592.946817,RX,0x000,0,,,False,False,False
2026-02-11T14:54:00.925289,592.946817,RX,0x1E0,0,,,False,False,False
2026-02-11T14:54:00.925289,592.946817,RX,0x000,128,E0 01 00 00 00 00 00 00,........,False,True,True
2026-02-11T14:54:00.925289,592.946817,RX,0x000,128,00 38 9B 71 80 02 00 00,.8.q....,False,False,False
2026-02-11T14:54:00.925289,592.946817,RX,0x000,0,,,False,False,False
2026-02-11T14:54:00.925289,592.946817,RX,0x1E0,0,,,False,False,False
2026-02-11T14:54:00.925289,592.946817,RX,0x000,128,E0 01 00 00 00 00 00 00,........,False,True,True
2026-02-11T14:54:00.925289,592.946817,RX,0x000,128,00 38 9B 71 80 02 00 00,.8.q....,False,False,False
2026-02-11T14:54:00.925289,592.946817,RX,0x000,0,,,False,False,False
2026-02-11T14:54:00.925289,592.946817,RX,0x1E0,0,,,False,False,False
2026-02-11T14:54:00.925289,592.946817,RX,0x000,128,E0 01 00 00 00 00 00 00,........,False,True,True
2026-02-11T14:54:00.926323,592.947851,RX,0x000,128,00 38 9B 71 80 02 00 00,.8.q....,False,False,False
2026-02-11T14:54:00.926323,592.947851,RX,0x000,0,,,False,False,False
2026-02-11T14:54:00.926323,592.947851,RX,0x1E0,0,,,False,False,False
2026-02-11T14:54:00.926323,592.947851,RX,0x000,128,E0 01 00 00 00 00 00 00,........,False,True,True
2026-02-11T14:54:00.926323,592.947851,RX,0x000,128,00 38 9B 71 80 02 00 00,.8.q....,False,False,False
2026-02-11T14:54:00.926323,592.947851,RX,0x000,0,,,False,False,False
2026-02-11T14:54:00.926323,592.947851,RX,0x1E0,0,,,False,False,False
2026-02-11T14:54:00.926323,592.947851,RX,0x000,128,E0 01 00 00 00 00 00 00,........,False,True,True
2026-02-11T14:54:00.927349,592.948877,RX,0x000,128,00 38 9B 71 80 02 00 00,.8.q....,False,False,False
2026-02-11T14:54:00.927349,592.948877,RX,0x000,0,,,False,False,False
2026-02-11T14:54:00.927349,592.948877,RX,0x1E0,0,,,False,False,False
2026-02-11T14:54:00.927855,592.949383,RX,0x000,128,E0 01 00 00 00 00 00 00,........,False,True,True
2026-02-11T14:54:00.927855,592.949383,RX,0x000,128,00 38 9B 71 80 02 00 00,.8.q....,False,False,False
2026-02-11T14:54:00.927855,592.949383,RX,0x000,0,,,False,False,False
2026-02-11T14:54:00.927855,592.949383,RX,0x1E0,0,,,False,False,False
2026-02-11T14:54:00.927855,592.949383,RX,0x000,128,E0 01 00 00 00 00 00 00,........,False,True,True
2026-02-11T14:54:00.927855,592.949383,RX,0x000,128,00 38 9B 71 80 02 00 00,.8.q....,False,False,False
2026-02-11T14:54:00.927855,592.949383,RX,0x000,0,,,False,False,False
2026-02-11T14:54:00.927855,592.949383,RX,0x1E0,0,,,False,False,False
2026-02-11T14:54:00.927855,592.949383,RX,0x000,128,E0 01 00 00 00 00 00 00,........,False,True,True
2026-02-11T14:54:00.927855,592.949383,RX,0x000,128,00 38 9B 71 80 02 00 00,.8.q....,False,False,False
2026-02-11T14:54:00.927855,592.949383,RX,0x000,0,,,False,False,False
2026-02-11T14:54:00.928909,592.950437,RX,0x1E0,0,,,False,False,False
2026-02-11T14:54:00.928909,592.950437,RX,0x000,128,E0 01 00 00 00 00 00 00,........,False,True,True
2026-02-11T14:54:00.928909,592.950437,RX,0x000,128,00 38 9B 71 80 02 00 00,.8.q....,False,False,False
2026-02-11T14:54:00.928909,592.950437,RX,0x000,0,,,False,False,False
2026-02-11T14:54:00.928909,592.950437,RX,0x1E0,0,,,False,False,False
2026-02-11T14:54:00.928909,592.950437,RX,0x000,128,E0 01 00 00 00 00 00 00,........,False,True,True
2026-02-11T14:54:00.928909,592.950437,RX,0x000,128,00 38 9B 71 80 02 00 00,.8.q....,False,False,False
2026-02-11T14:54:00.928909,592.950437,RX,0x000,0,,,False,False,False
2026-02-11T14:54:00.928909,592.950437,RX,0x1E0,0,,,False,False,False
2026-02-11T14:54:00.929937,592.951465,RX,0x000,128,E0 01 00 00 00 00 00 00,........,False,True,True
2026-02-11T14:54:00.929937,592.951465,RX,0x000,128,00 38 9B 71 80 02 00 00,.8.q....,False,False,False
2026-02-11T14:54:00.929937,592.951465,RX,0x000,0,,,False,False,False
2026-02-11T14:54:00.929937,592.951465,RX,0x1E0,0,,,False,False,False
2026-02-11T14:54:00.929937,592.951465,RX,0x000,128,E0 01 00 00 00 00 00 00,........,False,True,True
2026-02-11T14:54:00.929937,592.951465,RX,0x000,128,00 38 9B 71 80 02 00 00,.8.q....,False,False,False
2026-02-11T14:54:00.929937,592.951465,RX,0x000,0,,,False,False,False
2026-02-11T14:54:00.930935,592.952463,RX,0x1E0,0,,,False,False,False
2026-02-11T14:54:00.930935,592.952463,RX,0x000,128,E0 01 00 00 00 00 00 00,........,False,True,True
2026-02-11T14:54:00.930935,592.952463,RX,0x000,128,00 38 9B 71 80 02 00 00,.8.q....,False,False,False
2026-02-11T14:54:00.930935,592.952463,RX,0x000,0,,,False,False,False
2026-02-11T14:54:00.930935,592.952463,RX,0x1E0,0,,,False,False,False
2026-02-11T14:54:00.930935,592.952463,RX,0x000,128,E0 01 00 00 00 00 00 00,........,False,True,True
2026-02-11T14:54:00.931444,592.952972,RX,0x000,128,00 38 9B 71 80 02 00 00,.8.q....,False,False,False
2026-02-11T14:54:00.931444,592.952972,RX,0x000,0,,,False,False,False
2026-02-11T14:54:00.931444,592.952972,RX,0x1E0,0,,,False,False,False
2026-02-11T14:54:00.931444,592.952972,RX,0x000,128,E0 01 00 00 00 00 00 00,........,False,True,True
2026-02-11T14:54:00.931444,592.952972,RX,0x000,128,00 38 9B 71 80 02 00 00,.8.q....,False,False,False
2026-02-11T14:54:00.931444,592.952972,RX,0x000,0,,,False,False,False
2026-02-11T14:54:00.931444,592.952972,RX,0x1E0,0,,,False,False,False
2026-02-11T14:54:00.931444,592.952972,RX,0x000,128,E0 01 00 00 00 00 00 00,........,False,True,True
2026-02-11T14:54:00.931444,592.952972,RX,0x000,128,00 38 9B 71 80 02 00 00,.8.q....,False,False,False
2026-02-11T14:54:00.931444,592.952972,RX,0x000,0,,,False,False,False
2026-02-11T14:54:00.931444,592.952972,RX,0x1E0,0,,,False,False,False
2026-02-11T14:54:00.931444,592.952972,RX,0x000,128,E0 01 00 00 00 00 00 00,........,False,True,True
2026-02-11T14:54:00.931444,592.952972,RX,0x000,128,00 38 9B 71 80 02 00 00,.8.q....,False,False,False
2026-02-11T14:54:00.932696,592.954224,RX,0x000,0,,,False,False,False
2026-02-11T14:54:00.932696,592.954224,RX,0x1E0,0,,,False,False,False
2026-02-11T14:54:00.932696,592.954224,RX,0x000,128,E0 01 00 00 00 00 00 00,........,False,True,True
2026-02-11T14:54:00.932696,592.954224,RX,0x000,128,00 38 9B 71 80 02 00 00,.8.q....,False,False,False
2026-02-11T14:54:00.932696,592.954224,RX,0x000,0,,,False,False,False
2026-02-11T14:54:00.933704,592.955232,RX,0x1E0,0,,,False,False,False
2026-02-11T14:54:00.933704,592.955232,RX,0x000,128,E0 01 00 00 00 00 00 00,........,False,True,True
2026-02-11T14:54:00.933704,592.955232,RX,0x000,128,00 38 9B 71 80 02 00 00,.8.q....,False,False,False
2026-02-11T14:54:00.933704,592.955232,RX,0x000,0,,,False,False,False
2026-02-11T14:54:00.933704,592.955232,RX,0x1E0,0,,,False,False,False
2026-02-11T14:54:00.933704,592.955232,RX,0x000,128,E0 01 00 00 00 00 00 00,........,False,True,True
2026-02-11T14:54:00.933704,592.955232,RX,0x000,128,00 38 9B 71 80 02 00 00,.8.q....,False,False,False
2026-02-11T14:54:00.933704,592.955232,RX,0x000,0,,,False,False,False
2026-02-11T14:54:00.933704,592.955232,RX,0x1E0,0,,,False,False,False
2026-02-11T14:54:00.934723,592.956251,RX,0x000,128,E0 01 00 00 00 00 00 00,........,False,True,True
2026-02-11T14:54:00.934723,592.956251,RX,0x000,128,00 38 9B 71 80 02 00 00,.8.q....,False,False,False
2026-02-11T14:54:00.934723,592.956251,RX,0x000,0,,,False,False,False
2026-02-11T14:54:00.934723,592.956251,RX,0x1E0,0,,,False,False,False
2026-02-11T14:54:00.934723,592.956251,RX,0x000,128,E0 01 00 00 00 00 00 00,........,False,True,True
2026-02-11T14:54:00.934723,592.956251,RX,0x000,128,00 38 9B 71 80 02 00 00,.8.q....,False,False,False
2026-02-11T14:54:00.934723,592.956251,RX,0x000,0,,,False,False,False
2026-02-11T14:54:00.934723,592.956251,RX,0x1E0,0,,,False,False,False
2026-02-11T14:54:00.934723,592.956251,RX,0x000,128,E0 01 00 00 00 00 00 00,........,False,True,True
2026-02-11T14:54:00.934723,592.956251,RX,0x000,128,00 38 9B 71 80 02 00 00,.8.q....,False,False,False
2026-02-11T14:54:00.934723,592.956251,RX,0x000,0,,,False,False,False
2026-02-11T14:54:00.935726,592.957254,RX,0x1E0,0,,,False,False,False
2026-02-11T14:54:00.935726,592.957254,RX,0x000,128,E0 01 00 00 00 00 00 00,........,False,True,True
2026-02-11T14:54:00.935726,592.957254,RX,0x000,128,00 38 9B 71 80 02 00 00,.8.q....,False,False,False
2026-02-11T14:54:00.935726,592.957254,RX,0x000,0,,,False,False,False
2026-02-11T14:54:00.935726,592.957254,RX,0x1E0,0,,,False,False,False
2026-02-11T14:54:00.935726,592.957254,RX,0x000,128,E0 01 00 00 00 00 00 00,........,False,True,True
2026-02-11T14:54:00.935726,592.957254,RX,0x000,128,00 38 9B 71 80 02 00 00,.8.q....,False,False,False
2026-02-11T14:54:00.935726,592.957254,RX,0x000,0,,,False,False,False
2026-02-11T14:54:00.935726,592.957254,RX,0x1E0,0,,,False,False,False
2026-02-11T14:54:00.935726,592.957254,RX,0x000,128,E0 01 00 00 00 00 00 00,........,False,True,True
2026-02-11T14:54:00.936843,592.958371,RX,0x000,128,00 38 9B 71 80 02 00 00,.8.q....,False,False,False
2026-02-11T14:54:00.936843,592.958371,RX,0x000,0,,,False,False,False
2026-02-11T14:54:00.936843,592.958371,RX,0x1E0,0,,,False,False,False
2026-02-11T14:54:00.936843,592.958371,RX,0x000,128,E0 01 00 00 00 00 00 00,........,False,True,True
2026-02-11T14:54:00.936843,592.958371,RX,0x000,128,00 38 9B 71 80 02 00 00,.8.q....,False,False,False
2026-02-11T14:54:00.936843,592.958371,RX,0x000,0,,,False,False,False
2026-02-11T14:54:00.936843,592.958371,RX,0x1E0,0,,,False,False,False
2026-02-11T14:54:00.936843,592.958371,RX,0x000,128,E0 01 00 00 00 00 00 00,........,False,True,True
2026-02-11T14:54:00.936843,592.958371,RX,0x000,128,00 38 9B 71 80 02 00 00,.8.q....,False,False,False
2026-02-11T14:54:00.937851,592.959379,RX,0x000,0,,,False,False,False
2026-02-11T14:54:00.937851,592.959379,RX,0x1E0,0,,,False,False,False
2026-02-11T14:54:00.937851,592.959379,RX,0x000,128,E0 01 00 00 00 00 00 00,........,False,True,True
2026-02-11T14:54:00.937851,592.959379,RX,0x000,128,00 38 9B 71 80 02 00 00,.8.q....,False,False,False
2026-02-11T14:54:00.937851,592.959379,RX,0x000,0,,,False,False,False
2026-02-11T14:54:00.937851,592.959379,RX,0x1E0,0,,,False,False,False
2026-02-11T14:54:00.937851,592.959379,RX,0x000,128,E0 01 00 00 00 00 00 00,........,False,True,True
2026-02-11T14:54:00.937851,592.959379,RX,0x000,128,00 38 9B 71 80 02 00 00,.8.q....,False,False,False
2026-02-11T14:54:00.937851,592.959379,RX,0x000,0,,,False,False,False
2026-02-11T14:54:00.937851,592.959379,RX,0x1E0,0,,,False,False,False
2026-02-11T14:54:00.937851,592.959379,RX,0x000,128,E0 01 00 00 00 00 00 00,........,False,True,True
2026-02-11T14:54:00.937851,592.959379,RX,0x000,128,00 38 9B 71 80 02 00 00,.8.q....,False,False,False
2026-02-11T14:54:00.937851,592.959379,RX,0x000,0,,,False,False,False
2026-02-11T14:54:00.938873,592.960401,RX,0x1E0,0,,,False,False,False
2026-02-11T14:54:00.938873,592.960401,RX,0x000,128,E0 01 00 00 00 00 00 00,........,False,True,True
2026-02-11T14:54:00.938873,592.960401,RX,0x000,128,00 38 9B 71 80 02 00 00,.8.q....,False,False,False
2026-02-11T14:54:00.938873,592.960401,RX,0x000,0,,,False,False,False
2026-02-11T14:54:00.938873,592.960401,RX,0x1E0,0,,,False,False,False
2026-02-11T14:54:00.938873,592.960401,RX,0x000,128,E0 01 00 00 00 00 00 00,........,False,True,True
2026-02-11T14:54:00.938873,592.960401,RX,0x000,128,00 38 9B 71 80 02 00 00,.8.q....,False,False,False
2026-02-11T14:54:00.938873,592.960401,RX,0x000,0,,,False,False,False
2026-02-11T14:54:00.938873,592.960401,RX,0x1E0,0,,,False,False,False
2026-02-11T14:54:00.938873,592.960401,RX,0x000,128,E0 01 00 00 00 00 00 00,........,False,True,True
2026-02-11T14:54:00.938873,592.960401,RX,0x000,128,00 38 9B 71 80 02 00 00,.8.q....,False,False,False
2026-02-11T14:54:00.938873,592.960401,RX,0x000,0,,,False,False,False
2026-02-11T14:54:00.938873,592.960401,RX,0x1E0,0,,,False,False,False
2026-02-11T14:54:00.938873,592.960401,RX,0x000,128,E0 01 00 00 00 00 00 00,........,False,True,True
2026-02-11T14:54:00.939884,592.961412,RX,0x000,128,00 38 9B 71 80 02 00 00,.8.q....,False,False,False
2026-02-11T14:54:00.939884,592.961412,RX,0x000,0,,,False,False,False
2026-02-11T14:54:00.939884,592.961412,RX,0x1E0,0,,,False,False,False
2026-02-11T14:54:00.939884,592.961412,RX,0x000,128,E0 01 00 00 00 00 00 00,........,False,True,True
2026-02-11T14:54:00.939884,592.961412,RX,0x000,128,00 38 9B 71 80 02 00 00,.8.q....,False,False,False
2026-02-11T14:54:00.939884,592.961412,RX,0x000,0,,,False,False,False
2026-02-11T14:54:00.939884,592.961412,RX,0x1E0,0,,,False,False,False
2026-02-11T14:54:00.939884,592.961412,RX,0x000,128,E0 01 00 00 00 00 00 00,........,False,True,True
2026-02-11T14:54:00.939884,592.961412,RX,0x000,128,00 38 9B 71 80 02 00 00,.8.q....,False,False,False
2026-02-11T14:54:00.939884,592.961412,RX,0x000,0,,,False,False,False
2026-02-11T14:54:00.939884,592.961412,RX,0x1E0,0,,,False,False,False
2026-02-11T14:54:00.941095,592.962623,RX,0x000,128,E0 01 00 00 00 00 00 00,........,False,True,True
2026-02-11T14:54:00.941095,592.962623,RX,0x000,128,00 38 9B 71 80 02 00 00,.8.q....,False,False,False
2026-02-11T14:54:00.941095,592.962623,RX,0x000,0,,,False,False,False
2026-02-11T14:54:00.941095,592.962623,RX,0x1E0,0,,,False,False,False
2026-02-11T14:54:00.941095,592.962623,RX,0x000,128,E0 01 00 00 00 00 00 00,........,False,True,True
2026-02-11T14:54:00.941095,592.962623,RX,0x000,128,00 38 9B 71 80 02 00 00,.8.q....,False,False,False
2026-02-11T14:54:00.941095,592.962623,RX,0x000,0,,,False,False,False
2026-02-11T14:54:00.941095,592.962623,RX,0x1E0,0,,,False,False,False
2026-02-11T14:54:00.941095,592.962623,RX,0x000,128,E0 01 00 00 00 00 00 00,........,False,True,True
2026-02-11T14:54:00.941095,592.962623,RX,0x000,128,00 38 9B 71 80 02 00 00,.8.q....,False,False,False
2026-02-11T14:54:00.941095,592.962623,RX,0x000,0,,,False,False,False
2026-02-11T14:54:00.941095,592.962623,RX,0x1E0,0,,,False,False,False
2026-02-11T14:54:00.941095,592.962623,RX,0x000,128,E0 01 00 00 00 00 00 00,........,False,True,True
2026-02-11T14:54:00.941095,592.962623,RX,0x000,128,00 38 9B 71 80 02 00 00,.8.q....,False,False,False
2026-02-11T14:54:00.942102,592.963630,RX,0x000,0,,,False,False,False
2026-02-11T14:54:00.942102,592.963630,RX,0x1E0,0,,,False,False,False
2026-02-11T14:54:00.942102,592.963630,RX,0x000,128,E0 01 00 00 00 00 00 00,........,False,True,True
2026-02-11T14:54:00.942102,592.963630,RX,0x000,128,00 38 9B 71 80 02 00 00,.8.q....,False,False,False
2026-02-11T14:54:00.942102,592.963630,RX,0x000,0,,,False,False,False
2026-02-11T14:54:00.942102,592.963630,RX,0x1E0,0,,,False,False,False
2026-02-11T14:54:00.942102,592.963630,RX,0x000,128,E0 01 00 00 00 00 00 00,........,False,True,True
2026-02-11T14:54:00.942102,592.963630,RX,0x000,128,00 38 9B 71 80 02 00 00,.8.q....,False,False,False
2026-02-11T14:54:00.943126,592.964654,RX,0x000,0,,,False,False,False
2026-02-11T14:54:00.943126,592.964654,RX,0x1E0,0,,,False,False,False
2026-02-11T14:54:00.943126,592.964654,RX,0x000,128,E0 01 00 00 00 00 00 00,........,False,True,True
2026-02-11T14:54:00.943126,592.964654,RX,0x000,128,00 38 9B 71 80 02 00 00,.8.q....,False,False,False
2026-02-11T14:54:00.943126,592.964654,RX,0x000,0,,,False,False,False
2026-02-11T14:54:00.943126,592.964654,RX,0x1E0,0,,,False,False,False
2026-02-11T14:54:00.943126,592.964654,RX,0x000,128,E0 01 00 00 00 00 00 00,........,False,True,True
2026-02-11T14:54:00.943126,592.964654,RX,0x000,128,00 38 9B 71 80 02 00 00,.8.q....,False,False,False
2026-02-11T14:54:00.943126,592.964654,RX,0x000,0,,,False,False,False
2026-02-11T14:54:00.943126,592.964654,RX,0x1E0,0,,,False,False,False
2026-02-11T14:54:00.943126,592.964654,RX,0x000,128,E0 01 00 00 00 00 00 00,........,False,True,True
2026-02-11T14:54:00.943126,592.964654,RX,0x000,128,00 38 9B 71 80 02 00 00,.8.q....,False,False,False
2026-02-11T14:54:00.943126,592.964654,RX,0x000,0,,,False,False,False
2026-02-11T14:54:00.943126,592.964654,RX,0x1E0,0,,,False,False,False
2026-02-11T14:54:00.943126,592.964654,RX,0x000,128,E0 01 00 00 00 00 00 00,........,False,True,True
2026-02-11T14:54:00.944168,592.965696,RX,0x000,128,00 38 9B 71 80 02 00 00,.8.q....,False,False,False
2026-02-11T14:54:00.944168,592.965696,RX,0x000,0,,,False,False,False
2026-02-11T14:54:00.944168,592.965696,RX,0x1E0,0,,,False,False,False
2026-02-11T14:54:00.944168,592.965696,RX,0x000,128,E0 01 00 00 00 00 00 00,........,False,True,True
2026-02-11T14:54:00.944168,592.965696,RX,0x000,128,00 38 9B 71 80 02 00 00,.8.q....,False,False,False
2026-02-11T14:54:00.944168,592.965696,RX,0x000,0,,,False,False,False
2026-02-11T14:54:00.944168,592.965696,RX,0x1E0,0,,,False,False,False
2026-02-11T14:54:00.944168,592.965696,RX,0x000,128,E0 01 00 00 00 00 00 00,........,False,True,True
2026-02-11T14:54:00.944168,592.965696,RX,0x000,128,00 38 9B 71 80 02 00 00,.8.q....,False,False,False
2026-02-11T14:54:00.944168,592.965696,RX,0x000,0,,,False,False,False
2026-02-11T14:54:00.944168,592.965696,RX,0x1E0,0,,,False,False,False
2026-02-11T14:54:00.944168,592.965696,RX,0x000,128,E0 01 00 00 00 00 00 00,........,False,True,True
2026-02-11T14:54:00.944168,592.965696,RX,0x000,128,00 38 9B 71 80 02 00 00,.8.q....,False,False,False
2026-02-11T14:54:00.944168,592.965696,RX,0x000,0,,,False,False,False
2026-02-11T14:54:00.945181,592.966709,RX,0x1E0,0,,,False,False,False
2026-02-11T14:54:00.945181,592.966709,RX,0x000,128,E0 01 00 00 00 00 00 00,........,False,True,True
2026-02-11T14:54:00.945181,592.966709,RX,0x000,128,00 38 9B 71 80 02 00 00,.8.q....,False,False,False
2026-02-11T14:54:00.945181,592.966709,RX,0x000,0,,,False,False,False
2026-02-11T14:54:00.945181,592.966709,RX,0x1E0,0,,,False,False,False
2026-02-11T14:54:00.945181,592.966709,RX,0x000,128,E0 01 00 00 00 00 00 00,........,False,True,True
2026-02-11T14:54:00.945181,592.966709,RX,0x000,128,00 38 9B 71 80 02 00 00,.8.q....,False,False,False
2026-02-11T14:54:00.945181,592.966709,RX,0x000,0,,,False,False,False
2026-02-11T14:54:00.945181,592.966709,RX,0x1E0,0,,,False,False,False
2026-02-11T14:54:00.945181,592.966709,RX,0x000,128,E0 01 00 00 00 00 00 00,........,False,True,True
2026-02-11T14:54:00.945181,592.966709,RX,0x000,128,00 38 9B 71 80 02 00 00,.8.q....,False,False,False
2026-02-11T14:54:00.945181,592.966709,RX,0x000,0,,,False,False,False
2026-02-11T14:54:00.945181,592.966709,RX,0x1E0,0,,,False,False,False
2026-02-11T14:54:00.945181,592.966709,RX,0x000,128,E0 01 00 00 00 00 00 00,........,False,True,True
2026-02-11T14:54:00.945181,592.966709,RX,0x000,128,00 38 9B 71 80 02 00 00,.8.q....,False,False,False
2026-02-11T14:54:00.946189,592.967717,RX,0x000,0,,,False,False,False
2026-02-11T14:54:00.946189,592.967717,RX,0x1E0,0,,,False,False,False
2026-02-11T14:54:00.946189,592.967717,RX,0x000,128,E0 01 00 00 00 00 00 00,........,False,True,True
2026-02-11T14:54:00.946189,592.967717,RX,0x000,128,00 38 9B 71 80 02 00 00,.8.q....,False,False,False
2026-02-11T14:54:00.946189,592.967717,RX,0x000,0,,,False,False,False
2026-02-11T14:54:00.946189,592.967717,RX,0x1E0,0,,,False,False,False
2026-02-11T14:54:00.946189,592.967717,RX,0x000,128,E0 01 00 00 00 00 00 00,........,False,True,True
2026-02-11T14:54:00.946189,592.967717,RX,0x000,128,00 38 9B 71 80 02 00 00,.8.q....,False,False,False
2026-02-11T14:54:00.947366,592.968894,RX,0x000,0,,,False,False,False
2026-02-11T14:54:00.947366,592.968894,RX,0x1E0,0,,,False,False,False
2026-02-11T14:54:00.947366,592.968894,RX,0x000,128,E0 01 00 00 00 00 00 00,........,False,True,True
2026-02-11T14:54:00.947366,592.968894,RX,0x000,128,00 38 9B 71 80 02 00 00,.8.q....,False,False,False
2026-02-11T14:54:00.947967,592.969495,RX,0x000,0,,,False,False,False
2026-02-11T14:54:00.947967,592.969495,RX,0x1E0,0,,,False,False,False
2026-02-11T14:54:00.947967,592.969495,RX,0x000,128,E0 01 00 00 00 00 00 00,........,False,True,True
2026-02-11T14:54:00.947967,592.969495,RX,0x000,128,00 38 9B 71 80 02 00 00,.8.q....,False,False,False
2026-02-11T14:54:00.947967,592.969495,RX,0x000,0,,,False,False,False
2026-02-11T14:54:00.947967,592.969495,RX,0x1E0,0,,,False,False,False
2026-02-11T14:54:00.947967,592.969495,RX,0x000,128,E0 01 00 00 00 00 00 00,........,False,True,True
2026-02-11T14:54:00.947967,592.969495,RX,0x000,128,00 38 9B 71 80 02 00 00,.8.q....,False,False,False
2026-02-11T14:54:00.947967,592.969495,RX,0x000,0,,,False,False,False
2026-02-11T14:54:00.947967,592.969495,RX,0x1E0,0,,,False,False,False
2026-02-11T14:54:00.947967,592.969495,RX,0x000,128,E0 01 00 00 00 00 00 00,........,False,True,True
2026-02-11T14:54:00.947967,592.969495,RX,0x000,128,00 38 9B 71 80 02 00 00,.8.q....,False,False,False
2026-02-11T14:54:00.947967,592.969495,RX,0x000,0,,,False,False,False
2026-02-11T14:54:00.947967,592.969495,RX,0x1E0,0,,,False,False,False
2026-02-11T14:54:00.949046,592.970574,RX,0x000,128,E0 01 00 00 00 00 00 00,........,False,True,True
2026-02-11T14:54:00.949046,592.970574,RX,0x000,128,00 38 9B 71 80 02 00 00,.8.q....,False,False,False
2026-02-11T14:54:00.949046,592.970574,RX,0x000,0,,,False,False,False
2026-02-11T14:54:00.949046,592.970574,RX,0x1E0,0,,,False,False,False
2026-02-11T14:54:00.949046,592.970574,RX,0x000,128,E0 01 00 00 00 00 00 00,........,False,True,True
2026-02-11T14:54:00.949046,592.970574,RX,0x000,128,00 38 9B 71 80 02 00 00,.8.q....,False,False,False
2026-02-11T14:54:00.949046,592.970574,RX,0x000,0,,,False,False,False
2026-02-11T14:54:00.949046,592.970574,RX,0x1E0,0,,,False,False,False
2026-02-11T14:54:00.949046,592.970574,RX,0x000,128,E0 01 00 00 00 00 00 00,........,False,True,True
2026-02-11T14:54:00.949046,592.970574,RX,0x000,128,00 38 9B 71 80 02 00 00,.8.q....,False,False,False
2026-02-11T14:54:00.949046,592.970574,RX,0x000,0,,,False,False,False
2026-02-11T14:54:00.949046,592.970574,RX,0x1E0,0,,,False,False,False
2026-02-11T14:54:00.950074,592.971602,RX,0x000,128,E0 01 00 00 00 00 00 00,........,False,True,True
2026-02-11T14:54:00.950074,592.971602,RX,0x000,128,00 38 9B 71 80 02 00 00,.8.q....,False,False,False
2026-02-11T14:54:00.950074,592.971602,RX,0x000,0,,,False,False,False
2026-02-11T14:54:00.950074,592.971602,RX,0x1E0,0,,,False,False,False
2026-02-11T14:54:00.950074,592.971602,RX,0x000,128,E0 01 00 00 00 00 00 00,........,False,True,True
2026-02-11T14:54:00.950074,592.971602,RX,0x000,128,00 38 9B 71 80 02 00 00,.8.q....,False,False,False
2026-02-11T14:54:00.950074,592.971602,RX,0x000,0,,,False,False,False
2026-02-11T14:54:00.950074,592.971602,RX,0x1E0,0,,,False,False,False
2026-02-11T14:54:00.950074,592.971602,RX,0x000,128,E0 01 00 00 00 00 00 00,........,False,True,True
2026-02-11T14:54:00.950074,592.971602,RX,0x000,128,00 38 9B 71 80 02 00 00,.8.q....,False,False,False
2026-02-11T14:54:00.950074,592.971602,RX,0x000,0,,,False,False,False
2026-02-11T14:54:00.950074,592.971602,RX,0x1E0,0,,,False,False,False
2026-02-11T14:54:00.950074,592.971602,RX,0x000,128,E0 01 00 00 00 00 00 00,........,False,True,True
2026-02-11T14:54:00.950074,592.971602,RX,0x000,128,00 38 9B 71 80 02 00 00,.8.q....,False,False,False
2026-02-11T14:54:00.951122,592.972650,RX,0x000,0,,,False,False,False
2026-02-11T14:54:00.951122,592.972650,RX,0x1E0,0,,,False,False,False
2026-02-11T14:54:00.951122,592.972650,RX,0x000,128,E0 01 00 00 00 00 00 00,........,False,True,True
2026-02-11T14:54:00.951122,592.972650,RX,0x000,128,00 38 9B 71 80 02 00 00,.8.q....,False,False,False
2026-02-11T14:54:00.951122,592.972650,RX,0x000,0,,,False,False,False
2026-02-11T14:54:00.951122,592.972650,RX,0x1E0,0,,,False,False,False
2026-02-11T14:54:00.951122,592.972650,RX,0x000,128,E0 01 00 00 00 00 00 00,........,False,True,True
2026-02-11T14:54:00.951122,592.972650,RX,0x000,128,00 38 9B 71 80 02 00 00,.8.q....,False,False,False
2026-02-11T14:54:00.951122,592.972650,RX,0x000,0,,,False,False,False
2026-02-11T14:54:00.951122,592.972650,RX,0x1E0,0,,,False,False,False
2026-02-11T14:54:00.951122,592.972650,RX,0x000,128,E0 01 00 00 00 00 00 00,........,False,True,True
2026-02-11T14:54:00.951122,592.972650,RX,0x000,128,00 38 9B 71 80 02 00 00,.8.q....,False,False,False
2026-02-11T14:54:00.951122,592.972650,RX,0x000,0,,,False,False,False
2026-02-11T14:54:00.951122,592.972650,RX,0x1E0,0,,,False,False,False
2026-02-11T14:54:00.951122,592.972650,RX,0x000,128,E0 01 00 00 00 00 00 00,........,False,True,True
2026-02-11T14:54:00.951122,592.972650,RX,0x000,128,00 38 9B 71 80 02 00 00,.8.q....,False,False,False
2026-02-11T14:54:00.951122,592.972650,RX,0x000,0,,,False,False,False
2026-02-11T14:54:00.952132,592.973660,RX,0x1E0,0,,,False,False,False
2026-02-11T14:54:00.952132,592.973660,RX,0x000,128,E0 01 00 00 00 00 00 00,........,False,True,True
2026-02-11T14:54:00.952132,592.973660,RX,0x000,128,00 38 9B 71 80 02 00 00,.8.q....,False,False,False
2026-02-11T14:54:00.952132,592.973660,RX,0x000,0,,,False,False,False
2026-02-11T14:54:00.952132,592.973660,RX,0x1E0,0,,,False,False,False
2026-02-11T14:54:00.952132,592.973660,RX,0x000,128,E0 01 00 00 00 00 00 00,........,False,True,True
2026-02-11T14:54:00.952132,592.973660,RX,0x000,128,00 38 9B 71 80 02 00 00,.8.q....,False,False,False
2026-02-11T14:54:00.952132,592.973660,RX,0x000,0,,,False,False,False
2026-02-11T14:54:00.952132,592.973660,RX,0x1E0,0,,,False,False,False
2026-02-11T14:54:00.952132,592.973660,RX,0x000,128,E0 01 00 00 00 00 00 00,........,False,True,True
2026-02-11T14:54:00.952132,592.973660,RX,0x000,128,00 38 9B 71 80 02 00 00,.8.q....,False,False,False
2026-02-11T14:54:00.952132,592.973660,RX,0x000,0,,,False,False,False
2026-02-11T14:54:00.952132,592.973660,RX,0x1E0,0,,,False,False,False
2026-02-11T14:54:00.952132,592.973660,RX,0x000,128,E0 01 00 00 00 00 00 00,........,False,True,True
2026-02-11T14:54:00.952132,592.973660,RX,0x000,128,00 38 9B 71 80 02 00 00,.8.q....,False,False,False
2026-02-11T14:54:00.952132,592.973660,RX,0x000,0,,,False,False,False
2026-02-11T14:54:00.953148,592.974676,RX,0x1E0,0,,,False,False,False
2026-02-11T14:54:00.953148,592.974676,RX,0x000,128,E0 01 00 00 00 00 00 00,........,False,True,True
2026-02-11T14:54:00.953148,592.974676,RX,0x000,128,00 38 9B 71 80 02 00 00,.8.q....,False,False,False
2026-02-11T14:54:00.953148,592.974676,RX,0x000,0,,,False,False,False
2026-02-11T14:54:00.953148,592.974676,RX,0x1E0,0,,,False,False,False
2026-02-11T14:54:00.953148,592.974676,RX,0x000,128,E0 01 00 00 00 00 00 00,........,False,True,True
2026-02-11T14:54:00.953148,592.974676,RX,0x000,128,00 38 9B 71 80 02 00 00,.8.q....,False,False,False
2026-02-11T14:54:00.953148,592.974676,RX,0x000,0,,,False,False,False
2026-02-11T14:54:00.953148,592.974676,RX,0x1E0,0,,,False,False,False
2026-02-11T14:54:00.953148,592.974676,RX,0x000,128,E0 01 00 00 00 00 00 00,........,False,True,True
2026-02-11T14:54:00.953148,592.974676,RX,0x000,128,00 38 9B 71 80 02 00 00,.8.q....,False,False,False
2026-02-11T14:54:00.953148,592.974676,RX,0x000,0,,,False,False,False
2026-02-11T14:54:00.953148,592.974676,RX,0x1E0,0,,,False,False,False
2026-02-11T14:54:00.953148,592.974676,RX,0x000,128,E0 01 00 00 00 00 00 00,........,False,True,True
2026-02-11T14:54:00.954168,592.975696,RX,0x000,128,00 38 9B 71 80 02 00 00,.8.q....,False,False,False
2026-02-11T14:54:00.954168,592.975696,RX,0x000,0,,,False,False,False
2026-02-11T14:54:00.954168,592.975696,RX,0x1E0,0,,,False,False,False
2026-02-11T14:54:00.954168,592.975696,RX,0x000,128,E0 01 00 00 00 00 00 00,........,False,True,True
2026-02-11T14:54:00.954168,592.975696,RX,0x000,128,00 38 9B 71 80 02 00 00,.8.q....,False,False,False
2026-02-11T14:54:00.954168,592.975696,RX,0x000,0,,,False,False,False
2026-02-11T14:54:00.954168,592.975696,RX,0x1E0,0,,,False,False,False
2026-02-11T14:54:00.954168,592.975696,RX,0x000,128,E0 01 00 00 00 00 00 00,........,False,True,True
2026-02-11T14:54:00.954168,592.975696,RX,0x000,128,00 38 9B 71 80 02 00 00,.8.q....,False,False,False
2026-02-11T14:54:00.954168,592.975696,RX,0x000,0,,,False,False,False
2026-02-11T14:54:00.954168,592.975696,RX,0x1E0,0,,,False,False,False
2026-02-11T14:54:00.954168,592.975696,RX,0x000,128,E0 01 00 00 00 00 00 00,........,False,True,True
2026-02-11T14:54:00.954168,592.975696,RX,0x000,128,00 38 9B 71 80 02 00 00,.8.q....,False,False,False
2026-02-11T14:54:00.954168,592.975696,RX,0x000,0,,,False,False,False
2026-02-11T14:54:00.954168,592.975696,RX,0x1E0,0,,,False,False,False
2026-02-11T14:54:00.954168,592.975696,RX,0x000,128,E0 01 00 00 00 00 00 00,........,False,True,True
2026-02-11T14:54:00.954168,592.975696,RX,0x000,128,00 38 9B 71 80 02 00 00,.8.q....,False,False,False
2026-02-11T14:54:00.955186,592.976714,RX,0x000,0,,,False,False,False
2026-02-11T14:54:00.955186,592.976714,RX,0x1E0,0,,,False,False,False
2026-02-11T14:54:00.955186,592.976714,RX,0x000,128,E0 01 00 00 00 00 00 00,........,False,True,True
2026-02-11T14:54:00.955186,592.976714,RX,0x000,128,00 38 9B 71 80 02 00 00,.8.q....,False,False,False
2026-02-11T14:54:00.955186,592.976714,RX,0x000,0,,,False,False,False
2026-02-11T14:54:00.955186,592.976714,RX,0x1E0,0,,,False,False,False
2026-02-11T14:54:00.955186,592.976714,RX,0x000,128,E0 01 00 00 00 00 00 00,........,False,True,True
2026-02-11T14:54:00.955186,592.976714,RX,0x000,128,00 38 9B 71 80 02 00 00,.8.q....,False,False,False
2026-02-11T14:54:00.955186,592.976714,RX,0x000,0,,,False,False,False
2026-02-11T14:54:00.955186,592.976714,RX,0x1E0,0,,,False,False,False
2026-02-11T14:54:00.955186,592.976714,RX,0x000,128,E0 01 00 00 00 00 00 00,........,False,True,True
2026-02-11T14:54:00.955186,592.976714,RX,0x000,128,00 38 9B 71 80 02 00 00,.8.q....,False,False,False
2026-02-11T14:54:00.956193,592.977721,RX,0x000,0,,,False,False,False
2026-02-11T14:54:00.956193,592.977721,RX,0x1E0,0,,,False,False,False
2026-02-11T14:54:00.956193,592.977721,RX,0x000,128,E0 01 00 00 00 00 00 00,........,False,True,True
2026-02-11T14:54:00.956193,592.977721,RX,0x000,128,00 38 9B 71 80 02 00 00,.8.q....,False,False,False
2026-02-11T14:54:00.956193,592.977721,RX,0x000,0,,,False,False,False
2026-02-11T14:54:00.956193,592.977721,RX,0x1E0,0,,,False,False,False
2026-02-11T14:54:00.956193,592.977721,RX,0x000,128,E0 01 00 00 00 00 00 00,........,False,True,True
2026-02-11T14:54:00.956193,592.977721,RX,0x000,128,00 38 9B 71 80 02 00 00,.8.q....,False,False,False
2026-02-11T14:54:00.956193,592.977721,RX,0x000,0,,,False,False,False
2026-02-11T14:54:00.956193,592.977721,RX,0x1E0,0,,,False,False,False
2026-02-11T14:54:00.956193,592.977721,RX,0x000,128,E0 01 00 00 00 00 00 00,........,False,True,True
2026-02-11T14:54:00.956193,592.977721,RX,0x000,128,00 38 9B 71 80 02 00 00,.8.q....,False,False,False
2026-02-11T14:54:00.956193,592.977721,RX,0x000,0,,,False,False,False
2026-02-11T14:54:00.956193,592.977721,RX,0x1E0,0,,,False,False,False
2026-02-11T14:54:00.956193,592.977721,RX,0x000,128,E0 01 00 00 00 00 00 00,........,False,True,True
2026-02-11T14:54:00.956193,592.977721,RX,0x000,128,00 38 9B 71 80 02 00 00,.8.q....,False,False,False
2026-02-11T14:54:00.956193,592.977721,RX,0x000,0,,,False,False,False
2026-02-11T14:54:00.957203,592.978731,RX,0x1E0,0,,,False,False,False
2026-02-11T14:54:00.957203,592.978731,RX,0x000,128,E0 01 00 00 00 00 00 00,........,False,True,True
2026-02-11T14:54:00.957203,592.978731,RX,0x000,128,00 38 9B 71 80 02 00 00,.8.q....,False,False,False
2026-02-11T14:54:00.957203,592.978731,RX,0x000,0,,,False,False,False
2026-02-11T14:54:00.957203,592.978731,RX,0x1E0,0,,,False,False,False
2026-02-11T14:54:00.957203,592.978731,RX,0x000,128,E0 01 00 00 00 00 00 00,........,False,True,True
2026-02-11T14:54:00.957203,592.978731,RX,0x000,128,00 38 9B 71 80 02 00 00,.8.q....,False,False,False
2026-02-11T14:54:00.957203,592.978731,RX,0x000,0,,,False,False,False
2026-02-11T14:54:00.957203,592.978731,RX,0x1E0,0,,,False,False,False
2026-02-11T14:54:00.957203,592.978731,RX,0x000,128,E0 01 00 00 00 00 00 00,........,False,True,True
2026-02-11T14:54:00.957203,592.978731,RX,0x000,128,00 38 9B 71 80 02 00 00,.8.q....,False,False,False
2026-02-11T14:54:00.957203,592.978731,RX,0x000,0,,,False,False,False
2026-02-11T14:54:00.957203,592.978731,RX,0x1E0,0,,,False,False,False
2026-02-11T14:54:00.957203,592.978731,RX,0x000,128,E0 01 00 00 00 00 00 00,........,False,True,True
2026-02-11T14:54:00.957203,592.978731,RX,0x000,128,00 38 9B 71 80 02 00 00,.8.q....,False,False,False
2026-02-11T14:54:00.957203,592.978731,RX,0x000,0,,,False,False,False
2026-02-11T14:54:00.957203,592.978731,RX,0x1E0,0,,,False,False,False
2026-02-11T14:54:00.958207,592.979735,RX,0x000,128,E0 01 00 00 00 00 00 00,........,False,True,True
2026-02-11T14:54:00.958207,592.979735,RX,0x000,128,00 38 9B 71 80 02 00 00,.8.q....,False,False,False
2026-02-11T14:54:00.958207,592.979735,RX,0x000,0,,,False,False,False
2026-02-11T14:54:00.958207,592.979735,RX,0x1E0,0,,,False,False,False
2026-02-11T14:54:00.958207,592.979735,RX,0x000,128,E0 01 00 00 00 00 00 00,........,False,True,True
2026-02-11T14:54:00.958207,592.979735,RX,0x000,128,00 38 9B 71 80 02 00 00,.8.q....,False,False,False
2026-02-11T14:54:00.958207,592.979735,RX,0x000,0,,,False,False,False
2026-02-11T14:54:00.958207,592.979735,RX,0x1E0,0,,,False,False,False
2026-02-11T14:54:00.958207,592.979735,RX,0x000,128,E0 01 00 00 00 00 00 00,........,False,True,True
2026-02-11T14:54:00.958722,592.980250,RX,0x000,128,00 38 9B 71 80 02 00 00,.8.q....,False,False,False
2026-02-11T14:54:00.958722,592.980250,RX,0x000,0,,,False,False,False
2026-02-11T14:54:00.958722,592.980250,RX,0x1E0,0,,,False,False,False
2026-02-11T14:54:00.958722,592.980250,RX,0x000,128,E0 01 00 00 00 00 00 00,........,False,True,True
2026-02-11T14:54:00.958722,592.980250,RX,0x000,128,00 38 9B 71 80 02 00 00,.8.q....,False,False,False
2026-02-11T14:54:00.958722,592.980250,RX,0x000,0,,,False,False,False
2026-02-11T14:54:00.958722,592.980250,RX,0x1E0,0,,,False,False,False
2026-02-11T14:54:00.958722,592.980250,RX,0x000,128,E0 01 00 00 00 00 00 00,........,False,True,True
2026-02-11T14:54:00.958722,592.980250,RX,0x000,128,00 38 9B 71 80 02 00 00,.8.q....,False,False,False
2026-02-11T14:54:00.958722,592.980250,RX,0x000,0,,,False,False,False
2026-02-11T14:54:00.958722,592.980250,RX,0x1E0,0,,,False,False,False
2026-02-11T14:54:00.958722,592.980250,RX,0x000,128,E0 01 00 00 00 00 00 00,........,False,True,True
2026-02-11T14:54:00.958722,592.980250,RX,0x000,128,00 38 9B 71 80 02 00 00,.8.q....,False,False,False
2026-02-11T14:54:00.959731,592.981259,RX,0x000,0,,,False,False,False
2026-02-11T14:54:00.959731,592.981259,RX,0x1E0,0,,,False,False,False
2026-02-11T14:54:00.959731,592.981259,RX,0x000,128,E0 01 00 00 00 00 00 00,........,False,True,True
2026-02-11T14:54:00.959731,592.981259,RX,0x000,128,00 38 9B 71 80 02 00 00,.8.q....,False,False,False
2026-02-11T14:54:00.959731,592.981259,RX,0x000,0,,,False,False,False
2026-02-11T14:54:00.959731,592.981259,RX,0x1E0,0,,,False,False,False
2026-02-11T14:54:00.959731,592.981259,RX,0x000,128,E0 01 00 00 00 00 00 00,........,False,True,True
2026-02-11T14:54:00.959731,592.981259,RX,0x000,128,00 38 9B 71 80 02 00 00,.8.q....,False,False,False
2026-02-11T14:54:00.959731,592.981259,RX,0x000,0,,,False,False,False
2026-02-11T14:54:00.959731,592.981259,RX,0x1E0,0,,,False,False,False
2026-02-11T14:54:00.959731,592.981259,RX,0x000,128,E0 01 00 00 00 00 00 00,........,False,True,True
2026-02-11T14:54:00.959731,592.981259,RX,0x000,128,00 38 9B 71 80 02 00 00,.8.q....,False,False,False
2026-02-11T14:54:00.959731,592.981259,RX,0x000,0,,,False,False,False
2026-02-11T14:54:00.959731,592.981259,RX,0x1E0,0,,,False,False,False
2026-02-11T14:54:00.959731,592.981259,RX,0x000,128,E0 01 00 00 00 00 00 00,........,False,True,True
2026-02-11T14:54:00.959731,592.981259,RX,0x000,128,00 38 9B 71 80 02 00 00,.8.q....,False,False,False
2026-02-11T14:54:00.959731,592.981259,RX,0x000,0,,,False,False,False
2026-02-11T14:54:00.959731,592.981259,RX,0x1E0,0,,,False,False,False
2026-02-11T14:54:00.959731,592.981259,RX,0x000,128,E0 01 00 00 00 00 00 00,........,False,True,True
2026-02-11T14:54:00.959731,592.981259,RX,0x000,128,00 38 9B 71 80 02 00 00,.8.q....,False,False,False
2026-02-11T14:54:00.959731,592.981259,RX,0x000,0,,,False,False,False
2026-02-11T14:54:00.959731,592.981259,RX,0x1E0,0,,,False,False,False
2026-02-11T14:54:00.959731,592.981259,RX,0x000,128,E0 01 00 00 00 00 00 00,........,False,True,True
2026-02-11T14:54:00.959731,592.981259,RX,0x000,128,00 38 9B 71 80 02 00 00,.8.q....,False,False,False
2026-02-11T14:54:00.959731,592.981259,RX,0x000,0,,,False,False,False
2026-02-11T14:54:00.959731,592.981259,RX,0x1E0,0,,,False,False,False
2026-02-11T14:54:00.959731,592.981259,RX,0x000,128,E0 01 00 00 00 00 00 00,........,False,True,True
2026-02-11T14:54:00.959731,592.981259,RX,0x000,128,00 38 9B 71 80 02 00 00,.8.q....,False,False,False
2026-02-11T14:54:00.961247,592.982775,RX,0x000,0,,,False,False,False
2026-02-11T14:54:00.961247,592.982775,RX,0x1E0,0,,,False,False,False
2026-02-11T14:54:00.961247,592.982775,RX,0x000,128,E0 01 00 00 00 00 00 00,........,False,True,True
2026-02-11T14:54:00.961247,592.982775,RX,0x000,128,00 38 9B 71 80 02 00 00,.8.q....,False,False,False
2026-02-11T14:54:00.961247,592.982775,RX,0x000,0,,,False,False,False
2026-02-11T14:54:00.961247,592.982775,RX,0x1E0,0,,,False,False,False
2026-02-11T14:54:00.961247,592.982775,RX,0x000,128,E0 01 00 00 00 00 00 00,........,False,True,True
2026-02-11T14:54:00.961247,592.982775,RX,0x000,128,00 38 9B 71 80 02 00 00,.8.q....,False,False,False
2026-02-11T14:54:00.961247,592.982775,RX,0x000,0,,,False,False,False
2026-02-11T14:54:00.961247,592.982775,RX,0x1E0,0,,,False,False,False
2026-02-11T14:54:00.961247,592.982775,RX,0x000,128,E0 01 00 00 00 00 00 00,........,False,True,True
2026-02-11T14:54:00.961247,592.982775,RX,0x000,128,00 38 9B 71 80 02 00 00,.8.q....,False,False,False
2026-02-11T14:54:00.962273,592.983801,RX,0x000,0,,,False,False,False
2026-02-11T14:54:00.962273,592.983801,RX,0x1E0,0,,,False,False,False
2026-02-11T14:54:00.962273,592.983801,RX,0x000,128,E0 01 00 00 00 00 00 00,........,False,True,True
2026-02-11T14:54:00.962273,592.983801,RX,0x000,128,00 38 9B 71 80 02 00 00,.8.q....,False,False,False
2026-02-11T14:54:00.962273,592.983801,RX,0x000,0,,,False,False,False
2026-02-11T14:54:00.962273,592.983801,RX,0x1E0,0,,,False,False,False
2026-02-11T14:54:00.962273,592.983801,RX,0x000,128,E0 01 00 00 00 00 00 00,........,False,True,True
2026-02-11T14:54:00.962273,592.983801,RX,0x000,128,00 38 9B 71 80 02 00 00,.8.q....,False,False,False
2026-02-11T14:54:00.962273,592.983801,RX,0x000,0,,,False,False,False
2026-02-11T14:54:00.962273,592.983801,RX,0x1E0,0,,,False,False,False
2026-02-11T14:54:00.962273,592.983801,RX,0x000,128,E0 01 00 00 00 00 00 00,........,False,True,True
2026-02-11T14:54:00.962273,592.983801,RX,0x000,128,00 38 9B 71 80 02 00 00,.8.q....,False,False,False
2026-02-11T14:54:00.963466,592.984994,RX,0x000,0,,,False,False,False
2026-02-11T14:54:00.963466,592.984994,RX,0x1E0,0,,,False,False,False
2026-02-11T14:54:00.963466,592.984994,RX,0x000,128,E0 01 00 00 00 00 00 00,........,False,True,True
2026-02-11T14:54:00.963466,592.984994,RX,0x000,128,00 38 9B 71 80 02 00 00,.8.q....,False,False,False
2026-02-11T14:54:00.963466,592.984994,RX,0x000,0,,,False,False,False
2026-02-11T14:54:00.963466,592.984994,RX,0x1E0,0,,,False,False,False
2026-02-11T14:54:00.963466,592.984994,RX,0x000,128,E0 01 00 00 00 00 00 00,........,False,True,True
2026-02-11T14:54:00.963466,592.984994,RX,0x000,128,00 38 9B 71 80 02 00 00,.8.q....,False,False,False
2026-02-11T14:54:00.963466,592.984994,RX,0x000,0,,,False,False,False
2026-02-11T14:54:00.963466,592.984994,RX,0x1E0,0,,,False,False,False
2026-02-11T14:54:00.963466,592.984994,RX,0x000,128,E0 01 00 00 00 00 00 00,........,False,True,True
2026-02-11T14:54:00.963466,592.984994,RX,0x000,128,00 38 9B 71 80 02 00 00,.8.q....,False,False,False
2026-02-11T14:54:00.963466,592.984994,RX,0x000,0,,,False,False,False
2026-02-11T14:54:00.963466,592.984994,RX,0x1E0,0,,,False,False,False
2026-02-11T14:54:00.963466,592.984994,RX,0x000,128,E0 01 00 00 00 00 00 00,........,False,True,True
2026-02-11T14:54:00.963466,592.984994,RX,0x000,128,00 38 9B 71 80 02 00 00,.8.q....,False,False,False
2026-02-11T14:54:00.963466,592.984994,RX,0x000,0,,,False,False,False
2026-02-11T14:54:00.964479,592.986007,RX,0x1E0,0,,,False,False,False
2026-02-11T14:54:00.964479,592.986007,RX,0x000,128,E0 01 00 00 00 00 00 00,........,False,True,True
2026-02-11T14:54:00.964479,592.986007,RX,0x000,128,00 38 9B 71 80 02 00 00,.8.q....,False,False,False
2026-02-11T14:54:00.964479,592.986007,RX,0x000,0,,,False,False,False
2026-02-11T14:54:00.964479,592.986007,RX,0x1E0,0,,,False,False,False
2026-02-11T14:54:00.964479,592.986007,RX,0x000,128,E0 01 00 00 00 00 00 00,........,False,True,True
2026-02-11T14:54:00.964479,592.986007,RX,0x000,128,00 38 9B 71 80 02 00 00,.8.q....,False,False,False
2026-02-11T14:54:00.964479,592.986007,RX,0x000,0,,,False,False,False
2026-02-11T14:54:00.964479,592.986007,RX,0x1E0,0,,,False,False,False
2026-02-11T14:54:00.964479,592.986007,RX,0x000,128,E0 01 00 00 00 00 00 00,........,False,True,True
2026-02-11T14:54:00.964479,592.986007,RX,0x000,128,00 38 9B 71 80 02 00 00,.8.q....,False,False,False
2026-02-11T14:54:00.964479,592.986007,RX,0x000,0,,,False,False,False
2026-02-11T14:54:00.964479,592.986007,RX,0x1E0,0,,,False,False,False
2026-02-11T14:54:00.964479,592.986007,RX,0x000,128,E0 01 00 00 00 00 00 00,........,False,True,True
2026-02-11T14:54:00.964479,592.986007,RX,0x000,128,00 38 9B 71 80 02 00 00,.8.q....,False,False,False
2026-02-11T14:54:00.964479,592.986007,RX,0x000,0,,,False,False,False
2026-02-11T14:54:00.964479,592.986007,RX,0x1E0,0,,,False,False,False
2026-02-11T14:54:00.964479,592.986007,RX,0x000,128,E0 01 00 00 00 00 00 00,........,False,True,True
2026-02-11T14:54:00.964479,592.986007,RX,0x000,128,00 38 9B 71 80 02 00 00,.8.q....,False,False,False
2026-02-11T14:54:00.964479,592.986007,RX,0x000,0,,,False,False,False
2026-02-11T14:54:00.965491,592.987019,RX,0x1E0,0,,,False,False,False
2026-02-11T14:54:00.965491,592.987019,RX,0x000,128,E0 01 00 00 00 00 00 00,........,False,True,True
2026-02-11T14:54:00.965491,592.987019,RX,0x000,128,00 38 9B 71 80 02 00 00,.8.q....,False,False,False
2026-02-11T14:54:00.965491,592.987019,RX,0x000,0,,,False,False,False
2026-02-11T14:54:00.965491,592.987019,RX,0x1E0,0,,,False,False,False
2026-02-11T14:54:00.965491,592.987019,RX,0x000,128,E0 01 00 00 00 00 00 00,........,False,True,True
2026-02-11T14:54:00.965491,592.987019,RX,0x000,128,00 38 9B 71 80 02 00 00,.8.q....,False,False,False
2026-02-11T14:54:00.965491,592.987019,RX,0x000,0,,,False,False,False
2026-02-11T14:54:00.965491,592.987019,RX,0x1E0,0,,,False,False,False
2026-02-11T14:54:00.965491,592.987019,RX,0x000,128,E0 01 00 00 00 00 00 00,........,False,True,True
2026-02-11T14:54:00.965491,592.987019,RX,0x000,128,00 38 9B 71 80 02 00 00,.8.q....,False,False,False
2026-02-11T14:54:00.965491,592.987019,RX,0x000,0,,,False,False,False
2026-02-11T14:54:00.965491,592.987019,RX,0x1E0,0,,,False,False,False
2026-02-11T14:54:00.965491,592.987019,RX,0x000,128,E0 01 00 00 00 00 00 00,........,False,True,True
2026-02-11T14:54:00.965491,592.987019,RX,0x000,128,00 38 9B 71 80 02 00 00,.8.q....,False,False,False
2026-02-11T14:54:00.965491,592.987019,RX,0x000,0,,,False,False,False
2026-02-11T14:54:00.965491,592.987019,RX,0x1E0,0,,,False,False,False
2026-02-11T14:54:00.965491,592.987019,RX,0x000,128,E0 01 00 00 00 00 00 00,........,False,True,True
2026-02-11T14:54:00.965491,592.987019,RX,0x000,128,00 38 9B 71 80 02 00 00,.8.q....,False,False,False
2026-02-11T14:54:00.966514,592.988042,RX,0x000,0,,,False,False,False
2026-02-11T14:54:00.966514,592.988042,RX,0x1E0,0,,,False,False,False
2026-02-11T14:54:00.966514,592.988042,RX,0x000,128,E0 01 00 00 00 00 00 00,........,False,True,True
2026-02-11T14:54:00.966514,592.988042,RX,0x000,128,00 38 9B 71 80 02 00 00,.8.q....,False,False,False
2026-02-11T14:54:00.966514,592.988042,RX,0x000,0,,,False,False,False
2026-02-11T14:54:00.966514,592.988042,RX,0x1E0,0,,,False,False,False
2026-02-11T14:54:00.966514,592.988042,RX,0x000,128,E0 01 00 00 00 00 00 00,........,False,True,True
2026-02-11T14:54:00.966514,592.988042,RX,0x000,128,00 38 9B 71 80 02 00 00,.8.q....,False,False,False
2026-02-11T14:54:00.966514,592.988042,RX,0x000,0,,,False,False,False
2026-02-11T14:54:00.966514,592.988042,RX,0x1E0,0,,,False,False,False
2026-02-11T14:54:00.966514,592.988042,RX,0x000,128,E0 01 00 00 00 00 00 00,........,False,True,True
2026-02-11T14:54:00.966514,592.988042,RX,0x000,128,00 38 9B 71 80 02 00 00,.8.q....,False,False,False
2026-02-11T14:54:00.966514,592.988042,RX,0x000,0,,,False,False,False
2026-02-11T14:54:00.968028,592.989556,RX,0x1E0,0,,,False,False,False
2026-02-11T14:54:00.968028,592.989556,RX,0x000,128,E0 01 00 00 00 00 00 00,........,False,True,True
2026-02-11T14:54:00.968028,592.989556,RX,0x000,128,00 38 9B 71 80 02 00 00,.8.q....,False,False,False
2026-02-11T14:54:00.968028,592.989556,RX,0x000,0,,,False,False,False
2026-02-11T14:54:00.968028,592.989556,RX,0x1E0,0,,,False,False,False
2026-02-11T14:54:00.968028,592.989556,RX,0x000,128,E0 01 00 00 00 00 00 00,........,False,True,True
2026-02-11T14:54:00.968028,592.989556,RX,0x000,128,00 38 9B 71 80 02 00 00,.8.q....,False,False,False
2026-02-11T14:54:00.968028,592.989556,RX,0x000,0,,,False,False,False
2026-02-11T14:54:00.968028,592.989556,RX,0x1E0,0,,,False,False,False
2026-02-11T14:54:00.968028,592.989556,RX,0x000,128,E0 01 00 00 00 00 00 00,........,False,True,True
2026-02-11T14:54:00.968028,592.989556,RX,0x000,128,00 38 9B 71 80 02 00 00,.8.q....,False,False,False
2026-02-11T14:54:00.968028,592.989556,RX,0x000,0,,,False,False,False
2026-02-11T14:54:00.968028,592.989556,RX,0x1E0,0,,,False,False,False
2026-02-11T14:54:00.968028,592.989556,RX,0x000,128,E0 01 00 00 00 00 00 00,........,False,True,True
2026-02-11T14:54:00.968028,592.989556,RX,0x000,128,00 38 9B 71 80 02 00 00,.8.q....,False,False,False
2026-02-11T14:54:00.968028,592.989556,RX,0x000,0,,,False,False,False
2026-02-11T14:54:00.968028,592.989556,RX,0x1E0,0,,,False,False,False
2026-02-11T14:54:00.969032,592.989556,RX,0x000,128,E0 01 00 00 00 00 00 00,........,False,True,True
2026-02-11T14:54:00.969032,592.990560,RX,0x000,128,00 38 9B 71 80 02 00 00,.8.q....,False,False,False
2026-02-11T14:54:00.969032,592.990560,RX,0x000,0,,,False,False,False
2026-02-11T14:54:00.969032,592.990560,RX,0x1E0,0,,,False,False,False
2026-02-11T14:54:00.969540,592.991068,RX,0x000,128,E0 01 00 00 00 00 00 00,........,False,True,True
2026-02-11T14:54:00.969540,592.991068,RX,0x000,128,00 38 9B 71 80 02 00 00,.8.q....,False,False,False
2026-02-11T14:54:00.969540,592.991068,RX,0x000,0,,,False,False,False
2026-02-11T14:54:00.969540,592.991068,RX,0x1E0,0,,,False,False,False
2026-02-11T14:54:00.969540,592.991068,RX,0x000,128,E0 01 00 00 00 00 00 00,........,False,True,True
2026-02-11T14:54:00.969540,592.991068,RX,0x000,128,00 38 9B 71 80 02 00 00,.8.q....,False,False,False
2026-02-11T14:54:00.969540,592.991068,RX,0x000,0,,,False,False,False
2026-02-11T14:54:00.969540,592.991068,RX,0x1E0,0,,,False,False,False
2026-02-11T14:54:00.969540,592.991068,RX,0x000,128,E0 01 00 00 00 00 00 00,........,False,True,True
2026-02-11T14:54:00.969540,592.991068,RX,0x000,128,00 38 9B 71 80 02 00 00,.8.q....,False,False,False
2026-02-11T14:54:00.969540,592.991068,RX,0x000,0,,,False,False,False
2026-02-11T14:54:00.969540,592.991068,RX,0x1E0,0,,,False,False,False
2026-02-11T14:54:00.969540,592.991068,RX,0x000,128,E0 01 00 00 00 00 00 00,........,False,True,True
2026-02-11T14:54:00.969540,592.991068,RX,0x000,128,00 38 9B 71 80 02 00 00,.8.q....,False,False,False
2026-02-11T14:54:00.969540,592.991068,RX,0x000,0,,,False,False,False
2026-02-11T14:54:00.969540,592.991068,RX,0x1E0,0,,,False,False,False
2026-02-11T14:54:00.969540,592.991068,RX,0x000,128,E0 01 00 00 00 00 00 00,........,False,True,True
2026-02-11T14:54:00.969540,592.991068,RX,0x000,128,00 38 9B 71 80 02 00 00,.8.q....,False,False,False
2026-02-11T14:54:00.971048,592.992576,RX,0x000,0,,,False,False,False
2026-02-11T14:54:00.971048,592.992576,RX,0x1E0,0,,,False,False,False
2026-02-11T14:54:00.971048,592.992576,RX,0x000,128,E0 01 00 00 00 00 00 00,........,False,True,True
2026-02-11T14:54:00.971048,592.992576,RX,0x000,128,00 38 9B 71 80 02 00 00,.8.q....,False,False,False
2026-02-11T14:54:00.971048,592.992576,RX,0x000,0,,,False,False,False
2026-02-11T14:54:00.971048,592.992576,RX,0x1E0,0,,,False,False,False
2026-02-11T14:54:00.971048,592.992576,RX,0x000,128,E0 01 00 00 00 00 00 00,........,False,True,True
2026-02-11T14:54:00.971048,592.992576,RX,0x000,128,00 38 9B 71 80 02 00 00,.8.q....,False,False,False
2026-02-11T14:54:00.971048,592.992576,RX,0x000,0,,,False,False,False
2026-02-11T14:54:00.971048,592.992576,RX,0x1E0,0,,,False,False,False
2026-02-11T14:54:00.971048,592.992576,RX,0x000,128,E0 01 00 00 00 00 00 00,........,False,True,True
2026-02-11T14:54:00.971048,592.992576,RX,0x000,128,00 38 9B 71 80 02 00 00,.8.q....,False,False,False
2026-02-11T14:54:00.971048,592.992576,RX,0x000,0,,,False,False,False
2026-02-11T14:54:00.971048,592.992576,RX,0x1E0,0,,,False,False,False
2026-02-11T14:54:00.971048,592.992576,RX,0x000,128,E0 01 00 00 00 00 00 00,........,False,True,True
2026-02-11T14:54:00.971048,592.992576,RX,0x000,128,00 38 9B 71 80 02 00 00,.8.q....,False,False,False
2026-02-11T14:54:00.971048,592.992576,RX,0x000,0,,,False,False,False
2026-02-11T14:54:00.972061,592.993589,RX,0x1E0,0,,,False,False,False
2026-02-11T14:54:00.972061,592.993589,RX,0x000,128,E0 01 00 00 00 00 00 00,........,False,True,True
2026-02-11T14:54:00.972061,592.993589,RX,0x000,128,00 38 9B 71 80 02 00 00,.8.q....,False,False,False
2026-02-11T14:54:00.972061,592.993589,RX,0x000,0,,,False,False,False
2026-02-11T14:54:00.972061,592.993589,RX,0x1E0,0,,,False,False,False
2026-02-11T14:54:00.972061,592.993589,RX,0x000,128,E0 01 00 00 00 00 00 00,........,False,True,True
2026-02-11T14:54:00.972061,592.993589,RX,0x000,128,00 38 9B 71 80 02 00 00,.8.q....,False,False,False
2026-02-11T14:54:00.972061,592.993589,RX,0x000,0,,,False,False,False
2026-02-11T14:54:00.972061,592.993589,RX,0x1E0,0,,,False,False,False
2026-02-11T14:54:00.972061,592.993589,RX,0x000,128,E0 01 00 00 00 00 00 00,........,False,True,True
2026-02-11T14:54:00.972061,592.993589,RX,0x000,128,00 38 9B 71 80 02 00 00,.8.q....,False,False,False
2026-02-11T14:54:00.972061,592.993589,RX,0x000,0,,,False,False,False
2026-02-11T14:54:00.972061,592.993589,RX,0x1E0,0,,,False,False,False
2026-02-11T14:54:00.972061,592.993589,RX,0x000,128,E0 01 00 00 00 00 00 00,........,False,True,True
2026-02-11T14:54:00.972061,592.993589,RX,0x000,128,00 38 9B 71 80 02 00 00,.8.q....,False,False,False
2026-02-11T14:54:00.972061,592.993589,RX,0x000,0,,,False,False,False
2026-02-11T14:54:00.972061,592.993589,RX,0x1E0,0,,,False,False,False
2026-02-11T14:54:00.972061,592.993589,RX,0x000,128,E0 01 00 00 00 00 00 00,........,False,True,True
2026-02-11T14:54:00.973071,592.994599,RX,0x000,128,00 38 9B 71 80 02 00 00,.8.q....,False,False,False
2026-02-11T14:54:00.973071,592.994599,RX,0x000,0,,,False,False,False
2026-02-11T14:54:00.973071,592.994599,RX,0x1E0,0,,,False,False,False
2026-02-11T14:54:00.973071,592.994599,RX,0x000,128,E0 01 00 00 00 00 00 00,........,False,True,True
2026-02-11T14:54:00.973071,592.994599,RX,0x000,128,00 38 9B 71 80 02 00 00,.8.q....,False,False,False
2026-02-11T14:54:00.973071,592.994599,RX,0x000,0,,,False,False,False
2026-02-11T14:54:00.973071,592.994599,RX,0x1E0,0,,,False,False,False
2026-02-11T14:54:00.973071,592.994599,RX,0x000,128,E0 01 00 00 00 00 00 00,........,False,True,True
2026-02-11T14:54:00.973071,592.994599,RX,0x000,128,00 38 9B 71 80 02 00 00,.8.q....,False,False,False
2026-02-11T14:54:00.973071,592.994599,RX,0x000,0,,,False,False,False
2026-02-11T14:54:00.973071,592.994599,RX,0x1E0,0,,,False,False,False
2026-02-11T14:54:00.973071,592.994599,RX,0x000,128,E0 01 00 00 00 00 00 00,........,False,True,True
2026-02-11T14:54:00.973071,592.994599,RX,0x000,128,00 38 9B 71 80 02 00 00,.8.q....,False,False,False
2026-02-11T14:54:00.973071,592.994599,RX,0x000,0,,,False,False,False
2026-02-11T14:54:00.973071,592.994599,RX,0x1E0,0,,,False,False,False
2026-02-11T14:54:00.973071,592.994599,RX,0x000,128,E0 01 00 00 00 00 00 00,........,False,True,True
2026-02-11T14:54:00.973071,592.994599,RX,0x000,128,00 38 9B 71 80 02 00 00,.8.q....,False,False,False
2026-02-11T14:54:00.974111,592.995639,RX,0x000,0,,,False,False,False
2026-02-11T14:54:00.974111,592.995639,RX,0x1E0,0,,,False,False,False
2026-02-11T14:54:00.974111,592.995639,RX,0x000,128,E0 01 00 00 00 00 00 00,........,False,True,True
2026-02-11T14:54:00.974111,592.995639,RX,0x000,128,00 38 9B 71 80 02 00 00,.8.q....,False,False,False
2026-02-11T14:54:00.974111,592.995639,RX,0x000,0,,,False,False,False
2026-02-11T14:54:00.974111,592.995639,RX,0x1E0,0,,,False,False,False
2026-02-11T14:54:00.974111,592.995639,RX,0x000,128,E0 01 00 00 00 00 00 00,........,False,True,True
2026-02-11T14:54:00.974111,592.995639,RX,0x000,128,00 38 9B 71 80 02 00 00,.8.q....,False,False,False
2026-02-11T14:54:00.974111,592.995639,RX,0x000,0,,,False,False,False
2026-02-11T14:54:00.974111,592.995639,RX,0x1E0,0,,,False,False,False
2026-02-11T14:54:00.974111,592.995639,RX,0x000,128,E0 01 00 00 00 00 00 00,........,False,True,True
2026-02-11T14:54:00.974111,592.995639,RX,0x000,128,00 38 9B 71 80 02 00 00,.8.q....,False,False,False
2026-02-11T14:54:00.974111,592.995639,RX,0x000,0,,,False,False,False
2026-02-11T14:54:00.974111,592.995639,RX,0x1E0,0,,,False,False,False
2026-02-11T14:54:00.974111,592.995639,RX,0x000,128,E0 01 00 00 00 00 00 00,........,False,True,True
2026-02-11T14:54:00.974111,592.995639,RX,0x000,128,00 38 9B 71 80 02 00 00,.8.q....,False,False,False
2026-02-11T14:54:00.974111,592.995639,RX,0x000,0,,,False,False,False
2026-02-11T14:54:00.974111,592.995639,RX,0x1E0,0,,,False,False,False
2026-02-11T14:54:00.974111,592.995639,RX,0x000,128,E0 01 00 00 00 00 00 00,........,False,True,True
2026-02-11T14:54:00.974111,592.995639,RX,0x000,128,00 38 9B 71 80 02 00 00,.8.q....,False,False,False
2026-02-11T14:54:00.974111,592.995639,RX,0x000,0,,,False,False,False
2026-02-11T14:54:00.974111,592.995639,RX,0x1E0,0,,,False,False,False
2026-02-11T14:54:00.975138,592.996666,RX,0x000,128,E0 01 00 00 00 00 00 00,........,False,True,True
2026-02-11T14:54:00.975138,592.996666,RX,0x000,128,00 38 9B 71 80 02 00 00,.8.q....,False,False,False
2026-02-11T14:54:00.975138,592.996666,RX,0x000,0,,,False,False,False
2026-02-11T14:54:00.975138,592.996666,RX,0x1E0,0,,,False,False,False
2026-02-11T14:54:00.975138,592.996666,RX,0x000,128,E0 01 00 00 00 00 00 00,........,False,True,True
2026-02-11T14:54:00.975138,592.996666,RX,0x000,128,00 38 9B 71 80 02 00 00,.8.q....,False,False,False
2026-02-11T14:54:00.975138,592.996666,RX,0x000,0,,,False,False,False
2026-02-11T14:54:00.975138,592.996666,RX,0x1E0,0,,,False,False,False
2026-02-11T14:54:00.975138,592.996666,RX,0x000,128,E0 01 00 00 00 00 00 00,........,False,True,True
2026-02-11T14:54:00.975138,592.996666,RX,0x000,128,00 38 9B 71 80 02 00 00,.8.q....,False,False,False
2026-02-11T14:54:00.975138,592.996666,RX,0x000,0,,,False,False,False
2026-02-11T14:54:00.975138,592.996666,RX,0x1E0,0,,,False,False,False
2026-02-11T14:54:00.975138,592.996666,RX,0x000,128,E0 01 00 00 00 00 00 00,........,False,True,True
2026-02-11T14:54:00.976163,592.997691,RX,0x000,128,00 38 9B 71 80 02 00 00,.8.q....,False,False,False
2026-02-11T14:54:00.976163,592.997691,RX,0x000,0,,,False,False,False
2026-02-11T14:54:00.976163,592.997691,RX,0x1E0,0,,,False,False,False
2026-02-11T14:54:00.976163,592.997691,RX,0x000,128,E0 01 00 00 00 00 00 00,........,False,True,True
2026-02-11T14:54:00.976163,592.997691,RX,0x000,128,00 38 9B 71 80 02 00 00,.8.q....,False,False,False
2026-02-11T14:54:00.976163,592.997691,RX,0x000,0,,,False,False,False
2026-02-11T14:54:00.976163,592.997691,RX,0x1E0,0,,,False,False,False
2026-02-11T14:54:00.976163,592.997691,RX,0x000,128,E0 01 00 00 00 00 00 00,........,False,True,True
2026-02-11T14:54:00.976163,592.997691,RX,0x000,128,00 38 9B 71 80 02 00 00,.8.q....,False,False,False
2026-02-11T14:54:00.976163,592.997691,RX,0x000,0,,,False,False,False
2026-02-11T14:54:00.976163,592.997691,RX,0x1E0,0,,,False,False,False
2026-02-11T14:54:00.976163,592.997691,RX,0x000,128,E0 01 00 00 00 00 00 00,........,False,True,True
2026-02-11T14:54:00.976163,592.997691,RX,0x000,128,00 38 9B 71 80 02 00 00,.8.q....,False,False,False
2026-02-11T14:54:00.976163,592.997691,RX,0x000,0,,,False,False,False
2026-02-11T14:54:00.976163,592.997691,RX,0x1E0,0,,,False,False,False
2026-02-11T14:54:00.976163,592.997691,RX,0x000,128,E0 01 00 00 00 00 00 00,........,False,True,True
2026-02-11T14:54:00.976163,592.997691,RX,0x000,128,00 38 9B 71 80 02 00 00,.8.q....,False,False,False
2026-02-11T14:54:00.976163,592.997691,RX,0x000,0,,,False,False,False
2026-02-11T14:54:00.976163,592.997691,RX,0x1E0,0,,,False,False,False
2026-02-11T14:54:00.976163,592.997691,RX,0x000,128,E0 01 00 00 00 00 00 00,........,False,True,True
2026-02-11T14:54:00.977163,592.998691,RX,0x000,128,00 38 9B 71 80 02 00 00,.8.q....,False,False,False
2026-02-11T14:54:00.977163,592.998691,RX,0x000,0,,,False,False,False
2026-02-11T14:54:00.977163,592.998691,RX,0x1E0,0,,,False,False,False
2026-02-11T14:54:00.977163,592.998691,RX,0x000,128,E0 01 00 00 00 00 00 00,........,False,True,True
2026-02-11T14:54:00.977163,592.998691,RX,0x000,128,00 38 9B 71 80 02 00 00,.8.q....,False,False,False
2026-02-11T14:54:00.977163,592.998691,RX,0x000,0,,,False,False,False
2026-02-11T14:54:00.977163,592.998691,RX,0x1E0,0,,,False,False,False
2026-02-11T14:54:00.977163,592.998691,RX,0x000,128,E0 01 00 00 00 00 00 00,........,False,True,True
2026-02-11T14:54:00.977163,592.998691,RX,0x000,128,00 38 9B 71 80 02 00 00,.8.q....,False,False,False
2026-02-11T14:54:00.977163,592.998691,RX,0x000,0,,,False,False,False
2026-02-11T14:54:00.977163,592.998691,RX,0x1E0,0,,,False,False,False
2026-02-11T14:54:00.977163,592.998691,RX,0x000,128,E0 01 00 00 00 00 00 00,........,False,True,True
2026-02-11T14:54:00.977163,592.998691,RX,0x000,128,00 38 9B 71 80 02 00 00,.8.q....,False,False,False
2026-02-11T14:54:00.977163,592.998691,RX,0x000,0,,,False,False,False
2026-02-11T14:54:00.977163,592.998691,RX,0x1E0,0,,,False,False,False
2026-02-11T14:54:00.977163,592.998691,RX,0x000,128,E0 01 00 00 00 00 00 00,........,False,True,True
2026-02-11T14:54:00.977163,592.998691,RX,0x000,128,00 38 9B 71 80 02 00 00,.8.q....,False,False,False
2026-02-11T14:54:00.978363,592.999891,RX,0x000,0,,,False,False,False
2026-02-11T14:54:00.978363,592.999891,RX,0x1E0,0,,,False,False,False
2026-02-11T14:54:00.978363,592.999891,RX,0x000,128,E0 01 00 00 00 00 00 00,........,False,True,True
2026-02-11T14:54:00.978363,592.999891,RX,0x000,128,00 38 9B 71 80 02 00 00,.8.q....,False,False,False
2026-02-11T14:54:00.978363,592.999891,RX,0x000,0,,,False,False,False
2026-02-11T14:54:00.978363,592.999891,RX,0x1E0,0,,,False,False,False
2026-02-11T14:54:00.978363,592.999891,RX,0x000,128,E0 01 00 00 00 00 00 00,........,False,True,True
2026-02-11T14:54:00.978363,592.999891,RX,0x000,128,00 38 9B 71 80 02 00 00,.8.q....,False,False,False
2026-02-11T14:54:00.978363,592.999891,RX,0x000,0,,,False,False,False
2026-02-11T14:54:00.978363,592.999891,RX,0x1E0,0,,,False,False,False
2026-02-11T14:54:00.978363,592.999891,RX,0x000,128,E0 01 00 00 00 00 00 00,........,False,True,True
2026-02-11T14:54:00.978363,592.999891,RX,0x000,128,00 38 9B 71 80 02 00 00,.8.q....,False,False,False
2026-02-11T14:54:00.978363,592.999891,RX,0x000,0,,,False,False,False
2026-02-11T14:54:00.978363,592.999891,RX,0x1E0,0,,,False,False,False
2026-02-11T14:54:00.978363,592.999891,RX,0x000,128,E0 01 00 00 00 00 00 00,........,False,True,True
2026-02-11T14:54:00.978363,592.999891,RX,0x000,128,00 38 9B 71 80 02 00 00,.8.q....,False,False,False
2026-02-11T14:54:00.978363,592.999891,RX,0x000,0,,,False,False,False
2026-02-11T14:54:00.979412,593.000940,RX,0x1E0,0,,,False,False,False
2026-02-11T14:54:00.979412,593.000940,RX,0x000,128,E0 01 00 00 00 00 00 00,........,False,True,True
2026-02-11T14:54:00.979412,593.000940,RX,0x000,128,00 38 9B 71 80 02 00 00,.8.q....,False,False,False
2026-02-11T14:54:00.979412,593.000940,RX,0x000,0,,,False,False,False
2026-02-11T14:54:00.979412,593.000940,RX,0x1E0,0,,,False,False,False
2026-02-11T14:54:00.979412,593.000940,RX,0x000,128,E0 01 00 00 00 00 00 00,........,False,True,True
2026-02-11T14:54:00.979412,593.000940,RX,0x000,128,00 38 9B 71 80 02 00 00,.8.q....,False,False,False
2026-02-11T14:54:00.979412,593.000940,RX,0x000,0,,,False,False,False
2026-02-11T14:54:00.979412,593.000940,RX,0x1E0,0,,,False,False,False
2026-02-11T14:54:00.979412,593.000940,RX,0x000,128,E0 01 00 00 00 00 00 00,........,False,True,True
2026-02-11T14:54:00.979412,593.000940,RX,0x000,128,00 38 9B 71 80 02 00 00,.8.q....,False,False,False
2026-02-11T14:54:00.979412,593.000940,RX,0x000,0,,,False,False,False
2026-02-11T14:54:00.979412,593.000940,RX,0x1E0,0,,,False,False,False
2026-02-11T14:54:00.979412,593.000940,RX,0x000,128,E0 01 00 00 00 00 00 00,........,False,True,True
2026-02-11T14:54:00.979412,593.000940,RX,0x000,128,00 38 9B 71 80 02 00 00,.8.q....,False,False,False
2026-02-11T14:54:00.979412,593.000940,RX,0x000,0,,,False,False,False
2026-02-11T14:54:00.979412,593.000940,RX,0x1E0,0,,,False,False,False
2026-02-11T14:54:00.979412,593.000940,RX,0x000,128,E0 01 00 00 00 00 00 00,........,False,True,True
2026-02-11T14:54:00.979412,593.000940,RX,0x000,128,00 38 9B 71 80 02 00 00,.8.q....,False,False,False
2026-02-11T14:54:00.979412,593.000940,RX,0x000,0,,,False,False,False
2026-02-11T14:54:00.979412,593.000940,RX,0x1E0,0,,,False,False,False
2026-02-11T14:54:00.979412,593.000940,RX,0x000,128,E0 01 00 00 00 00 00 00,........,False,True,True
2026-02-11T14:54:00.979412,593.000940,RX,0x000,128,00 38 9B 71 80 02 00 00,.8.q....,False,False,False
2026-02-11T14:54:00.979412,593.000940,RX,0x000,0,,,False,False,False
2026-02-11T14:54:00.979412,593.000940,RX,0x1E0,0,,,False,False,False
2026-02-11T14:54:00.979412,593.000940,RX,0x000,128,E0 01 00 00 00 00 00 00,........,False,True,True
2026-02-11T14:54:00.979412,593.000940,RX,0x000,128,00 38 9B 71 80 02 00 00,.8.q....,False,False,False
2026-02-11T14:54:00.980919,593.002447,RX,0x000,0,,,False,False,False
2026-02-11T14:54:00.980919,593.002447,RX,0x1E0,0,,,False,False,False
2026-02-11T14:54:00.980919,593.002447,RX,0x000,128,E0 01 00 00 00 00 00 00,........,False,True,True
2026-02-11T14:54:00.980919,593.002447,RX,0x000,128,00 38 9B 71 80 02 00 00,.8.q....,False,False,False
2026-02-11T14:54:00.980919,593.002447,RX,0x000,0,,,False,False,False
2026-02-11T14:54:00.980919,593.002447,RX,0x1E0,0,,,False,False,False
2026-02-11T14:54:00.980919,593.002447,RX,0x000,128,E0 01 00 00 00 00 00 00,........,False,True,True
2026-02-11T14:54:00.980919,593.002447,RX,0x000,128,00 38 9B 71 80 02 00 00,.8.q....,False,False,False
2026-02-11T14:54:00.980919,593.002447,RX,0x000,0,,,False,False,False
2026-02-11T14:54:00.980919,593.002447,RX,0x1E0,0,,,False,False,False
2026-02-11T14:54:00.980919,593.002447,RX,0x000,128,E0 01 00 00 00 00 00 00,........,False,True,True
2026-02-11T14:54:00.980919,593.002447,RX,0x000,128,00 38 9B 71 80 02 00 00,.8.q....,False,False,False
2026-02-11T14:54:00.980919,593.002447,RX,0x000,0,,,False,False,False
2026-02-11T14:54:00.981924,593.003452,RX,0x1E0,0,,,False,False,False
2026-02-11T14:54:00.981924,593.003452,RX,0x000,128,E0 01 00 00 00 00 00 00,........,False,True,True
2026-02-11T14:54:00.981924,593.003452,RX,0x000,128,00 38 9B 71 80 02 00 00,.8.q....,False,False,False
2026-02-11T14:54:00.981924,593.003452,RX,0x000,0,,,False,False,False
2026-02-11T14:54:00.981924,593.003452,RX,0x1E0,0,,,False,False,False
2026-02-11T14:54:00.981924,593.003452,RX,0x000,128,E0 01 00 00 00 00 00 00,........,False,True,True
2026-02-11T14:54:00.981924,593.003452,RX,0x000,128,00 38 9B 71 80 02 00 00,.8.q....,False,False,False
2026-02-11T14:54:00.981924,593.003452,RX,0x000,0,,,False,False,False
2026-02-11T14:54:00.981924,593.003452,RX,0x1E0,0,,,False,False,False
2026-02-11T14:54:00.981924,593.003452,RX,0x000,128,E0 01 00 00 00 00 00 00,........,False,True,True
2026-02-11T14:54:00.981924,593.003452,RX,0x000,128,00 38 9B 71 80 02 00 00,.8.q....,False,False,False
2026-02-11T14:54:00.981924,593.003452,RX,0x000,0,,,False,False,False
2026-02-11T14:54:00.982923,593.004451,RX,0x1E0,0,,,False,False,False
2026-02-11T14:54:00.982923,593.004451,RX,0x000,128,E0 01 00 00 00 00 00 00,........,False,True,True
2026-02-11T14:54:00.982923,593.004451,RX,0x000,128,00 38 9B 71 80 02 00 00,.8.q....,False,False,False
2026-02-11T14:54:00.982923,593.004451,RX,0x000,0,,,False,False,False
2026-02-11T14:54:00.982923,593.004451,RX,0x1E0,0,,,False,False,False
2026-02-11T14:54:00.982923,593.004451,RX,0x000,128,E0 01 00 00 00 00 00 00,........,False,True,True
2026-02-11T14:54:00.982923,593.004451,RX,0x000,128,00 38 9B 71 80 02 00 00,.8.q....,False,False,False
2026-02-11T14:54:00.982923,593.004451,RX,0x000,0,,,False,False,False
2026-02-11T14:54:00.982923,593.004451,RX,0x1E0,0,,,False,False,False
2026-02-11T14:54:00.982923,593.004451,RX,0x000,128,E0 01 00 00 00 00 00 00,........,False,True,True
2026-02-11T14:54:00.982923,593.004451,RX,0x000,128,00 38 9B 71 80 02 00 00,.8.q....,False,False,False
2026-02-11T14:54:00.982923,593.004451,RX,0x000,0,,,False,False,False
2026-02-11T14:54:00.982923,593.004451,RX,0x1E0,0,,,False,False,False
2026-02-11T14:54:00.982923,593.004451,RX,0x000,128,E0 01 00 00 00 00 00 00,........,False,True,True
2026-02-11T14:54:00.982923,593.004451,RX,0x000,128,00 38 9B 71 80 02 00 00,.8.q....,False,False,False
2026-02-11T14:54:00.982923,593.004451,RX,0x000,0,,,False,False,False
2026-02-11T14:54:00.982923,593.004451,RX,0x1E0,0,,,False,False,False
2026-02-11T14:54:00.983924,593.005452,RX,0x000,128,E0 01 00 00 00 00 00 00,........,False,True,True
2026-02-11T14:54:00.983924,593.005452,RX,0x000,128,00 38 9B 71 80 02 00 00,.8.q....,False,False,False
2026-02-11T14:54:00.983924,593.005452,RX,0x000,0,,,False,False,False
2026-02-11T14:54:00.983924,593.005452,RX,0x1E0,0,,,False,False,False
2026-02-11T14:54:00.983924,593.005452,RX,0x000,128,E0 01 00 00 00 00 00 00,........,False,True,True
2026-02-11T14:54:00.983924,593.005452,RX,0x000,128,00 38 9B 71 80 02 00 00,.8.q....,False,False,False
2026-02-11T14:54:00.983924,593.005452,RX,0x000,0,,,False,False,False
2026-02-11T14:54:00.983924,593.005452,RX,0x1E0,0,,,False,False,False
2026-02-11T14:54:00.983924,593.005452,RX,0x000,128,E0 01 00 00 00 00 00 00,........,False,True,True
2026-02-11T14:54:00.983924,593.005452,RX,0x000,128,00 38 9B 71 80 02 00 00,.8.q....,False,False,False
2026-02-11T14:54:00.983924,593.005452,RX,0x000,0,,,False,False,False
2026-02-11T14:54:00.983924,593.005452,RX,0x1E0,0,,,False,False,False
2026-02-11T14:54:00.983924,593.005452,RX,0x000,128,E0 01 00 00 00 00 00 00,........,False,True,True
2026-02-11T14:54:00.983924,593.005452,RX,0x000,128,00 38 9B 71 80 02 00 00,.8.q....,False,False,False
2026-02-11T14:54:00.983924,593.005452,RX,0x000,0,,,False,False,False
2026-02-11T14:54:00.983924,593.005452,RX,0x1E0,0,,,False,False,False
2026-02-11T14:54:00.983924,593.005452,RX,0x000,128,E0 01 00 00 00 00 00 00,........,False,True,True
2026-02-11T14:54:00.983924,593.005452,RX,0x000,128,00 38 9B 71 80 02 00 00,.8.q....,False,False,False
2026-02-11T14:54:00.984923,593.006451,RX,0x000,0,,,False,False,False
2026-02-11T14:54:00.984923,593.006451,RX,0x1E0,0,,,False,False,False
2026-02-11T14:54:00.984923,593.006451,RX,0x000,128,E0 01 00 00 00 00 00 00,........,False,True,True
2026-02-11T14:54:00.984923,593.006451,RX,0x000,128,00 38 9B 71 80 02 00 00,.8.q....,False,False,False
2026-02-11T14:54:00.984923,593.006451,RX,0x000,0,,,False,False,False
2026-02-11T14:54:00.984923,593.006451,RX,0x1E0,0,,,False,False,False
2026-02-11T14:54:00.984923,593.006451,RX,0x000,128,E0 01 00 00 00 00 00 00,........,False,True,True
2026-02-11T14:54:00.984923,593.006451,RX,0x000,128,00 38 9B 71 80 02 00 00,.8.q....,False,False,False
2026-02-11T14:54:00.984923,593.006451,RX,0x000,0,,,False,False,False
2026-02-11T14:54:00.984923,593.006451,RX,0x1E0,0,,,False,False,False
2026-02-11T14:54:00.984923,593.006451,RX,0x000,128,E0 01 00 00 00 00 00 00,........,False,True,True
2026-02-11T14:54:00.984923,593.006451,RX,0x000,128,00 38 9B 71 80 02 00 00,.8.q....,False,False,False
2026-02-11T14:54:00.984923,593.006451,RX,0x000,0,,,False,False,False
2026-02-11T14:54:00.984923,593.006451,RX,0x1E0,0,,,False,False,False
2026-02-11T14:54:00.984923,593.006451,RX,0x000,128,E0 01 00 00 00 00 00 00,........,False,True,True
2026-02-11T14:54:00.984923,593.006451,RX,0x000,128,00 38 9B 71 80 02 00 00,.8.q....,False,False,False
2026-02-11T14:54:00.984923,593.006451,RX,0x000,0,,,False,False,False
2026-02-11T14:54:00.984923,593.006451,RX,0x1E0,0,,,False,False,False
2026-02-11T14:54:00.984923,593.006451,RX,0x000,128,E0 01 00 00 00 00 00 00,........,False,True,True
2026-02-11T14:54:00.984923,593.006451,RX,0x000,128,00 38 9B 71 80 02 00 00,.8.q....,False,False,False
2026-02-11T14:54:00.985924,593.007452,RX,0x000,0,,,False,False,False
2026-02-11T14:54:00.985924,593.007452,RX,0x1E0,0,,,False,False,False
2026-02-11T14:54:00.985924,593.007452,RX,0x000,128,E0 01 00 00 00 00 00 00,........,False,True,True
2026-02-11T14:54:00.985924,593.007452,RX,0x000,128,00 38 9B 71 80 02 00 00,.8.q....,False,False,False
2026-02-11T14:54:00.985924,593.007452,RX,0x000,0,,,False,False,False
2026-02-11T14:54:00.985924,593.007452,RX,0x1E0,0,,,False,False,False
2026-02-11T14:54:00.985924,593.007452,RX,0x000,128,E0 01 00 00 00 00 00 00,........,False,True,True
2026-02-11T14:54:00.985924,593.007452,RX,0x000,128,00 38 9B 71 80 02 00 00,.8.q....,False,False,False
2026-02-11T14:54:00.985924,593.007452,RX,0x000,0,,,False,False,False
2026-02-11T14:54:00.985924,593.007452,RX,0x1E0,0,,,False,False,False
2026-02-11T14:54:00.985924,593.007452,RX,0x000,128,E0 01 00 00 00 00 00 00,........,False,True,True
2026-02-11T14:54:00.985924,593.007452,RX,0x000,128,00 38 9B 71 80 02 00 00,.8.q....,False,False,False
2026-02-11T14:54:00.985924,593.007452,RX,0x000,0,,,False,False,False
2026-02-11T14:54:00.985924,593.007452,RX,0x1E0,0,,,False,False,False
2026-02-11T14:54:00.985924,593.007452,RX,0x000,128,E0 01 00 00 00 00 00 00,........,False,True,True
2026-02-11T14:54:00.985924,593.007452,RX,0x000,128,00 38 9B 71 80 02 00 00,.8.q....,False,False,False
2026-02-11T14:54:00.985924,593.007452,RX,0x000,0,,,False,False,False
2026-02-11T14:54:00.985924,593.007452,RX,0x1E0,0,,,False,False,False
2026-02-11T14:54:00.985924,593.007452,RX,0x000,128,E0 01 00 00 00 00 00 00,........,False,True,True
2026-02-11T14:54:00.985924,593.007452,RX,0x000,128,00 38 9B 71 80 02 00 00,.8.q....,False,False,False
2026-02-11T14:54:00.986924,593.008452,RX,0x000,0,,,False,False,False
2026-02-11T14:54:00.986924,593.008452,RX,0x1E0,0,,,False,False,False
2026-02-11T14:54:00.986924,593.008452,RX,0x000,128,E0 01 00 00 00 00 00 00,........,False,True,True
2026-02-11T14:54:00.986924,593.008452,RX,0x000,128,00 38 9B 71 80 02 00 00,.8.q....,False,False,False
2026-02-11T14:54:00.986924,593.008452,RX,0x000,0,,,False,False,False
2026-02-11T14:54:00.986924,593.008452,RX,0x1E0,0,,,False,False,False
2026-02-11T14:54:00.986924,593.008452,RX,0x000,128,E0 01 00 00 00 00 00 00,........,False,True,True
2026-02-11T14:54:00.986924,593.008452,RX,0x000,128,00 38 9B 71 80 02 00 00,.8.q....,False,False,False
2026-02-11T14:54:00.986924,593.008452,RX,0x000,0,,,False,False,False
2026-02-11T14:54:00.986924,593.008452,RX,0x1E0,0,,,False,False,False
2026-02-11T14:54:00.986924,593.008452,RX,0x000,128,E0 01 00 00 00 00 00 00,........,False,True,True
2026-02-11T14:54:00.986924,593.008452,RX,0x000,128,00 38 9B 71 80 02 00 00,.8.q....,False,False,False
2026-02-11T14:54:00.986924,593.008452,RX,0x000,0,,,False,False,False
2026-02-11T14:54:00.986924,593.008452,RX,0x1E0,0,,,False,False,False
2026-02-11T14:54:00.987925,593.009453,RX,0x000,128,E0 01 00 00 00 00 00 00,........,False,True,True
2026-02-11T14:54:00.987925,593.009453,RX,0x000,128,00 38 9B 71 80 02 00 00,.8.q....,False,False,False
2026-02-11T14:54:00.987925,593.009453,RX,0x000,0,,,False,False,False
2026-02-11T14:54:00.987925,593.009453,RX,0x1E0,0,,,False,False,False
2026-02-11T14:54:00.987925,593.009453,RX,0x000,128,E0 01 00 00 00 00 00 00,........,False,True,True
2026-02-11T14:54:00.987925,593.009453,RX,0x000,128,00 38 9B 71 80 02 00 00,.8.q....,False,False,False
2026-02-11T14:54:00.988432,593.009960,RX,0x000,0,,,False,False,False
2026-02-11T14:54:00.988432,593.009960,RX,0x1E0,0,,,False,False,False
2026-02-11T14:54:00.988432,593.009960,RX,0x000,128,E0 01 00 00 00 00 00 00,........,False,True,True
2026-02-11T14:54:00.988432,593.009960,RX,0x000,128,00 38 9B 71 80 02 00 00,.8.q....,False,False,False
2026-02-11T14:54:00.988432,593.009960,RX,0x000,0,,,False,False,False
2026-02-11T14:54:00.988432,593.009960,RX,0x1E0,0,,,False,False,False
2026-02-11T14:54:00.988432,593.009960,RX,0x000,128,E0 01 00 00 00 00 00 00,........,False,True,True
2026-02-11T14:54:00.988432,593.009960,RX,0x000,128,00 38 9B 71 80 02 00 00,.8.q....,False,False,False
2026-02-11T14:54:00.988432,593.009960,RX,0x000,0,,,False,False,False
2026-02-11T14:54:00.988432,593.009960,RX,0x1E0,0,,,False,False,False
2026-02-11T14:54:00.988432,593.009960,RX,0x000,128,E0 01 00 00 00 00 00 00,........,False,True,True
2026-02-11T14:54:00.988432,593.009960,RX,0x000,128,00 38 9B 71 80 02 00 00,.8.q....,False,False,False
2026-02-11T14:54:00.988432,593.009960,RX,0x000,0,,,False,False,False
2026-02-11T14:54:00.988432,593.009960,RX,0x1E0,0,,,False,False,False
2026-02-11T14:54:00.988432,593.009960,RX,0x000,128,E0 01 00 00 00 00 00 00,........,False,True,True
2026-02-11T14:54:00.988432,593.009960,RX,0x000,128,00 38 9B 71 80 02 00 00,.8.q....,False,False,False
2026-02-11T14:54:00.988432,593.009960,RX,0x000,0,,,False,False,False
2026-02-11T14:54:00.988432,593.009960,RX,0x1E0,0,,,False,False,False
2026-02-11T14:54:00.988432,593.009960,RX,0x000,128,E0 01 00 00 00 00 00 00,........,False,True,True
2026-02-11T14:54:00.988432,593.009960,RX,0x000,128,00 38 9B 71 80 02 00 00,.8.q....,False,False,False
2026-02-11T14:54:00.988432,593.009960,RX,0x000,0,,,False,False,False
2026-02-11T14:54:00.989435,593.010963,RX,0x1E0,0,,,False,False,False
2026-02-11T14:54:00.989435,593.010963,RX,0x000,128,E0 01 00 00 00 00 00 00,........,False,True,True
2026-02-11T14:54:00.989435,593.010963,RX,0x000,128,00 38 9B 71 80 02 00 00,.8.q....,False,False,False
2026-02-11T14:54:00.989435,593.010963,RX,0x000,0,,,False,False,False
2026-02-11T14:54:00.989435,593.010963,RX,0x1E0,0,,,False,False,False
2026-02-11T14:54:00.989435,593.010963,RX,0x000,128,E0 01 00 00 00 00 00 00,........,False,True,True
2026-02-11T14:54:00.989435,593.010963,RX,0x000,128,00 38 9B 71 80 02 00 00,.8.q....,False,False,False
2026-02-11T14:54:00.989435,593.010963,RX,0x000,0,,,False,False,False
2026-02-11T14:54:00.989435,593.010963,RX,0x1E0,0,,,False,False,False
2026-02-11T14:54:00.989435,593.010963,RX,0x000,128,E0 01 00 00 00 00 00 00,........,False,True,True
2026-02-11T14:54:00.989435,593.010963,RX,0x000,128,00 38 9B 71 80 02 00 00,.8.q....,False,False,False
2026-02-11T14:54:00.989435,593.010963,RX,0x000,0,,,False,False,False
2026-02-11T14:54:00.989435,593.010963,RX,0x1E0,0,,,False,False,False
2026-02-11T14:54:00.989435,593.010963,RX,0x000,128,E0 01 00 00 00 00 00 00,........,False,True,True
2026-02-11T14:54:00.989435,593.010963,RX,0x000,128,00 38 9B 71 80 02 00 00,.8.q....,False,False,False
2026-02-11T14:54:00.989435,593.010963,RX,0x000,0,,,False,False,False
2026-02-11T14:54:00.989435,593.010963,RX,0x1E0,0,,,False,False,False
2026-02-11T14:54:00.989435,593.010963,RX,0x000,128,E0 01 00 00 00 00 00 00,........,False,True,True
2026-02-11T14:54:00.989435,593.010963,RX,0x000,128,00 38 9B 71 80 02 00 00,.8.q....,False,False,False
2026-02-11T14:54:00.989435,593.010963,RX,0x000,0,,,False,False,False
2026-02-11T14:54:00.989435,593.010963,RX,0x1E0,0,,,False,False,False
2026-02-11T14:54:00.990943,593.012471,RX,0x000,128,E0 01 00 00 00 00 00 00,........,False,True,True
2026-02-11T14:54:00.990943,593.012471,RX,0x000,128,00 38 9B 71 80 02 00 00,.8.q....,False,False,False
2026-02-11T14:54:00.990943,593.012471,RX,0x000,0,,,False,False,False
2026-02-11T14:54:00.990943,593.012471,RX,0x1E0,0,,,False,False,False
2026-02-11T14:54:00.990943,593.012471,RX,0x000,128,E0 01 00 00 00 00 00 00,........,False,True,True
2026-02-11T14:54:00.990943,593.012471,RX,0x000,128,00 38 9B 71 80 02 00 00,.8.q....,False,False,False
2026-02-11T14:54:00.990943,593.012471,RX,0x000,0,,,False,False,False
2026-02-11T14:54:00.990943,593.012471,RX,0x1E0,0,,,False,False,False
2026-02-11T14:54:00.990943,593.012471,RX,0x000,128,E0 01 00 00 00 00 00 00,........,False,True,True
2026-02-11T14:54:00.990943,593.012471,RX,0x000,128,00 38 9B 71 80 02 00 00,.8.q....,False,False,False
2026-02-11T14:54:00.990943,593.012471,RX,0x000,0,,,False,False,False
2026-02-11T14:54:00.990943,593.012471,RX,0x1E0,0,,,False,False,False
2026-02-11T14:54:00.990943,593.012471,RX,0x000,128,E0 01 00 00 00 00 00 00,........,False,True,True
2026-02-11T14:54:00.990943,593.012471,RX,0x000,128,00 38 9B 71 80 02 00 00,.8.q....,False,False,False
2026-02-11T14:54:00.990943,593.012471,RX,0x000,0,,,False,False,False
2026-02-11T14:54:00.990943,593.012471,RX,0x1E0,0,,,False,False,False
2026-02-11T14:54:00.990943,593.012471,RX,0x000,128,E0 01 00 00 00 00 00 00,........,False,True,True
2026-02-11T14:54:00.990943,593.012471,RX,0x000,128,00 38 9B 71 80 02 00 00,.8.q....,False,False,False
2026-02-11T14:54:00.990943,593.012471,RX,0x000,0,,,False,False,False
2026-02-11T14:54:00.990943,593.012471,RX,0x1E0,0,,,False,False,False
2026-02-11T14:54:00.991950,593.013478,RX,0x000,128,E0 01 00 00 00 00 00 00,........,False,True,True
2026-02-11T14:54:00.991950,593.013478,RX,0x000,128,00 38 9B 71 80 02 00 00,.8.q....,False,False,False
2026-02-11T14:54:00.991950,593.013478,RX,0x000,0,,,False,False,False
2026-02-11T14:54:00.991950,593.013478,RX,0x1E0,0,,,False,False,False
2026-02-11T14:54:00.991950,593.013478,RX,0x000,128,E0 01 00 00 00 00 00 00,........,False,True,True
2026-02-11T14:54:00.991950,593.013478,RX,0x000,128,00 38 9B 71 80 02 00 00,.8.q....,False,False,False
2026-02-11T14:54:00.991950,593.013478,RX,0x000,0,,,False,False,False
2026-02-11T14:54:00.991950,593.013478,RX,0x1E0,0,,,False,False,False
2026-02-11T14:54:00.991950,593.013478,RX,0x000,128,E0 01 00 00 00 00 00 00,........,False,True,True
2026-02-11T14:54:00.991950,593.013478,RX,0x000,128,00 38 9B 71 80 02 00 00,.8.q....,False,False,False
2026-02-11T14:54:00.991950,593.013478,RX,0x000,0,,,False,False,False
2026-02-11T14:54:00.991950,593.013478,RX,0x1E0,0,,,False,False,False
2026-02-11T14:54:00.991950,593.013478,RX,0x000,128,E0 01 00 00 00 00 00 00,........,False,True,True
2026-02-11T14:54:00.991950,593.013478,RX,0x000,128,00 38 9B 71 80 02 00 00,.8.q....,False,False,False
2026-02-11T14:54:00.991950,593.013478,RX,0x000,0,,,False,False,False
2026-02-11T14:54:00.991950,593.013478,RX,0x1E0,0,,,False,False,False
2026-02-11T14:54:00.991950,593.013478,RX,0x000,128,E0 01 00 00 00 00 00 00,........,False,True,True
2026-02-11T14:54:00.991950,593.013478,RX,0x000,128,00 38 9B 71 80 02 00 00,.8.q....,False,False,False
2026-02-11T14:54:00.991950,593.013478,RX,0x000,0,,,False,False,False
2026-02-11T14:54:00.991950,593.013478,RX,0x1E0,0,,,False,False,False
2026-02-11T14:54:00.991950,593.013478,RX,0x000,128,E0 01 00 00 00 00 00 00,........,False,True,True
2026-02-11T14:54:00.991950,593.013478,RX,0x000,128,00 38 9B 71 80 02 00 00,.8.q....,False,False,False
2026-02-11T14:54:00.991950,593.013478,RX,0x000,0,,,False,False,False
2026-02-11T14:54:00.991950,593.013478,RX,0x1E0,0,,,False,False,False
2026-02-11T14:54:00.992950,593.014478,RX,0x000,128,E0 01 00 00 00 00 00 00,........,False,True,True
2026-02-11T14:54:00.992950,593.014478,RX,0x000,128,00 38 9B 71 80 02 00 00,.8.q....,False,False,False
2026-02-11T14:54:00.992950,593.014478,RX,0x000,0,,,False,False,False
2026-02-11T14:54:00.992950,593.014478,RX,0x1E0,0,,,False,False,False
2026-02-11T14:54:00.992950,593.014478,RX,0x000,128,E0 01 00 00 00 00 00 00,........,False,True,True
2026-02-11T14:54:00.992950,593.014478,RX,0x000,128,00 38 9B 71 80 02 00 00,.8.q....,False,False,False
2026-02-11T14:54:00.992950,593.014478,RX,0x000,0,,,False,False,False
2026-02-11T14:54:00.992950,593.014478,RX,0x1E0,0,,,False,False,False
2026-02-11T14:54:00.992950,593.014478,RX,0x000,128,E0 01 00 00 00 00 00 00,........,False,True,True
2026-02-11T14:54:00.992950,593.014478,RX,0x000,128,00 38 9B 71 80 02 00 00,.8.q....,False,False,False
2026-02-11T14:54:00.992950,593.014478,RX,0x000,0,,,False,False,False
2026-02-11T14:54:00.992950,593.014478,RX,0x1E0,0,,,False,False,False
2026-02-11T14:54:00.992950,593.014478,RX,0x000,128,E0 01 00 00 00 00 00 00,........,False,True,True
2026-02-11T14:54:00.992950,593.014478,RX,0x000,128,00 38 9B 71 80 02 00 00,.8.q....,False,False,False
2026-02-11T14:54:00.992950,593.014478,RX,0x000,0,,,False,False,False
2026-02-11T14:54:00.992950,593.014478,RX,0x1E0,0,,,False,False,False
2026-02-11T14:54:00.992950,593.014478,RX,0x000,128,E0 01 00 00 00 00 00 00,........,False,True,True
2026-02-11T14:54:00.994243,593.015771,RX,0x000,128,00 38 9B 71 80 02 00 00,.8.q....,False,False,False
2026-02-11T14:54:00.994243,593.015771,RX,0x000,0,,,False,False,False
2026-02-11T14:54:00.994243,593.015771,RX,0x1E0,0,,,False,False,False
2026-02-11T14:54:00.994243,593.015771,RX,0x000,128,E0 01 00 00 00 00 00 00,........,False,True,True
2026-02-11T14:54:00.994243,593.015771,RX,0x000,128,00 38 9B 71 80 02 00 00,.8.q....,False,False,False
2026-02-11T14:54:00.994243,593.015771,RX,0x000,0,,,False,False,False
2026-02-11T14:54:00.994243,593.015771,RX,0x1E0,0,,,False,False,False
2026-02-11T14:54:00.997281,593.018809,RX,0x000,128,E0 01 00 00 00 00 00 00,........,False,True,True
2026-02-11T14:54:00.998281,593.019809,RX,0x000,128,00 38 9B 71 80 02 00 00,.8.q....,False,False,False
2026-02-11T14:54:00.998281,593.019809,RX,0x000,0,,,False,False,False
2026-02-11T14:54:00.998281,593.019809,RX,0x1E0,0,,,False,False,False
2026-02-11T14:54:00.998281,593.019809,RX,0x000,128,E0 01 00 00 00 00 00 00,........,False,True,True
2026-02-11T14:54:00.998281,593.019809,RX,0x000,128,00 38 9B 71 80 02 00 00,.8.q....,False,False,False
2026-02-11T14:54:00.998281,593.019809,RX,0x000,0,,,False,False,False
2026-02-11T14:54:00.998789,593.020317,RX,0x1E0,0,,,False,False,False
2026-02-11T14:54:00.998789,593.020317,RX,0x000,128,E0 01 00 00 00 00 00 00,........,False,True,True
2026-02-11T14:54:00.998789,593.020317,RX,0x000,128,00 38 9B 71 80 02 00 00,.8.q....,False,False,False
2026-02-11T14:54:00.998789,593.020317,RX,0x000,0,,,False,False,False
2026-02-11T14:54:00.998789,593.020317,RX,0x1E0,0,,,False,False,False
2026-02-11T14:54:00.998789,593.020317,RX,0x000,128,E0 01 00 00 00 00 00 00,........,False,True,True
2026-02-11T14:54:00.998789,593.020317,RX,0x000,128,00 38 9B 71 80 02 00 00,.8.q....,False,False,False
2026-02-11T14:54:00.998789,593.020317,RX,0x000,0,,,False,False,False
2026-02-11T14:54:00.998789,593.020317,RX,0x1E0,0,,,False,False,False
2026-02-11T14:54:00.998789,593.020317,RX,0x000,128,E0 01 00 00 00 00 00 00,........,False,True,True
2026-02-11T14:54:00.998789,593.020317,RX,0x000,128,00 38 9B 71 80 02 00 00,.8.q....,False,False,False
2026-02-11T14:54:00.998789,593.020317,RX,0x000,0,,,False,False,False
2026-02-11T14:54:00.999795,593.021323,RX,0x1E0,0,,,False,False,False
2026-02-11T14:54:00.999795,593.021323,RX,0x000,128,E0 01 00 00 00 00 00 00,........,False,True,True
2026-02-11T14:54:00.999795,593.021323,RX,0x000,128,00 38 9B 71 80 02 00 00,.8.q....,False,False,False
2026-02-11T14:54:00.999795,593.021323,RX,0x000,0,,,False,False,False
2026-02-11T14:54:00.999795,593.021323,RX,0x1E0,0,,,False,False,False
2026-02-11T14:54:00.999795,593.021323,RX,0x000,128,E0 01 00 00 00 00 00 00,........,False,True,True
2026-02-11T14:54:00.999795,593.021323,RX,0x000,128,00 38 9B 71 80 02 00 00,.8.q....,False,False,False
2026-02-11T14:54:00.999795,593.021323,RX,0x000,0,,,False,False,False
2026-02-11T14:54:00.999795,593.021323,RX,0x1E0,0,,,False,False,False
2026-02-11T14:54:00.999795,593.021323,RX,0x000,128,E0 01 00 00 00 00 00 00,........,False,True,True
2026-02-11T14:54:00.999795,593.021323,RX,0x000,128,00 38 9B 71 80 02 00 00,.8.q....,False,False,False
2026-02-11T14:54:00.999795,593.021323,RX,0x000,0,,,False,False,False
2026-02-11T14:54:00.999795,593.021323,RX,0x1E0,0,,,False,False,False
2026-02-11T14:54:00.999795,593.021323,RX,0x000,128,E0 01 00 00 00 00 00 00,........,False,True,True
2026-02-11T14:54:00.999795,593.021323,RX,0x000,128,00 38 9B 71 80 02 00 00,.8.q....,False,False,False
2026-02-11T14:54:00.999795,593.021323,RX,0x000,0,,,False,False,False
2026-02-11T14:54:00.999795,593.021323,RX,0x1E0,0,,,False,False,False
2026-02-11T14:54:00.999795,593.021323,RX,0x000,128,E0 01 00 00 00 00 00 00,........,False,True,True
2026-02-11T14:54:00.999795,593.021323,RX,0x000,128,00 38 9B 71 80 02 00 00,.8.q....,False,False,False
2026-02-11T14:54:00.999795,593.021323,RX,0x000,0,,,False,False,False
2026-02-11T14:54:00.999795,593.021323,RX,0x1E0,0,,,False,False,False
2026-02-11T14:54:01.001308,593.022836,RX,0x000,128,E0 01 00 00 00 00 00 00,........,False,True,True
2026-02-11T14:54:01.001308,593.022836,RX,0x000,128,00 38 9B 71 80 02 00 00,.8.q....,False,False,False
2026-02-11T14:54:01.001308,593.022836,RX,0x000,0,,,False,False,False
2026-02-11T14:54:01.001308,593.022836,RX,0x1E0,0,,,False,False,False
2026-02-11T14:54:01.001308,593.022836,RX,0x000,128,E0 01 00 00 00 00 00 00,........,False,True,True
2026-02-11T14:54:01.001308,593.022836,RX,0x000,128,00 38 9B 71 80 02 00 00,.8.q....,False,False,False
2026-02-11T14:54:01.001308,593.022836,RX,0x000,0,,,False,False,False
2026-02-11T14:54:01.002326,593.023854,RX,0x1E0,0,,,False,False,False
2026-02-11T14:54:01.002326,593.023854,RX,0x000,128,E0 01 00 00 00 00 00 00,........,False,True,True
2026-02-11T14:54:01.002326,593.023854,RX,0x000,128,00 38 9B 71 80 02 00 00,.8.q....,False,False,False
2026-02-11T14:54:01.002326,593.023854,RX,0x000,0,,,False,False,False
2026-02-11T14:54:01.002326,593.023854,RX,0x1E0,0,,,False,False,False
2026-02-11T14:54:01.002326,593.023854,RX,0x000,128,E0 01 00 00 00 00 00 00,........,False,True,True
2026-02-11T14:54:01.002326,593.023854,RX,0x000,128,00 38 9B 71 80 02 00 00,.8.q....,False,False,False
2026-02-11T14:54:01.002326,593.023854,RX,0x000,0,,,False,False,False
2026-02-11T14:54:01.002326,593.023854,RX,0x1E0,0,,,False,False,False
2026-02-11T14:54:01.002326,593.023854,RX,0x000,128,E0 01 00 00 00 00 00 00,........,False,True,True
2026-02-11T14:54:01.002326,593.023854,RX,0x000,128,00 38 9B 71 80 02 00 00,.8.q....,False,False,False
2026-02-11T14:54:01.002326,593.023854,RX,0x000,0,,,False,False,False
2026-02-11T14:54:01.003326,593.024853,RX,0x1E0,0,,,False,False,False
2026-02-11T14:54:01.003326,593.024853,RX,0x000,128,E0 01 00 00 00 00 00 00,........,False,True,True
2026-02-11T14:54:01.003326,593.024853,RX,0x000,128,00 38 9B 71 80 02 00 00,.8.q....,False,False,False
2026-02-11T14:54:01.003326,593.024853,RX,0x000,0,,,False,False,False
2026-02-11T14:54:01.003326,593.024853,RX,0x1E0,0,,,False,False,False
2026-02-11T14:54:01.003326,593.024853,RX,0x000,128,E0 01 00 00 00 00 00 00,........,False,True,True
2026-02-11T14:54:01.003326,593.024853,RX,0x000,128,00 38 9B 71 80 02 00 00,.8.q....,False,False,False
2026-02-11T14:54:01.003326,593.024853,RX,0x000,0,,,False,False,False
2026-02-11T14:54:01.003326,593.024853,RX,0x1E0,0,,,False,False,False
2026-02-11T14:54:01.003326,593.024853,RX,0x000,128,E0 01 00 00 00 00 00 00,........,False,True,True
2026-02-11T14:54:01.003326,593.024853,RX,0x000,128,00 38 9B 71 80 02 00 00,.8.q....,False,False,False
2026-02-11T14:54:01.003326,593.024853,RX,0x000,0,,,False,False,False
2026-02-11T14:54:01.003326,593.024853,RX,0x1E0,0,,,False,False,False
2026-02-11T14:54:01.004326,593.025854,RX,0x000,128,E0 01 00 00 00 00 00 00,........,False,True,True
2026-02-11T14:54:01.004326,593.025854,RX,0x000,128,00 38 9B 71 80 02 00 00,.8.q....,False,False,False
2026-02-11T14:54:01.004326,593.025854,RX,0x000,0,,,False,False,False
2026-02-11T14:54:01.004326,593.025854,RX,0x1E0,0,,,False,False,False
2026-02-11T14:54:01.004326,593.025854,RX,0x000,128,E0 01 00 00 00 00 00 00,........,False,True,True
2026-02-11T14:54:01.004326,593.025854,RX,0x000,128,00 38 9B 71 80 02 00 00,.8.q....,False,False,False
2026-02-11T14:54:01.004326,593.025854,RX,0x000,0,,,False,False,False
2026-02-11T14:54:01.004326,593.025854,RX,0x1E0,0,,,False,False,False
2026-02-11T14:54:01.004326,593.025854,RX,0x000,128,E0 01 00 00 00 00 00 00,........,False,True,True
2026-02-11T14:54:01.004326,593.025854,RX,0x000,128,00 38 9B 71 80 02 00 00,.8.q....,False,False,False
2026-02-11T14:54:01.005326,593.026854,RX,0x000,0,,,False,False,False
2026-02-11T14:54:01.005326,593.026854,RX,0x1E0,0,,,False,False,False
2026-02-11T14:54:01.005326,593.026854,RX,0x000,128,E0 01 00 00 00 00 00 00,........,False,True,True
2026-02-11T14:54:01.005326,593.026854,RX,0x000,128,00 38 9B 71 80 02 00 00,.8.q....,False,False,False
2026-02-11T14:54:01.005326,593.026854,RX,0x000,0,,,False,False,False
2026-02-11T14:54:01.005326,593.026854,RX,0x1E0,0,,,False,False,False
2026-02-11T14:54:01.005326,593.026854,RX,0x000,128,E0 01 00 00 00 00 00 00,........,False,True,True
2026-02-11T14:54:01.006326,593.027854,RX,0x000,128,00 38 9B 71 80 02 00 00,.8.q....,False,False,False
2026-02-11T14:54:01.006326,593.027854,RX,0x000,0,,,False,False,False
2026-02-11T14:54:01.006326,593.027854,RX,0x1E0,0,,,False,False,False
2026-02-11T14:54:01.006326,593.027854,RX,0x000,128,E0 01 00 00 00 00 00 00,........,False,True,True
2026-02-11T14:54:01.006326,593.027854,RX,0x000,128,00 38 9B 71 80 02 00 00,.8.q....,False,False,False
2026-02-11T14:54:01.006326,593.027854,RX,0x000,0,,,False,False,False
2026-02-11T14:54:01.006326,593.027854,RX,0x1E0,0,,,False,False,False
2026-02-11T14:54:01.006326,593.027854,RX,0x000,128,E0 01 00 00 00 00 00 00,........,False,True,True
2026-02-11T14:54:01.006326,593.027854,RX,0x000,128,00 38 9B 71 80 02 00 00,.8.q....,False,False,False
2026-02-11T14:54:01.006326,593.027854,RX,0x000,0,,,False,False,False
2026-02-11T14:54:01.006326,593.027854,RX,0x1E0,0,,,False,False,False
2026-02-11T14:54:01.006326,593.027854,RX,0x000,128,E0 01 00 00 00 00 00 00,........,False,True,True
2026-02-11T14:54:01.006326,593.027854,RX,0x000,128,00 38 9B 71 80 02 00 00,.8.q....,False,False,False
2026-02-11T14:54:01.006326,593.027854,RX,0x000,0,,,False,False,False
2026-02-11T14:54:01.006326,593.027854,RX,0x1E0,0,,,False,False,False
2026-02-11T14:54:01.006326,593.027854,RX,0x000,128,E0 01 00 00 00 00 00 00,........,False,True,True
2026-02-11T14:54:01.007327,593.028855,RX,0x000,128,00 38 9B 71 80 02 00 00,.8.q....,False,False,False
2026-02-11T14:54:01.007327,593.028855,RX,0x000,0,,,False,False,False
2026-02-11T14:54:01.007327,593.028855,RX,0x1E0,0,,,False,False,False
2026-02-11T14:54:01.007327,593.028855,RX,0x000,128,E0 01 00 00 00 00 00 00,........,False,True,True
2026-02-11T14:54:01.007327,593.028855,RX,0x000,128,00 38 9B 71 80 02 00 00,.8.q....,False,False,False
2026-02-11T14:54:01.007327,593.028855,RX,0x000,0,,,False,False,False
2026-02-11T14:54:01.007327,593.028855,RX,0x1E0,0,,,False,False,False
2026-02-11T14:54:01.007327,593.028855,RX,0x000,128,E0 01 00 00 00 00 00 00,........,False,True,True
2026-02-11T14:54:01.007327,593.028855,RX,0x000,128,00 38 9B 71 80 02 00 00,.8.q....,False,False,False
2026-02-11T14:54:01.007327,593.028855,RX,0x000,0,,,False,False,False
2026-02-11T14:54:01.007327,593.028855,RX,0x1E0,0,,,False,False,False
2026-02-11T14:54:01.007327,593.028855,RX,0x000,128,E0 01 00 00 00 00 00 00,........,False,True,True
2026-02-11T14:54:01.007327,593.028855,RX,0x000,128,00 38 9B 71 80 02 00 00,.8.q....,False,False,False
2026-02-11T14:54:01.007327,593.028855,RX,0x000,0,,,False,False,False
2026-02-11T14:54:01.007327,593.028855,RX,0x1E0,0,,,False,False,False
2026-02-11T14:54:01.007327,593.028855,RX,0x000,128,E0 01 00 00 00 00 00 00,........,False,True,True
2026-02-11T14:54:01.008327,593.029855,RX,0x000,128,00 38 9B 71 80 02 00 00,.8.q....,False,False,False
2026-02-11T14:54:01.008327,593.029855,RX,0x000,0,,,False,False,False
2026-02-11T14:54:01.008327,593.029855,RX,0x1E0,0,,,False,False,False
2026-02-11T14:54:01.008846,593.030374,RX,0x000,128,E0 01 00 00 00 00 00 00,........,False,True,True
2026-02-11T14:54:01.008846,593.030374,RX,0x000,128,00 38 9B 71 80 02 00 00,.8.q....,False,False,False
2026-02-11T14:54:01.008846,593.030374,RX,0x000,0,,,False,False,False
2026-02-11T14:54:01.008846,593.030374,RX,0x1E0,0,,,False,False,False
2026-02-11T14:54:01.008846,593.030374,RX,0x000,128,E0 01 00 00 00 00 00 00,........,False,True,True
2026-02-11T14:54:01.009851,593.031379,RX,0x000,128,00 38 9B 71 80 02 00 00,.8.q....,False,False,False
2026-02-11T14:54:01.009851,593.031379,RX,0x000,0,,,False,False,False
2026-02-11T14:54:01.009851,593.031379,RX,0x1E0,0,,,False,False,False
2026-02-11T14:54:01.009851,593.031379,RX,0x000,128,E0 01 00 00 00 00 00 00,........,False,True,True
2026-02-11T14:54:01.011361,593.032889,RX,0x000,128,00 38 9B 71 80 02 00 00,.8.q....,False,False,False
2026-02-11T14:54:01.011361,593.032889,RX,0x000,0,,,False,False,False
2026-02-11T14:54:01.011361,593.032889,RX,0x1E0,0,,,False,False,False
2026-02-11T14:54:01.011361,593.032889,RX,0x000,128,E0 01 00 00 00 00 00 00,........,False,True,True
2026-02-11T14:54:01.012371,593.033898,RX,0x000,128,00 38 9B 71 80 02 00 00,.8.q....,False,False,False
2026-02-11T14:54:01.012371,593.033898,RX,0x000,0,,,False,False,False
2026-02-11T14:54:01.012371,593.033898,RX,0x1E0,0,,,False,False,False
2026-02-11T14:54:01.012371,593.033898,RX,0x000,128,E0 01 00 00 00 00 00 00,........,False,True,True
2026-02-11T14:54:01.012371,593.033898,RX,0x000,128,00 38 9B 71 80 02 00 00,.8.q....,False,False,False
2026-02-11T14:54:01.012371,593.033898,RX,0x000,0,,,False,False,False
2026-02-11T14:54:01.012371,593.033898,RX,0x1E0,0,,,False,False,False
2026-02-11T14:54:01.012371,593.033898,RX,0x000,128,E0 01 00 00 00 00 00 00,........,False,True,True
2026-02-11T14:54:01.012371,593.033898,RX,0x000,128,00 38 9B 71 80 02 00 00,.8.q....,False,False,False
2026-02-11T14:54:01.013371,593.034899,RX,0x000,0,,,False,False,False
2026-02-11T14:54:01.013371,593.034899,RX,0x1E0,0,,,False,False,False
2026-02-11T14:54:01.013371,593.034899,RX,0x000,128,E0 01 00 00 00 00 00 00,........,False,True,True
2026-02-11T14:54:01.013371,593.034899,RX,0x000,128,00 38 9B 71 80 02 00 00,.8.q....,False,False,False
2026-02-11T14:54:01.013371,593.034899,RX,0x000,0,,,False,False,False
2026-02-11T14:54:01.013371,593.034899,RX,0x1E0,0,,,False,False,False
2026-02-11T14:54:01.013371,593.034899,RX,0x000,128,E0 01 00 00 00 00 00 00,........,False,True,True
2026-02-11T14:54:01.013371,593.034899,RX,0x000,128,00 38 9B 71 80 02 00 00,.8.q....,False,False,False
2026-02-11T14:54:01.013371,593.034899,RX,0x000,0,,,False,False,False
2026-02-11T14:54:01.013371,593.034899,RX,0x1E0,0,,,False,False,False
2026-02-11T14:54:01.014371,593.035899,RX,0x000,128,E0 01 00 00 00 00 00 00,........,False,True,True
2026-02-11T14:54:01.014371,593.035899,RX,0x000,128,00 38 9B 71 80 02 00 00,.8.q....,False,False,False
2026-02-11T14:54:01.014371,593.035899,RX,0x000,0,,,False,False,False
2026-02-11T14:54:01.014371,593.035899,RX,0x1E0,0,,,False,False,False
2026-02-11T14:54:01.014371,593.035899,RX,0x000,128,E0 01 00 00 00 00 00 00,........,False,True,True
2026-02-11T14:54:01.014371,593.035899,RX,0x000,128,00 38 9B 71 80 02 00 00,.8.q....,False,False,False
2026-02-11T14:54:01.014371,593.035899,RX,0x000,0,,,False,False,False
2026-02-11T14:54:01.014371,593.035899,RX,0x1E0,0,,,False,False,False
2026-02-11T14:54:01.014371,593.035899,RX,0x000,128,E0 01 00 00 00 00 00 00,........,False,True,True
2026-02-11T14:54:01.014371,593.035899,RX,0x000,128,00 38 9B 71 80 02 00 00,.8.q....,False,False,False
2026-02-11T14:54:01.014371,593.035899,RX,0x000,0,,,False,False,False
2026-02-11T14:54:01.014371,593.035899,RX,0x1E0,0,,,False,False,False
2026-02-11T14:54:01.014371,593.035899,RX,0x000,128,E0 01 00 00 00 00 00 00,........,False,True,True
2026-02-11T14:54:01.015370,593.036899,RX,0x000,128,00 38 9B 71 80 02 00 00,.8.q....,False,False,False
2026-02-11T14:54:01.015370,593.036899,RX,0x000,0,,,False,False,False
2026-02-11T14:54:01.015370,593.036899,RX,0x1E0,0,,,False,False,False
2026-02-11T14:54:01.015370,593.036899,RX,0x000,128,E0 01 00 00 00 00 00 00,........,False,True,True
2026-02-11T14:54:01.015370,593.036899,RX,0x000,128,00 38 9B 71 80 02 00 00,.8.q....,False,False,False
2026-02-11T14:54:01.015370,593.036899,RX,0x000,0,,,False,False,False
2026-02-11T14:54:01.015370,593.036899,RX,0x1E0,0,,,False,False,False
2026-02-11T14:54:01.015370,593.036899,RX,0x000,128,E0 01 00 00 00 00 00 00,........,False,True,True
2026-02-11T14:54:01.015370,593.036899,RX,0x000,128,00 38 9B 71 80 02 00 00,.8.q....,False,False,False
2026-02-11T14:54:01.015370,593.036899,RX,0x000,0,,,False,False,False
2026-02-11T14:54:01.015370,593.036899,RX,0x1E0,0,,,False,False,False
2026-02-11T14:54:01.015370,593.036899,RX,0x000,128,E0 01 00 00 00 00 00 00,........,False,True,True
2026-02-11T14:54:01.015370,593.036899,RX,0x000,128,00 38 9B 71 80 02 00 00,.8.q....,False,False,False
2026-02-11T14:54:01.015370,593.036899,RX,0x000,0,,,False,False,False
2026-02-11T14:54:01.016370,593.037898,RX,0x1E0,0,,,False,False,False
2026-02-11T14:54:01.016370,593.037898,RX,0x000,128,E0 01 00 00 00 00 00 00,........,False,True,True
2026-02-11T14:54:01.016370,593.037898,RX,0x000,128,00 38 9B 71 80 02 00 00,.8.q....,False,False,False
2026-02-11T14:54:01.016370,593.037898,RX,0x000,0,,,False,False,False
2026-02-11T14:54:01.016370,593.037898,RX,0x1E0,0,,,False,False,False
2026-02-11T14:54:01.016370,593.037898,RX,0x000,128,E0 01 00 00 00 00 00 00,........,False,True,True
2026-02-11T14:54:01.016370,593.037898,RX,0x000,128,00 38 9B 71 80 02 00 00,.8.q....,False,False,False
2026-02-11T14:54:01.016370,593.037898,RX,0x000,0,,,False,False,False
2026-02-11T14:54:01.016370,593.037898,RX,0x1E0,0,,,False,False,False
2026-02-11T14:54:01.016370,593.037898,RX,0x000,128,E0 01 00 00 00 00 00 00,........,False,True,True
2026-02-11T14:54:01.016370,593.037898,RX,0x000,128,00 38 9B 71 80 02 00 00,.8.q....,False,False,False
2026-02-11T14:54:01.017876,593.039404,RX,0x000,0,,,False,False,False
2026-02-11T14:54:01.017876,593.039404,RX,0x1E0,0,,,False,False,False
2026-02-11T14:54:01.017876,593.039404,RX,0x000,128,E0 01 00 00 00 00 00 00,........,False,True,True
2026-02-11T14:54:01.017876,593.039404,RX,0x000,128,00 38 9B 71 80 02 00 00,.8.q....,False,False,False
2026-02-11T14:54:01.017876,593.039404,RX,0x000,0,,,False,False,False
2026-02-11T14:54:01.017876,593.039404,RX,0x1E0,0,,,False,False,False
2026-02-11T14:54:01.017876,593.039404,RX,0x000,128,E0 01 00 00 00 00 00 00,........,False,True,True
2026-02-11T14:54:01.017876,593.039404,RX,0x000,128,00 38 9B 71 80 02 00 00,.8.q....,False,False,False
2026-02-11T14:54:01.017876,593.039404,RX,0x000,0,,,False,False,False
2026-02-11T14:54:01.017876,593.039404,RX,0x1E0,0,,,False,False,False
2026-02-11T14:54:01.017876,593.039404,RX,0x000,128,E0 01 00 00 00 00 00 00,........,False,True,True
2026-02-11T14:54:01.017876,593.039404,RX,0x000,128,00 38 9B 71 80 02 00 00,.8.q....,False,False,False
2026-02-11T14:54:01.018894,593.040422,RX,0x000,0,,,False,False,False
2026-02-11T14:54:01.018894,593.040422,RX,0x1E0,0,,,False,False,False
2026-02-11T14:54:01.018894,593.040422,RX,0x000,128,E0 01 00 00 00 00 00 00,........,False,True,True
2026-02-11T14:54:01.018894,593.040422,RX,0x000,128,00 38 9B 71 80 02 00 00,.8.q....,False,False,False
2026-02-11T14:54:01.018894,593.040422,RX,0x000,0,,,False,False,False
2026-02-11T14:54:01.018894,593.040422,RX,0x1E0,0,,,False,False,False
2026-02-11T14:54:01.018894,593.040422,RX,0x000,128,E0 01 00 00 00 00 00 00,........,False,True,True
2026-02-11T14:54:01.018894,593.040422,RX,0x000,128,00 38 9B 71 80 02 00 00,.8.q....,False,False,False
2026-02-11T14:54:01.019894,593.041422,RX,0x000,0,,,False,False,False
2026-02-11T14:54:01.019894,593.041422,RX,0x1E0,0,,,False,False,False
2026-02-11T14:54:01.019894,593.041422,RX,0x000,128,E0 01 00 00 00 00 00 00,........,False,True,True
2026-02-11T14:54:01.019894,593.041422,RX,0x000,128,00 38 9B 71 80 02 00 00,.8.q....,False,False,False
2026-02-11T14:54:01.019894,593.041422,RX,0x000,0,,,False,False,False
2026-02-11T14:54:01.019894,593.041422,RX,0x1E0,0,,,False,False,False
2026-02-11T14:54:01.019894,593.041422,RX,0x000,128,E0 01 00 00 00 00 00 00,........,False,True,True
2026-02-11T14:54:01.019894,593.041422,RX,0x000,128,00 38 9B 71 80 02 00 00,.8.q....,False,False,False
2026-02-11T14:54:01.019894,593.041422,RX,0x000,0,,,False,False,False
2026-02-11T14:54:01.020894,593.042422,RX,0x1E0,0,,,False,False,False
2026-02-11T14:54:01.020894,593.042422,RX,0x000,128,E0 01 00 00 00 00 00 00,........,False,True,True
2026-02-11T14:54:01.020894,593.042422,RX,0x000,128,00 38 9B 71 80 02 00 00,.8.q....,False,False,False
2026-02-11T14:54:01.020894,593.042422,RX,0x000,0,,,False,False,False
2026-02-11T14:54:01.020894,593.042422,RX,0x1E0,0,,,False,False,False
2026-02-11T14:54:01.020894,593.042422,RX,0x000,128,E0 01 00 00 00 00 00 00,........,False,True,True
2026-02-11T14:54:01.020894,593.042422,RX,0x000,128,00 38 9B 71 80 02 00 00,.8.q....,False,False,False
2026-02-11T14:54:01.020894,593.042422,RX,0x000,0,,,False,False,False
2026-02-11T14:54:01.020894,593.042422,RX,0x1E0,0,,,False,False,False
2026-02-11T14:54:01.020894,593.042422,RX,0x000,128,E0 01 00 00 00 00 00 00,........,False,True,True
2026-02-11T14:54:01.020894,593.042422,RX,0x000,128,00 38 9B 71 80 02 00 00,.8.q....,False,False,False
2026-02-11T14:54:01.020894,593.042422,RX,0x000,0,,,False,False,False
2026-02-11T14:54:01.021896,593.043424,RX,0x1E0,0,,,False,False,False
2026-02-11T14:54:01.021896,593.043424,RX,0x000,128,E0 01 00 00 00 00 00 00,........,False,True,True
2026-02-11T14:54:01.021896,593.043424,RX,0x000,128,00 38 9B 71 80 02 00 00,.8.q....,False,False,False
2026-02-11T14:54:01.021896,593.043424,RX,0x000,0,,,False,False,False
2026-02-11T14:54:01.021896,593.043424,RX,0x1E0,0,,,False,False,False
2026-02-11T14:54:01.021896,593.043424,RX,0x000,128,E0 01 00 00 00 00 00 00,........,False,True,True
2026-02-11T14:54:01.021896,593.043424,RX,0x000,128,00 38 9B 71 80 02 00 00,.8.q....,False,False,False
2026-02-11T14:54:01.021896,593.043424,RX,0x000,0,,,False,False,False
2026-02-11T14:54:01.021896,593.043424,RX,0x1E0,0,,,False,False,False
2026-02-11T14:54:01.021896,593.043424,RX,0x000,128,E0 01 00 00 00 00 00 00,........,False,True,True
2026-02-11T14:54:01.021896,593.043424,RX,0x000,128,00 38 9B 71 80 02 00 00,.8.q....,False,False,False
2026-02-11T14:54:01.021896,593.043424,RX,0x000,0,,,False,False,False
2026-02-11T14:54:01.021896,593.043424,RX,0x1E0,0,,,False,False,False
2026-02-11T14:54:01.021896,593.043424,RX,0x000,128,E0 01 00 00 00 00 00 00,........,False,True,True
2026-02-11T14:54:01.021896,593.043424,RX,0x000,128,00 38 9B 71 80 02 00 00,.8.q....,False,False,False
2026-02-11T14:54:01.021896,593.043424,RX,0x000,0,,,False,False,False
2026-02-11T14:54:01.022896,593.044424,RX,0x1E0,0,,,False,False,False
2026-02-11T14:54:01.022896,593.044424,RX,0x000,128,E0 01 00 00 00 00 00 00,........,False,True,True
2026-02-11T14:54:01.022896,593.044424,RX,0x000,128,00 38 9B 71 80 02 00 00,.8.q....,False,False,False
2026-02-11T14:54:01.022896,593.044424,RX,0x000,0,,,False,False,False
2026-02-11T14:54:01.022896,593.044424,RX,0x1E0,0,,,False,False,False
2026-02-11T14:54:01.022896,593.044424,RX,0x000,128,E0 01 00 00 00 00 00 00,........,False,True,True
2026-02-11T14:54:01.022896,593.044424,RX,0x000,128,00 38 9B 71 80 02 00 00,.8.q....,False,False,False
2026-02-11T14:54:01.022896,593.044424,RX,0x000,0,,,False,False,False
2026-02-11T14:54:01.022896,593.044424,RX,0x1E0,0,,,False,False,False
2026-02-11T14:54:01.022896,593.044424,RX,0x000,128,E0 01 00 00 00 00 00 00,........,False,True,True
2026-02-11T14:54:01.022896,593.044424,RX,0x000,128,00 38 9B 71 80 02 00 00,.8.q....,False,False,False
2026-02-11T14:54:01.022896,593.044424,RX,0x000,0,,,False,False,False
2026-02-11T14:54:01.022896,593.044424,RX,0x1E0,0,,,False,False,False
2026-02-11T14:54:01.022896,593.044424,RX,0x000,128,E0 01 00 00 00 00 00 00,........,False,True,True
2026-02-11T14:54:01.022896,593.044424,RX,0x000,128,00 38 9B 71 80 02 00 00,.8.q....,False,False,False
2026-02-11T14:54:01.022896,593.044424,RX,0x000,0,,,False,False,False
2026-02-11T14:54:01.023897,593.045425,RX,0x1E0,0,,,False,False,False
2026-02-11T14:54:01.023897,593.045425,RX,0x000,128,E0 01 00 00 00 00 00 00,........,False,True,True
2026-02-11T14:54:01.023897,593.045425,RX,0x000,128,00 38 9B 71 80 02 00 00,.8.q....,False,False,False
2026-02-11T14:54:01.023897,593.045425,RX,0x000,0,,,False,False,False
2026-02-11T14:54:01.023897,593.045425,RX,0x1E0,0,,,False,False,False
2026-02-11T14:54:01.023897,593.045425,RX,0x000,128,E0 01 00 00 00 00 00 00,........,False,True,True
2026-02-11T14:54:01.023897,593.045425,RX,0x000,128,00 38 9B 71 80 02 00 00,.8.q....,False,False,False
2026-02-11T14:54:01.023897,593.045425,RX,0x000,0,,,False,False,False
2026-02-11T14:54:01.023897,593.045425,RX,0x1E0,0,,,False,False,False
2026-02-11T14:54:01.025123,593.046651,RX,0x000,128,E0 01 00 00 00 00 00 00,........,False,True,True
2026-02-11T14:54:01.025123,593.046651,RX,0x000,128,00 38 9B 71 80 02 00 00,.8.q....,False,False,False
2026-02-11T14:54:01.025123,593.046651,RX,0x000,0,,,False,False,False
2026-02-11T14:54:01.025123,593.046651,RX,0x1E0,0,,,False,False,False
2026-02-11T14:54:01.025123,593.046651,RX,0x000,128,E0 01 00 00 00 00 00 00,........,False,True,True
2026-02-11T14:54:01.025123,593.046651,RX,0x000,128,00 38 9B 71 80 02 00 00,.8.q....,False,False,False
2026-02-11T14:54:01.025123,593.046651,RX,0x000,0,,,False,False,False
2026-02-11T14:54:01.025123,593.046651,RX,0x1E0,0,,,False,False,False
2026-02-11T14:54:01.026152,593.047680,RX,0x000,128,E0 01 00 00 00 00 00 00,........,False,True,True
2026-02-11T14:54:01.026152,593.047680,RX,0x000,128,00 38 9B 71 80 02 00 00,.8.q....,False,False,False
2026-02-11T14:54:01.026152,593.047680,RX,0x000,0,,,False,False,False
2026-02-11T14:54:01.026152,593.047680,RX,0x1E0,0,,,False,False,False
2026-02-11T14:54:01.026152,593.047680,RX,0x000,128,E0 01 00 00 00 00 00 00,........,False,True,True
2026-02-11T14:54:01.026152,593.047680,RX,0x000,128,00 38 9B 71 80 02 00 00,.8.q....,False,False,False
2026-02-11T14:54:01.026152,593.047680,RX,0x000,0,,,False,False,False
2026-02-11T14:54:01.026152,593.047680,RX,0x1E0,0,,,False,False,False
2026-02-11T14:54:01.026152,593.047680,RX,0x000,128,E0 01 00 00 00 00 00 00,........,False,True,True
2026-02-11T14:54:01.026152,593.047680,RX,0x000,128,00 38 9B 71 80 02 00 00,.8.q....,False,False,False
2026-02-11T14:54:01.026152,593.047680,RX,0x000,0,,,False,False,False
2026-02-11T14:54:01.026152,593.047680,RX,0x1E0,0,,,False,False,False
2026-02-11T14:54:01.026152,593.047680,RX,0x000,128,E0 01 00 00 00 00 00 00,........,False,True,True
2026-02-11T14:54:01.027466,593.048995,RX,0x000,128,00 38 9B 71 80 02 00 00,.8.q....,False,False,False
2026-02-11T14:54:01.027466,593.048995,RX,0x000,0,,,False,False,False
2026-02-11T14:54:01.027466,593.048995,RX,0x1E0,0,,,False,False,False
2026-02-11T14:54:01.027466,593.048995,RX,0x000,128,E0 01 00 00 00 00 00 00,........,False,True,True
2026-02-11T14:54:01.027466,593.048995,RX,0x000,128,00 38 9B 71 80 02 00 00,.8.q....,False,False,False
2026-02-11T14:54:01.027466,593.048995,RX,0x000,0,,,False,False,False
2026-02-11T14:54:01.027466,593.048995,RX,0x1E0,0,,,False,False,False
2026-02-11T14:54:01.027977,593.049505,RX,0x000,128,E0 01 00 00 00 00 00 00,........,False,True,True
2026-02-11T14:54:01.027977,593.049505,RX,0x000,128,00 38 9B 71 80 02 00 00,.8.q....,False,False,False
2026-02-11T14:54:01.027977,593.049505,RX,0x000,0,,,False,False,False
2026-02-11T14:54:01.027977,593.049505,RX,0x1E0,0,,,False,False,False
2026-02-11T14:54:01.027977,593.049505,RX,0x000,128,E0 01 00 00 00 00 00 00,........,False,True,True
2026-02-11T14:54:01.027977,593.049505,RX,0x000,128,00 38 9B 71 80 02 00 00,.8.q....,False,False,False
2026-02-11T14:54:01.027977,593.049505,RX,0x000,0,,,False,False,False
2026-02-11T14:54:01.027977,593.049505,RX,0x1E0,0,,,False,False,False
2026-02-11T14:54:01.029065,593.050594,RX,0x000,128,E0 01 00 00 00 00 00 00,........,False,True,True
2026-02-11T14:54:01.029065,593.050594,RX,0x000,128,00 38 9B 71 80 02 00 00,.8.q....,False,False,False
2026-02-11T14:54:01.029065,593.050594,RX,0x000,0,,,False,False,False
2026-02-11T14:54:01.029065,593.050594,RX,0x1E0,0,,,False,False,False
2026-02-11T14:54:01.029065,593.050594,RX,0x000,128,E0 01 00 00 00 00 00 00,........,False,True,True
2026-02-11T14:54:01.030102,593.051630,RX,0x000,128,00 38 9B 71 80 02 00 00,.8.q....,False,False,False
2026-02-11T14:54:01.030102,593.051630,RX,0x000,0,,,False,False,False
2026-02-11T14:54:01.030102,593.051630,RX,0x1E0,0,,,False,False,False
2026-02-11T14:54:01.030102,593.051630,RX,0x000,128,E0 01 00 00 00 00 00 00,........,False,True,True
2026-02-11T14:54:01.030102,593.051630,RX,0x000,128,00 38 9B 71 80 02 00 00,.8.q....,False,False,False
2026-02-11T14:54:01.030102,593.051630,RX,0x000,0,,,False,False,False
2026-02-11T14:54:01.030102,593.051630,RX,0x1E0,0,,,False,False,False
2026-02-11T14:54:01.030102,593.051630,RX,0x000,128,E0 01 00 00 00 00 00 00,........,False,True,True
2026-02-11T14:54:01.030102,593.051630,RX,0x000,128,00 38 9B 71 80 02 00 00,.8.q....,False,False,False
2026-02-11T14:54:01.031183,593.052711,RX,0x000,0,,,False,False,False
2026-02-11T14:54:01.031183,593.052711,RX,0x1E0,0,,,False,False,False
2026-02-11T14:54:01.031183,593.052711,RX,0x000,128,E0 01 00 00 00 00 00 00,........,False,True,True
2026-02-11T14:54:01.031183,593.052711,RX,0x000,128,00 38 9B 71 80 02 00 00,.8.q....,False,False,False
2026-02-11T14:54:01.031183,593.052711,RX,0x000,0,,,False,False,False
2026-02-11T14:54:01.031183,593.052711,RX,0x1E0,0,,,False,False,False
2026-02-11T14:54:01.031183,593.052711,RX,0x000,128,E0 01 00 00 00 00 00 00,........,False,True,True
2026-02-11T14:54:01.031183,593.052711,RX,0x000,128,00 38 9B 71 80 02 00 00,.8.q....,False,False,False
2026-02-11T14:54:01.031183,593.052711,RX,0x000,0,,,False,False,False
2026-02-11T14:54:01.031183,593.052711,RX,0x1E0,0,,,False,False,False
2026-02-11T14:54:01.031183,593.052711,RX,0x000,128,E0 01 00 00 00 00 00 00,........,False,True,True
2026-02-11T14:54:01.031183,593.052711,RX,0x000,128,00 38 9B 71 80 02 00 00,.8.q....,False,False,False
2026-02-11T14:54:01.032298,593.053826,RX,0x000,0,,,False,False,False
2026-02-11T14:54:01.032298,593.053826,RX,0x1E0,0,,,False,False,False
2026-02-11T14:54:01.032298,593.053826,RX,0x000,128,E0 01 00 00 00 00 00 00,........,False,True,True
2026-02-11T14:54:01.032298,593.053826,RX,0x000,128,00 38 9B 71 80 02 00 00,.8.q....,False,False,False
2026-02-11T14:54:01.032298,593.053826,RX,0x000,0,,,False,False,False
2026-02-11T14:54:01.032298,593.053826,RX,0x1E0,0,,,False,False,False
2026-02-11T14:54:01.032298,593.053826,RX,0x000,128,E0 01 00 00 00 00 00 00,........,False,True,True
2026-02-11T14:54:01.032298,593.053826,RX,0x000,128,00 38 9B 71 80 02 00 00,.8.q....,False,False,False
2026-02-11T14:54:01.032298,593.053826,RX,0x000,0,,,False,False,False
2026-02-11T14:54:01.032298,593.053826,RX,0x1E0,0,,,False,False,False
2026-02-11T14:54:01.033321,593.054849,RX,0x000,128,E0 01 00 00 00 00 00 00,........,False,True,True
2026-02-11T14:54:01.033321,593.054849,RX,0x000,128,00 38 9B 71 80 02 00 00,.8.q....,False,False,False
2026-02-11T14:54:01.033321,593.054849,RX,0x000,0,,,False,False,False
2026-02-11T14:54:01.033321,593.054849,RX,0x1E0,0,,,False,False,False
2026-02-11T14:54:01.033321,593.054849,RX,0x000,128,E0 01 00 00 00 00 00 00,........,False,True,True
2026-02-11T14:54:01.033321,593.054849,RX,0x000,128,00 38 9B 71 80 02 00 00,.8.q....,False,False,False
2026-02-11T14:54:01.033321,593.054849,RX,0x000,0,,,False,False,False
2026-02-11T14:54:01.033321,593.054849,RX,0x1E0,0,,,False,False,False
2026-02-11T14:54:01.033321,593.054849,RX,0x000,128,E0 01 00 00 00 00 00 00,........,False,True,True
2026-02-11T14:54:01.033321,593.054849,RX,0x000,128,00 38 9B 71 80 02 00 00,.8.q....,False,False,False
2026-02-11T14:54:01.033321,593.054849,RX,0x000,0,,,False,False,False
2026-02-11T14:54:01.033321,593.054849,RX,0x1E0,0,,,False,False,False
2026-02-11T14:54:01.034416,593.055944,RX,0x000,128,E0 01 00 00 00 00 00 00,........,False,True,True
2026-02-11T14:54:01.034416,593.055944,RX,0x000,128,00 38 9B 71 80 02 00 00,.8.q....,False,False,False
2026-02-11T14:54:01.034416,593.055944,RX,0x000,0,,,False,False,False
2026-02-11T14:54:01.034416,593.055944,RX,0x1E0,0,,,False,False,False
2026-02-11T14:54:01.034416,593.055944,RX,0x000,128,E0 01 00 00 00 00 00 00,........,False,True,True
2026-02-11T14:54:01.034416,593.055944,RX,0x000,128,00 38 9B 71 80 02 00 00,.8.q....,False,False,False
2026-02-11T14:54:01.034416,593.055944,RX,0x000,0,,,False,False,False
2026-02-11T14:54:01.034416,593.055944,RX,0x1E0,0,,,False,False,False
2026-02-11T14:54:01.034416,593.055944,RX,0x000,128,E0 01 00 00 00 00 00 00,........,False,True,True
2026-02-11T14:54:01.034416,593.055944,RX,0x000,128,00 38 9B 71 80 02 00 00,.8.q....,False,False,False
2026-02-11T14:54:01.035435,593.056963,RX,0x000,0,,,False,False,False
2026-02-11T14:54:01.035435,593.056963,RX,0x1E0,0,,,False,False,False
2026-02-11T14:54:01.035435,593.056963,RX,0x000,128,E0 01 00 00 00 00 00 00,........,False,True,True
2026-02-11T14:54:01.035435,593.056963,RX,0x000,128,00 38 9B 71 80 02 00 00,.8.q....,False,False,False
2026-02-11T14:54:01.035435,593.056963,RX,0x000,0,,,False,False,False
2026-02-11T14:54:01.035435,593.056963,RX,0x1E0,0,,,False,False,False
2026-02-11T14:54:01.035435,593.056963,RX,0x000,128,E0 01 00 00 00 00 00 00,........,False,True,True
2026-02-11T14:54:01.035435,593.056963,RX,0x000,128,00 38 9B 71 80 02 00 00,.8.q....,False,False,False
2026-02-11T14:54:01.035435,593.056963,RX,0x000,0,,,False,False,False
2026-02-11T14:54:01.035435,593.056963,RX,0x1E0,0,,,False,False,False
2026-02-11T14:54:01.035435,593.056963,RX,0x000,128,E0 01 00 00 00 00 00 00,........,False,True,True
2026-02-11T14:54:01.035435,593.056963,RX,0x000,128,00 38 9B 71 80 02 00 00,.8.q....,False,False,False
2026-02-11T14:54:01.035435,593.056963,RX,0x000,0,,,False,False,False
2026-02-11T14:54:01.035435,593.056963,RX,0x1E0,0,,,False,False,False
2026-02-11T14:54:01.036851,593.058379,RX,0x000,128,E0 01 00 00 00 00 00 00,........,False,True,True
2026-02-11T14:54:01.036851,593.058379,RX,0x000,128,00 38 9B 71 80 02 00 00,.8.q....,False,False,False
2026-02-11T14:54:01.036851,593.058379,RX,0x000,0,,,False,False,False
2026-02-11T14:54:01.036851,593.058379,RX,0x1E0,0,,,False,False,False
2026-02-11T14:54:01.036851,593.058379,RX,0x000,128,E0 01 00 00 00 00 00 00,........,False,True,True
2026-02-11T14:54:01.036851,593.058379,RX,0x000,128,00 38 9B 71 80 02 00 00,.8.q....,False,False,False
2026-02-11T14:54:01.036851,593.058379,RX,0x000,0,,,False,False,False
2026-02-11T14:54:01.036851,593.058379,RX,0x1E0,0,,,False,False,False
2026-02-11T14:54:01.036851,593.058379,RX,0x000,128,E0 01 00 00 00 00 00 00,........,False,True,True
2026-02-11T14:54:01.037861,593.059389,RX,0x000,128,00 38 9B 71 80 02 00 00,.8.q....,False,False,False
2026-02-11T14:54:01.037861,593.059389,RX,0x000,0,,,False,False,False
2026-02-11T14:54:01.037861,593.059389,RX,0x1E0,0,,,False,False,False
2026-02-11T14:54:01.037861,593.059389,RX,0x000,128,E0 01 00 00 00 00 00 00,........,False,True,True
2026-02-11T14:54:01.037861,593.059389,RX,0x000,128,00 38 9B 71 80 02 00 00,.8.q....,False,False,False
2026-02-11T14:54:01.037861,593.059389,RX,0x000,0,,,False,False,False
2026-02-11T14:54:01.037861,593.059389,RX,0x1E0,0,,,False,False,False
2026-02-11T14:54:01.037861,593.059389,RX,0x000,128,E0 01 00 00 00 00 00 00,........,False,True,True
2026-02-11T14:54:01.037861,593.059389,RX,0x000,128,00 38 9B 71 80 02 00 00,.8.q....,False,False,False
2026-02-11T14:54:01.037861,593.059389,RX,0x000,0,,,False,False,False
2026-02-11T14:54:01.037861,593.059389,RX,0x1E0,0,,,False,False,False
2026-02-11T14:54:01.037861,593.059389,RX,0x000,128,E0 01 00 00 00 00 00 00,........,False,True,True
2026-02-11T14:54:01.037861,593.059389,RX,0x000,128,00 38 9B 71 80 02 00 00,.8.q....,False,False,False
2026-02-11T14:54:01.037861,593.059389,RX,0x000,0,,,False,False,False
2026-02-11T14:54:01.037861,593.059389,RX,0x1E0,0,,,False,False,False
2026-02-11T14:54:01.038908,593.060436,RX,0x000,128,E0 01 00 00 00 00 00 00,........,False,True,True
2026-02-11T14:54:01.038908,593.060436,RX,0x000,128,00 38 9B 71 80 02 00 00,.8.q....,False,False,False
2026-02-11T14:54:01.038908,593.060436,RX,0x000,0,,,False,False,False
2026-02-11T14:54:01.038908,593.060436,RX,0x1E0,0,,,False,False,False
2026-02-11T14:54:01.038908,593.060436,RX,0x000,128,E0 01 00 00 00 00 00 00,........,False,True,True
2026-02-11T14:54:01.038908,593.060436,RX,0x000,128,00 38 9B 71 80 02 00 00,.8.q....,False,False,False
2026-02-11T14:54:01.038908,593.060436,RX,0x000,0,,,False,False,False
2026-02-11T14:54:01.038908,593.060436,RX,0x1E0,0,,,False,False,False
2026-02-11T14:54:01.038908,593.060436,RX,0x000,128,E0 01 00 00 00 00 00 00,........,False,True,True
2026-02-11T14:54:01.038908,593.060436,RX,0x000,128,00 38 9B 71 80 02 00 00,.8.q....,False,False,False
2026-02-11T14:54:01.038908,593.060436,RX,0x000,0,,,False,False,False
2026-02-11T14:54:01.038908,593.060436,RX,0x1E0,0,,,False,False,False
2026-02-11T14:54:01.039935,593.061462,RX,0x000,128,E0 01 00 00 00 00 00 00,........,False,True,True
2026-02-11T14:54:01.039935,593.061462,RX,0x000,128,00 38 9B 71 80 02 00 00,.8.q....,False,False,False
2026-02-11T14:54:01.039935,593.061462,RX,0x000,0,,,False,False,False
2026-02-11T14:54:01.039935,593.061462,RX,0x1E0,0,,,False,False,False
2026-02-11T14:54:01.039935,593.061462,RX,0x000,128,E0 01 00 00 00 00 00 00,........,False,True,True
2026-02-11T14:54:01.039935,593.061462,RX,0x000,128,00 38 9B 71 80 02 00 00,.8.q....,False,False,False
2026-02-11T14:54:01.039935,593.061462,RX,0x000,0,,,False,False,False
2026-02-11T14:54:01.039935,593.061462,RX,0x1E0,0,,,False,False,False
2026-02-11T14:54:01.039935,593.061462,RX,0x000,128,E0 01 00 00 00 00 00 00,........,False,True,True
2026-02-11T14:54:01.041248,593.062777,RX,0x000,128,00 38 9B 71 80 02 00 00,.8.q....,False,False,False
2026-02-11T14:54:01.041248,593.062777,RX,0x000,0,,,False,False,False
2026-02-11T14:54:01.041248,593.062777,RX,0x1E0,0,,,False,False,False
2026-02-11T14:54:01.041248,593.062777,RX,0x000,128,E0 01 00 00 00 00 00 00,........,False,True,True
2026-02-11T14:54:01.042269,593.063797,RX,0x000,128,00 38 9B 71 80 02 00 00,.8.q....,False,False,False
2026-02-11T14:54:01.042269,593.063797,RX,0x000,0,,,False,False,False
2026-02-11T14:54:01.042269,593.063797,RX,0x1E0,0,,,False,False,False
2026-02-11T14:54:01.042269,593.063797,RX,0x000,128,E0 01 00 00 00 00 00 00,........,False,True,True
2026-02-11T14:54:01.042269,593.063797,RX,0x000,128,00 38 9B 71 80 02 00 00,.8.q....,False,False,False
2026-02-11T14:54:01.042269,593.063797,RX,0x000,0,,,False,False,False
2026-02-11T14:54:01.042269,593.063797,RX,0x1E0,0,,,False,False,False
2026-02-11T14:54:01.042269,593.063797,RX,0x000,128,E0 01 00 00 00 00 00 00,........,False,True,True
2026-02-11T14:54:01.042269,593.063797,RX,0x000,128,00 38 9B 71 80 02 00 00,.8.q....,False,False,False
2026-02-11T14:54:01.043283,593.064811,RX,0x000,0,,,False,False,False
2026-02-11T14:54:01.043283,593.064811,RX,0x1E0,0,,,False,False,False
2026-02-11T14:54:01.043283,593.064811,RX,0x000,128,E0 01 00 00 00 00 00 00,........,False,True,True
2026-02-11T14:54:01.043283,593.064811,RX,0x000,128,00 38 9B 71 80 02 00 00,.8.q....,False,False,False
2026-02-11T14:54:01.043283,593.064811,RX,0x000,0,,,False,False,False
2026-02-11T14:54:01.043283,593.064811,RX,0x1E0,0,,,False,False,False
2026-02-11T14:54:01.044295,593.064811,RX,0x000,128,E0 01 00 00 00 00 00 00,........,False,True,True
2026-02-11T14:54:01.044295,593.065823,RX,0x000,128,00 38 9B 71 80 02 00 00,.8.q....,False,False,False
2026-02-11T14:54:01.044295,593.065823,RX,0x000,0,,,False,False,False
2026-02-11T14:54:01.044295,593.065823,RX,0x1E0,0,,,False,False,False
2026-02-11T14:54:01.044295,593.065823,RX,0x000,128,E0 01 00 00 00 00 00 00,........,False,True,True
2026-02-11T14:54:01.044295,593.065823,RX,0x000,128,00 38 9B 71 80 02 00 00,.8.q....,False,False,False
2026-02-11T14:54:01.044295,593.065823,RX,0x000,0,,,False,False,False
2026-02-11T14:54:01.044295,593.065823,RX,0x1E0,0,,,False,False,False
2026-02-11T14:54:01.044295,593.065823,RX,0x000,128,E0 01 00 00 00 00 00 00,........,False,True,True
2026-02-11T14:54:01.044295,593.065823,RX,0x000,128,00 38 9B 71 80 02 00 00,.8.q....,False,False,False
2026-02-11T14:54:01.044295,593.065823,RX,0x000,0,,,False,False,False
2026-02-11T14:54:01.045324,593.066852,RX,0x1E0,0,,,False,False,False
2026-02-11T14:54:01.045324,593.066852,RX,0x000,128,E0 01 00 00 00 00 00 00,........,False,True,True
2026-02-11T14:54:01.045324,593.066852,RX,0x000,128,00 38 9B 71 80 02 00 00,.8.q....,False,False,False
2026-02-11T14:54:01.045324,593.066852,RX,0x000,0,,,False,False,False
2026-02-11T14:54:01.045324,593.066852,RX,0x1E0,0,,,False,False,False
2026-02-11T14:54:01.045324,593.066852,RX,0x000,128,E0 01 00 00 00 00 00 00,........,False,True,True
2026-02-11T14:54:01.045324,593.066852,RX,0x000,128,00 38 9B 71 80 02 00 00,.8.q....,False,False,False
2026-02-11T14:54:01.045324,593.066852,RX,0x000,0,,,False,False,False
2026-02-11T14:54:01.045324,593.066852,RX,0x1E0,0,,,False,False,False
2026-02-11T14:54:01.045324,593.066852,RX,0x000,128,E0 01 00 00 00 00 00 00,........,False,True,True
2026-02-11T14:54:01.045324,593.066852,RX,0x000,128,00 38 9B 71 80 02 00 00,.8.q....,False,False,False
2026-02-11T14:54:01.046342,593.067870,RX,0x000,0,,,False,False,False
2026-02-11T14:54:01.046342,593.067870,RX,0x1E0,0,,,False,False,False
2026-02-11T14:54:01.046342,593.067870,RX,0x000,128,E0 01 00 00 00 00 00 00,........,False,True,True
2026-02-11T14:54:01.046342,593.067870,RX,0x000,128,00 38 9B 71 80 02 00 00,.8.q....,False,False,False
2026-02-11T14:54:01.046342,593.067870,RX,0x000,0,,,False,False,False
2026-02-11T14:54:01.046342,593.067870,RX,0x1E0,0,,,False,False,False
2026-02-11T14:54:01.046342,593.067870,RX,0x000,128,E0 01 00 00 00 00 00 00,........,False,True,True
2026-02-11T14:54:01.046342,593.067870,RX,0x000,128,00 38 9B 71 80 02 00 00,.8.q....,False,False,False
2026-02-11T14:54:01.046342,593.067870,RX,0x000,0,,,False,False,False
2026-02-11T14:54:01.046342,593.067870,RX,0x1E0,0,,,False,False,False
2026-02-11T14:54:01.046342,593.067870,RX,0x000,128,E0 01 00 00 00 00 00 00,........,False,True,True
2026-02-11T14:54:01.046342,593.067870,RX,0x000,128,00 38 9B 71 80 02 00 00,.8.q....,False,False,False
2026-02-11T14:54:01.046342,593.067870,RX,0x000,0,,,False,False,False
2026-02-11T14:54:01.046342,593.067870,RX,0x1E0,0,,,False,False,False
2026-02-11T14:54:01.047851,593.069379,RX,0x000,128,E0 01 00 00 00 00 00 00,........,False,True,True
2026-02-11T14:54:01.047851,593.069379,RX,0x000,128,00 38 9B 71 80 02 00 00,.8.q....,False,False,False
2026-02-11T14:54:01.047851,593.069379,RX,0x000,0,,,False,False,False
2026-02-11T14:54:01.047851,593.069379,RX,0x1E0,0,,,False,False,False
2026-02-11T14:54:01.047851,593.069379,RX,0x000,128,E0 01 00 00 00 00 00 00,........,False,True,True
2026-02-11T14:54:01.047851,593.069379,RX,0x000,128,00 38 9B 71 80 02 00 00,.8.q....,False,False,False
2026-02-11T14:54:01.047851,593.069379,RX,0x000,0,,,False,False,False
2026-02-11T14:54:01.047851,593.069379,RX,0x1E0,0,,,False,False,False
2026-02-11T14:54:01.047851,593.069379,RX,0x000,128,E0 01 00 00 00 00 00 00,........,False,True,True
2026-02-11T14:54:01.047851,593.069379,RX,0x000,128,00 38 9B 71 80 02 00 00,.8.q....,False,False,False
2026-02-11T14:54:01.047851,593.069379,RX,0x000,0,,,False,False,False
2026-02-11T14:54:01.047851,593.069379,RX,0x1E0,0,,,False,False,False
2026-02-11T14:54:01.047851,593.069379,RX,0x000,128,E0 01 00 00 00 00 00 00,........,False,True,True
2026-02-11T14:54:01.047851,593.069379,RX,0x000,128,00 38 9B 71 80 02 00 00,.8.q....,False,False,False
2026-02-11T14:54:01.048883,593.070411,RX,0x000,0,,,False,False,False
2026-02-11T14:54:01.048883,593.070411,RX,0x1E0,0,,,False,False,False
2026-02-11T14:54:01.048883,593.070411,RX,0x000,128,E0 01 00 00 00 00 00 00,........,False,True,True
2026-02-11T14:54:01.048883,593.070411,RX,0x000,128,00 38 9B 71 80 02 00 00,.8.q....,False,False,False
2026-02-11T14:54:01.048883,593.070411,RX,0x000,0,,,False,False,False
2026-02-11T14:54:01.048883,593.070411,RX,0x1E0,0,,,False,False,False
2026-02-11T14:54:01.048883,593.070411,RX,0x000,128,E0 01 00 00 00 00 00 00,........,False,True,True
2026-02-11T14:54:01.048883,593.070411,RX,0x000,128,00 38 9B 71 80 02 00 00,.8.q....,False,False,False
2026-02-11T14:54:01.048883,593.070411,RX,0x000,0,,,False,False,False
2026-02-11T14:54:01.048883,593.070411,RX,0x1E0,0,,,False,False,False
2026-02-11T14:54:01.048883,593.070411,RX,0x000,128,E0 01 00 00 00 00 00 00,........,False,True,True
2026-02-11T14:54:01.049883,593.071411,RX,0x000,128,00 38 9B 71 80 02 00 00,.8.q....,False,False,False
2026-02-11T14:54:01.049883,593.071411,RX,0x000,0,,,False,False,False
2026-02-11T14:54:01.049883,593.071411,RX,0x1E0,0,,,False,False,False
2026-02-11T14:54:01.049883,593.071411,RX,0x000,128,E0 01 00 00 00 00 00 00,........,False,True,True
2026-02-11T14:54:01.049883,593.071411,RX,0x000,128,00 38 9B 71 80 02 00 00,.8.q....,False,False,False
2026-02-11T14:54:01.049883,593.071411,RX,0x000,0,,,False,False,False
2026-02-11T14:54:01.049883,593.071411,RX,0x1E0,0,,,False,False,False
2026-02-11T14:54:01.049883,593.071411,RX,0x000,128,E0 01 00 00 00 00 00 00,........,False,True,True
2026-02-11T14:54:01.049883,593.071411,RX,0x000,128,00 38 9B 71 80 02 00 00,.8.q....,False,False,False
2026-02-11T14:54:01.049883,593.071411,RX,0x000,0,,,False,False,False
2026-02-11T14:54:01.049883,593.071411,RX,0x1E0,0,,,False,False,False
2026-02-11T14:54:01.049883,593.071411,RX,0x000,128,E0 01 00 00 00 00 00 00,........,False,True,True
2026-02-11T14:54:01.049883,593.071411,RX,0x000,128,00 38 9B 71 80 02 00 00,.8.q....,False,False,False
2026-02-11T14:54:01.049883,593.071411,RX,0x000,0,,,False,False,False
2026-02-11T14:54:01.049883,593.071411,RX,0x1E0,0,,,False,False,False
2026-02-11T14:54:01.050883,593.072411,RX,0x000,128,E0 01 00 00 00 00 00 00,........,False,True,True
2026-02-11T14:54:01.050883,593.072411,RX,0x000,128,00 38 9B 71 80 02 00 00,.8.q....,False,False,False
2026-02-11T14:54:01.050883,593.072411,RX,0x000,0,,,False,False,False
2026-02-11T14:54:01.050883,593.072411,RX,0x1E0,0,,,False,False,False
2026-02-11T14:54:01.050883,593.072411,RX,0x000,128,E0 01 00 00 00 00 00 00,........,False,True,True
2026-02-11T14:54:01.050883,593.072411,RX,0x000,128,00 38 9B 71 80 02 00 00,.8.q....,False,False,False
2026-02-11T14:54:01.050883,593.072411,RX,0x000,0,,,False,False,False
2026-02-11T14:54:01.051389,593.072411,RX,0x1E0,0,,,False,False,False
2026-02-11T14:54:01.051389,593.072917,RX,0x000,128,E0 01 00 00 00 00 00 00,........,False,True,True
2026-02-11T14:54:01.051389,593.072917,RX,0x000,128,00 38 9B 71 80 02 00 00,.8.q....,False,False,False
2026-02-11T14:54:01.051389,593.072917,RX,0x000,0,,,False,False,False
2026-02-11T14:54:01.051389,593.072917,RX,0x1E0,0,,,False,False,False
2026-02-11T14:54:01.051389,593.072917,RX,0x000,128,E0 01 00 00 00 00 00 00,........,False,True,True
2026-02-11T14:54:01.051389,593.072917,RX,0x000,128,00 38 9B 71 80 02 00 00,.8.q....,False,False,False
2026-02-11T14:54:01.051389,593.072917,RX,0x000,0,,,False,False,False
2026-02-11T14:54:01.051389,593.072917,RX,0x1E0,0,,,False,False,False
2026-02-11T14:54:01.051389,593.072917,RX,0x000,128,E0 01 00 00 00 00 00 00,........,False,True,True
2026-02-11T14:54:01.051389,593.072917,RX,0x000,128,00 38 9B 71 80 02 00 00,.8.q....,False,False,False
2026-02-11T14:54:01.051389,593.072917,RX,0x000,0,,,False,False,False
2026-02-11T14:54:01.051389,593.072917,RX,0x1E0,0,,,False,False,False
2026-02-11T14:54:01.051389,593.072917,RX,0x000,128,E0 01 00 00 00 00 00 00,........,False,True,True
2026-02-11T14:54:01.051389,593.072917,RX,0x000,128,00 38 9B 71 80 02 00 00,.8.q....,False,False,False
2026-02-11T14:54:01.051389,593.072917,RX,0x000,0,,,False,False,False
2026-02-11T14:54:01.051389,593.072917,RX,0x1E0,0,,,False,False,False
2026-02-11T14:54:01.051389,593.072917,RX,0x000,128,E0 01 00 00 00 00 00 00,........,False,True,True
2026-02-11T14:54:01.052392,593.073920,RX,0x000,128,00 38 9B 71 80 02 00 00,.8.q....,False,False,False
2026-02-11T14:54:01.052392,593.073920,RX,0x000,0,,,False,False,False
2026-02-11T14:54:01.052392,593.073920,RX,0x1E0,0,,,False,False,False
2026-02-11T14:54:01.052392,593.073920,RX,0x000,128,E0 01 00 00 00 00 00 00,........,False,True,True
2026-02-11T14:54:01.052392,593.073920,RX,0x000,128,00 38 9B 71 80 02 00 00,.8.q....,False,False,False
2026-02-11T14:54:01.052392,593.073920,RX,0x000,0,,,False,False,False
2026-02-11T14:54:01.052392,593.073920,RX,0x1E0,0,,,False,False,False
2026-02-11T14:54:01.052392,593.073920,RX,0x000,128,E0 01 00 00 00 00 00 00,........,False,True,True
2026-02-11T14:54:01.052392,593.073920,RX,0x000,128,00 38 9B 71 80 02 00 00,.8.q....,False,False,False
2026-02-11T14:54:01.052392,593.073920,RX,0x000,0,,,False,False,False
2026-02-11T14:54:01.052392,593.073920,RX,0x1E0,0,,,False,False,False
2026-02-11T14:54:01.052392,593.073920,RX,0x000,128,E0 01 00 00 00 00 00 00,........,False,True,True
2026-02-11T14:54:01.052392,593.073920,RX,0x000,128,00 38 9B 71 80 02 00 00,.8.q....,False,False,False
2026-02-11T14:54:01.052392,593.073920,RX,0x000,0,,,False,False,False
2026-02-11T14:54:01.052392,593.073920,RX,0x1E0,0,,,False,False,False
2026-02-11T14:54:01.052392,593.073920,RX,0x000,128,E0 01 00 00 00 00 00 00,........,False,True,True
2026-02-11T14:54:01.052392,593.073920,RX,0x000,128,00 38 9B 71 80 02 00 00,.8.q....,False,False,False
2026-02-11T14:54:01.052392,593.073920,RX,0x000,0,,,False,False,False
2026-02-11T14:54:01.052392,593.073920,RX,0x1E0,0,,,False,False,False
2026-02-11T14:54:01.052392,593.073920,RX,0x000,128,E0 01 00 00 00 00 00 00,........,False,True,True
2026-02-11T14:54:01.052392,593.073920,RX,0x000,128,00 38 9B 71 80 02 00 00,.8.q....,False,False,False
2026-02-11T14:54:01.053887,593.075415,RX,0x000,0,,,False,False,False
2026-02-11T14:54:01.053887,593.075415,RX,0x1E0,0,,,False,False,False
2026-02-11T14:54:01.053887,593.075415,RX,0x000,128,E0 01 00 00 00 00 00 00,........,False,True,True
2026-02-11T14:54:01.053887,593.075415,RX,0x000,128,00 38 9B 71 80 02 00 00,.8.q....,False,False,False
2026-02-11T14:54:01.053887,593.075415,RX,0x000,0,,,False,False,False
2026-02-11T14:54:01.053887,593.075415,RX,0x1E0,0,,,False,False,False
2026-02-11T14:54:01.053887,593.075415,RX,0x000,128,E0 01 00 00 00 00 00 00,........,False,True,True
2026-02-11T14:54:01.053887,593.075415,RX,0x000,128,00 38 9B 71 80 02 00 00,.8.q....,False,False,False
2026-02-11T14:54:01.053887,593.075415,RX,0x000,0,,,False,False,False
2026-02-11T14:54:01.053887,593.075415,RX,0x1E0,0,,,False,False,False
2026-02-11T14:54:01.053887,593.075415,RX,0x000,128,E0 01 00 00 00 00 00 00,........,False,True,True
2026-02-11T14:54:01.053887,593.075415,RX,0x000,128,00 38 9B 71 80 02 00 00,.8.q....,False,False,False
2026-02-11T14:54:01.053887,593.075415,RX,0x000,0,,,False,False,False
2026-02-11T14:54:01.054901,593.075415,RX,0x1E0,0,,,False,False,False
2026-02-11T14:54:01.054901,593.076429,RX,0x000,128,E0 01 00 00 00 00 00 00,........,False,True,True
2026-02-11T14:54:01.054901,593.076429,RX,0x000,128,00 38 9B 71 80 02 00 00,.8.q....,False,False,False
2026-02-11T14:54:01.054901,593.076429,RX,0x000,0,,,False,False,False
2026-02-11T14:54:01.054901,593.076429,RX,0x1E0,0,,,False,False,False
2026-02-11T14:54:01.054901,593.076429,RX,0x000,128,E0 01 00 00 00 00 00 00,........,False,True,True
2026-02-11T14:54:01.054901,593.076429,RX,0x000,128,00 38 9B 71 80 02 00 00,.8.q....,False,False,False
2026-02-11T14:54:01.054901,593.076429,RX,0x000,0,,,False,False,False
2026-02-11T14:54:01.054901,593.076429,RX,0x1E0,0,,,False,False,False
2026-02-11T14:54:01.054901,593.076429,RX,0x000,128,E0 01 00 00 00 00 00 00,........,False,True,True
2026-02-11T14:54:01.054901,593.076429,RX,0x000,128,00 38 9B 71 80 02 00 00,.8.q....,False,False,False
2026-02-11T14:54:01.054901,593.076429,RX,0x000,0,,,False,False,False
2026-02-11T14:54:01.055909,593.077437,RX,0x1E0,0,,,False,False,False
2026-02-11T14:54:01.055909,593.077437,RX,0x000,128,E0 01 00 00 00 00 00 00,........,False,True,True
2026-02-11T14:54:01.055909,593.077437,RX,0x000,128,00 38 9B 71 80 02 00 00,.8.q....,False,False,False
2026-02-11T14:54:01.055909,593.077437,RX,0x000,0,,,False,False,False
2026-02-11T14:54:01.055909,593.077437,RX,0x1E0,0,,,False,False,False
2026-02-11T14:54:01.055909,593.077437,RX,0x000,128,E0 01 00 00 00 00 00 00,........,False,True,True
2026-02-11T14:54:01.055909,593.077437,RX,0x000,128,00 38 9B 71 80 02 00 00,.8.q....,False,False,False
2026-02-11T14:54:01.055909,593.077437,RX,0x000,0,,,False,False,False
2026-02-11T14:54:01.055909,593.077437,RX,0x1E0,0,,,False,False,False
2026-02-11T14:54:01.055909,593.077437,RX,0x000,128,E0 01 00 00 00 00 00 00,........,False,True,True
2026-02-11T14:54:01.055909,593.077437,RX,0x000,128,00 38 9B 71 80 02 00 00,.8.q....,False,False,False
2026-02-11T14:54:01.055909,593.077437,RX,0x000,0,,,False,False,False
2026-02-11T14:54:01.055909,593.077437,RX,0x1E0,0,,,False,False,False
2026-02-11T14:54:01.055909,593.077437,RX,0x000,128,E0 01 00 00 00 00 00 00,........,False,True,True
2026-02-11T14:54:01.055909,593.077437,RX,0x000,128,00 38 9B 71 80 02 00 00,.8.q....,False,False,False
2026-02-11T14:54:01.057071,593.078599,RX,0x000,0,,,False,False,False
2026-02-11T14:54:01.057071,593.078599,RX,0x1E0,0,,,False,False,False
2026-02-11T14:54:01.057071,593.078599,RX,0x000,128,E0 01 00 00 00 00 00 00,........,False,True,True
2026-02-11T14:54:01.057071,593.078599,RX,0x000,128,00 38 9B 71 80 02 00 00,.8.q....,False,False,False
2026-02-11T14:54:01.057071,593.078599,RX,0x000,0,,,False,False,False
2026-02-11T14:54:01.057071,593.078599,RX,0x1E0,0,,,False,False,False
2026-02-11T14:54:01.057071,593.078599,RX,0x000,128,E0 01 00 00 00 00 00 00,........,False,True,True
2026-02-11T14:54:01.057071,593.078599,RX,0x000,128,00 38 9B 71 80 02 00 00,.8.q....,False,False,False
2026-02-11T14:54:01.057071,593.078599,RX,0x000,0,,,False,False,False
2026-02-11T14:54:01.057071,593.078599,RX,0x1E0,0,,,False,False,False
2026-02-11T14:54:01.057071,593.078599,RX,0x000,128,E0 01 00 00 00 00 00 00,........,False,True,True
2026-02-11T14:54:01.057071,593.078599,RX,0x000,128,00 38 9B 71 80 02 00 00,.8.q....,False,False,False
2026-02-11T14:54:01.057071,593.078599,RX,0x000,0,,,False,False,False
2026-02-11T14:54:01.058067,593.079595,RX,0x1E0,0,,,False,False,False
2026-02-11T14:54:01.058067,593.079595,RX,0x000,128,E0 01 00 00 00 00 00 00,........,False,True,True
2026-02-11T14:54:01.058067,593.079595,RX,0x000,128,00 38 9B 71 80 02 00 00,.8.q....,False,False,False
2026-02-11T14:54:01.058067,593.079595,RX,0x000,0,,,False,False,False
2026-02-11T14:54:01.058067,593.079595,RX,0x1E0,0,,,False,False,False
2026-02-11T14:54:01.058067,593.079595,RX,0x000,128,E0 01 00 00 00 00 00 00,........,False,True,True
2026-02-11T14:54:01.058067,593.079595,RX,0x000,128,00 38 9B 71 80 02 00 00,.8.q....,False,False,False
2026-02-11T14:54:01.058067,593.079595,RX,0x000,0,,,False,False,False
2026-02-11T14:54:01.058574,593.080102,RX,0x1E0,0,,,False,False,False
2026-02-11T14:54:01.058574,593.080102,RX,0x000,128,E0 01 00 00 00 00 00 00,........,False,True,True
2026-02-11T14:54:01.058574,593.080102,RX,0x000,128,00 38 9B 71 80 02 00 00,.8.q....,False,False,False
2026-02-11T14:54:01.058574,593.080102,RX,0x000,0,,,False,False,False
2026-02-11T14:54:01.058574,593.080102,RX,0x1E0,0,,,False,False,False
2026-02-11T14:54:01.058574,593.080102,RX,0x000,128,E0 01 00 00 00 00 00 00,........,False,True,True
2026-02-11T14:54:01.058574,593.080102,RX,0x000,128,00 38 9B 71 80 02 00 00,.8.q....,False,False,False
2026-02-11T14:54:01.058574,593.080102,RX,0x000,0,,,False,False,False
2026-02-11T14:54:01.058574,593.080102,RX,0x1E0,0,,,False,False,False
2026-02-11T14:54:01.058574,593.080102,RX,0x000,128,E0 01 00 00 00 00 00 00,........,False,True,True
2026-02-11T14:54:01.058574,593.080102,RX,0x000,128,00 38 9B 71 80 02 00 00,.8.q....,False,False,False
2026-02-11T14:54:01.058574,593.080102,RX,0x000,0,,,False,False,False
2026-02-11T14:54:01.058574,593.080102,RX,0x1E0,0,,,False,False,False
2026-02-11T14:54:01.058574,593.080102,RX,0x000,128,E0 01 00 00 00 00 00 00,........,False,True,True
2026-02-11T14:54:01.058574,593.080102,RX,0x000,128,00 38 9B 71 80 02 00 00,.8.q....,False,False,False
2026-02-11T14:54:01.058574,593.080102,RX,0x000,0,,,False,False,False
2026-02-11T14:54:01.059577,593.081105,RX,0x1E0,0,,,False,False,False
2026-02-11T14:54:01.059577,593.081105,RX,0x000,128,E0 01 00 00 00 00 00 00,........,False,True,True
2026-02-11T14:54:01.059577,593.081105,RX,0x000,128,00 38 9B 71 80 02 00 00,.8.q....,False,False,False
2026-02-11T14:54:01.059577,593.081105,RX,0x000,0,,,False,False,False
2026-02-11T14:54:01.059577,593.081105,RX,0x1E0,0,,,False,False,False
2026-02-11T14:54:01.059577,593.081105,RX,0x000,128,E0 01 00 00 00 00 00 00,........,False,True,True
2026-02-11T14:54:01.059577,593.081105,RX,0x000,128,00 38 9B 71 80 02 00 00,.8.q....,False,False,False
2026-02-11T14:54:01.059577,593.081105,RX,0x000,0,,,False,False,False
2026-02-11T14:54:01.059577,593.081105,RX,0x1E0,0,,,False,False,False
2026-02-11T14:54:01.059577,593.081105,RX,0x000,128,E0 01 00 00 00 00 00 00,........,False,True,True
2026-02-11T14:54:01.059577,593.081105,RX,0x000,128,00 38 9B 71 80 02 00 00,.8.q....,False,False,False
2026-02-11T14:54:01.059577,593.081105,RX,0x000,0,,,False,False,False
2026-02-11T14:54:01.061087,593.081105,RX,0x1E0,0,,,False,False,False
2026-02-11T14:54:01.061087,593.082615,RX,0x000,128,E0 01 00 00 00 00 00 00,........,False,True,True
2026-02-11T14:54:01.061087,593.082615,RX,0x000,128,00 38 9B 71 80 02 00 00,.8.q....,False,False,False
2026-02-11T14:54:01.061087,593.082615,RX,0x000,0,,,False,False,False
2026-02-11T14:54:01.061087,593.082615,RX,0x1E0,0,,,False,False,False
2026-02-11T14:54:01.061087,593.082615,RX,0x000,128,E0 01 00 00 00 00 00 00,........,False,True,True
2026-02-11T14:54:01.061087,593.082615,RX,0x000,128,00 38 9B 71 80 02 00 00,.8.q....,False,False,False
2026-02-11T14:54:01.061087,593.082615,RX,0x000,0,,,False,False,False
2026-02-11T14:54:01.061087,593.082615,RX,0x1E0,0,,,False,False,False
2026-02-11T14:54:01.061087,593.082615,RX,0x000,128,E0 01 00 00 00 00 00 00,........,False,True,True
2026-02-11T14:54:01.061087,593.082615,RX,0x000,128,00 38 9B 71 80 02 00 00,.8.q....,False,False,False
2026-02-11T14:54:01.062089,593.083617,RX,0x000,0,,,False,False,False
2026-02-11T14:54:01.062089,593.083617,RX,0x1E0,0,,,False,False,False
2026-02-11T14:54:01.062089,593.083617,RX,0x000,128,E0 01 00 00 00 00 00 00,........,False,True,True
2026-02-11T14:54:01.062598,593.083617,RX,0x000,128,00 38 9B 71 80 02 00 00,.8.q....,False,False,False
2026-02-11T14:54:01.062598,593.084126,RX,0x000,0,,,False,False,False
2026-02-11T14:54:01.062598,593.084126,RX,0x1E0,0,,,False,False,False
2026-02-11T14:54:01.062598,593.084126,RX,0x000,128,E0 01 00 00 00 00 00 00,........,False,True,True
2026-02-11T14:54:01.062598,593.084126,RX,0x000,128,00 38 9B 71 80 02 00 00,.8.q....,False,False,False
2026-02-11T14:54:01.062598,593.084126,RX,0x000,0,,,False,False,False
2026-02-11T14:54:01.062598,593.084126,RX,0x1E0,0,,,False,False,False
2026-02-11T14:54:01.062598,593.084126,RX,0x000,128,E0 01 00 00 00 00 00 00,........,False,True,True
2026-02-11T14:54:01.062598,593.084126,RX,0x000,128,00 38 9B 71 80 02 00 00,.8.q....,False,False,False
2026-02-11T14:54:01.062598,593.084126,RX,0x000,0,,,False,False,False
2026-02-11T14:54:01.063614,593.085142,RX,0x1E0,0,,,False,False,False
2026-02-11T14:54:01.063614,593.085142,RX,0x000,128,E0 01 00 00 00 00 00 00,........,False,True,True
2026-02-11T14:54:01.064655,593.086183,RX,0x000,128,00 38 9B 71 80 02 00 00,.8.q....,False,False,False
2026-02-11T14:54:01.064655,593.086183,RX,0x000,0,,,False,False,False
2026-02-11T14:54:01.064655,593.086183,RX,0x1E0,0,,,False,False,False
2026-02-11T14:54:01.064655,593.086183,RX,0x000,128,E0 01 00 00 00 00 00 00,........,False,True,True
2026-02-11T14:54:01.064655,593.086183,RX,0x000,128,00 38 9B 71 80 02 00 00,.8.q....,False,False,False
2026-02-11T14:54:01.064655,593.086183,RX,0x000,0,,,False,False,False
2026-02-11T14:54:01.064655,593.086183,RX,0x1E0,0,,,False,False,False
2026-02-11T14:54:01.064655,593.086183,RX,0x000,128,E0 01 00 00 00 00 00 00,........,False,True,True
2026-02-11T14:54:01.065666,593.087193,RX,0x000,128,00 38 9B 71 80 02 00 00,.8.q....,False,False,False
2026-02-11T14:54:01.065666,593.087193,RX,0x000,0,,,False,False,False
2026-02-11T14:54:01.065666,593.087193,RX,0x1E0,0,,,False,False,False
2026-02-11T14:54:01.065666,593.087193,RX,0x000,128,E0 01 00 00 00 00 00 00,........,False,True,True
2026-02-11T14:54:01.065666,593.087193,RX,0x000,128,00 38 9B 71 80 02 00 00,.8.q....,False,False,False
2026-02-11T14:54:01.065666,593.087193,RX,0x000,0,,,False,False,False
2026-02-11T14:54:01.065666,593.087193,RX,0x1E0,0,,,False,False,False
2026-02-11T14:54:01.065666,593.087193,RX,0x000,128,E0 01 00 00 00 00 00 00,........,False,True,True
2026-02-11T14:54:01.065666,593.087193,RX,0x000,128,00 38 9B 71 80 02 00 00,.8.q....,False,False,False
2026-02-11T14:54:01.065666,593.087193,RX,0x000,0,,,False,False,False
2026-02-11T14:54:01.065666,593.087193,RX,0x1E0,0,,,False,False,False
2026-02-11T14:54:01.066673,593.088200,RX,0x000,128,E0 01 00 00 00 00 00 00,........,False,True,True
2026-02-11T14:54:01.066673,593.088200,RX,0x000,128,00 38 9B 71 80 02 00 00,.8.q....,False,False,False
2026-02-11T14:54:01.066673,593.088200,RX,0x000,0,,,False,False,False
2026-02-11T14:54:01.066673,593.088200,RX,0x1E0,0,,,False,False,False
2026-02-11T14:54:01.066673,593.088200,RX,0x000,128,E0 01 00 00 00 00 00 00,........,False,True,True
2026-02-11T14:54:01.066673,593.088200,RX,0x000,128,00 38 9B 71 80 02 00 00,.8.q....,False,False,False
2026-02-11T14:54:01.066673,593.088200,RX,0x000,0,,,False,False,False
2026-02-11T14:54:01.066673,593.088200,RX,0x1E0,0,,,False,False,False
2026-02-11T14:54:01.066673,593.088200,RX,0x000,128,E0 01 00 00 00 00 00 00,........,False,True,True
2026-02-11T14:54:01.066673,593.088200,RX,0x000,128,00 38 9B 71 80 02 00 00,.8.q....,False,False,False
2026-02-11T14:54:01.066673,593.088200,RX,0x000,0,,,False,False,False
2026-02-11T14:54:01.066673,593.088200,RX,0x1E0,0,,,False,False,False
2026-02-11T14:54:01.066673,593.088200,RX,0x000,128,E0 01 00 00 00 00 00 00,........,False,True,True
2026-02-11T14:54:01.066673,593.088200,RX,0x000,128,00 38 9B 71 80 02 00 00,.8.q....,False,False,False
2026-02-11T14:54:01.066673,593.088200,RX,0x000,0,,,False,False,False
2026-02-11T14:54:01.066673,593.088200,RX,0x1E0,0,,,False,False,False
2026-02-11T14:54:01.066673,593.088200,RX,0x000,128,E0 01 00 00 00 00 00 00,........,False,True,True
2026-02-11T14:54:01.066673,593.088200,RX,0x000,128,00 38 9B 71 80 02 00 00,.8.q....,False,False,False
2026-02-11T14:54:01.066673,593.088200,RX,0x000,0,,,False,False,False
2026-02-11T14:54:01.066673,593.088200,RX,0x1E0,0,,,False,False,False
2026-02-11T14:54:01.066673,593.088200,RX,0x000,128,E0 01 00 00 00 00 00 00,........,False,True,True
2026-02-11T14:54:01.066673,593.088200,RX,0x000,128,00 38 9B 71 80 02 00 00,.8.q....,False,False,False
2026-02-11T14:54:01.066673,593.088200,RX,0x000,0,,,False,False,False
2026-02-11T14:54:01.066673,593.088200,RX,0x1E0,0,,,False,False,False
2026-02-11T14:54:01.066673,593.088200,RX,0x000,128,E0 01 00 00 00 00 00 00,........,False,True,True
2026-02-11T14:54:01.066673,593.088200,RX,0x000,128,00 38 9B 71 80 02 00 00,.8.q....,False,False,False
2026-02-11T14:54:01.066673,593.088200,RX,0x000,0,,,False,False,False
2026-02-11T14:54:01.066673,593.088200,RX,0x1E0,0,,,False,False,False
2026-02-11T14:54:01.068180,593.089708,RX,0x000,128,E0 01 00 00 00 00 00 00,........,False,True,True
2026-02-11T14:54:01.068180,593.089708,RX,0x000,128,00 38 9B 71 80 02 00 00,.8.q....,False,False,False
2026-02-11T14:54:01.068180,593.089708,RX,0x000,0,,,False,False,False
2026-02-11T14:54:01.068180,593.089708,RX,0x1E0,0,,,False,False,False
2026-02-11T14:54:01.068180,593.089708,RX,0x000,128,E0 01 00 00 00 00 00 00,........,False,True,True
2026-02-11T14:54:01.068180,593.089708,RX,0x000,128,00 38 9B 71 80 02 00 00,.8.q....,False,False,False
2026-02-11T14:54:01.068180,593.089708,RX,0x000,0,,,False,False,False
2026-02-11T14:54:01.068180,593.089708,RX,0x1E0,0,,,False,False,False
2026-02-11T14:54:01.068180,593.089708,RX,0x000,128,E0 01 00 00 00 00 00 00,........,False,True,True
2026-02-11T14:54:01.068180,593.089708,RX,0x000,128,00 38 9B 71 80 02 00 00,.8.q....,False,False,False
2026-02-11T14:54:01.068180,593.089708,RX,0x000,0,,,False,False,False
2026-02-11T14:54:01.068180,593.089708,RX,0x1E0,0,,,False,False,False
2026-02-11T14:54:01.068180,593.089708,RX,0x000,128,E0 01 00 00 00 00 00 00,........,False,True,True
2026-02-11T14:54:01.068180,593.089708,RX,0x000,128,00 38 9B 71 80 02 00 00,.8.q....,False,False,False
2026-02-11T14:54:01.068180,593.089708,RX,0x000,0,,,False,False,False
2026-02-11T14:54:01.068180,593.089708,RX,0x1E0,0,,,False,False,False
2026-02-11T14:54:01.068180,593.089708,RX,0x000,128,E0 01 00 00 00 00 00 00,........,False,True,True
2026-02-11T14:54:01.068180,593.089708,RX,0x000,128,00 38 9B 71 80 02 00 00,.8.q....,False,False,False
2026-02-11T14:54:01.068180,593.089708,RX,0x000,0,,,False,False,False
2026-02-11T14:54:01.069198,593.090726,RX,0x1E0,0,,,False,False,False
2026-02-11T14:54:01.069198,593.090726,RX,0x000,128,E0 01 00 00 00 00 00 00,........,False,True,True
2026-02-11T14:54:01.069198,593.090726,RX,0x000,128,00 38 9B 71 80 02 00 00,.8.q....,False,False,False
2026-02-11T14:54:01.069198,593.090726,RX,0x000,0,,,False,False,False
2026-02-11T14:54:01.069198,593.090726,RX,0x1E0,0,,,False,False,False
2026-02-11T14:54:01.069198,593.090726,RX,0x000,128,E0 01 00 00 00 00 00 00,........,False,True,True
2026-02-11T14:54:01.069198,593.090726,RX,0x000,128,00 38 9B 71 80 02 00 00,.8.q....,False,False,False
2026-02-11T14:54:01.069198,593.090726,RX,0x000,0,,,False,False,False
2026-02-11T14:54:01.069198,593.090726,RX,0x1E0,0,,,False,False,False
2026-02-11T14:54:01.069198,593.090726,RX,0x000,128,E0 01 00 00 00 00 00 00,........,False,True,True
2026-02-11T14:54:01.069198,593.090726,RX,0x000,128,00 38 9B 71 80 02 00 00,.8.q....,False,False,False
2026-02-11T14:54:01.069198,593.090726,RX,0x000,0,,,False,False,False
2026-02-11T14:54:01.070221,593.091749,RX,0x1E0,0,,,False,False,False
2026-02-11T14:54:01.070221,593.091749,RX,0x000,128,E0 01 00 00 00 00 00 00,........,False,True,True
2026-02-11T14:54:01.070221,593.091749,RX,0x000,128,00 38 9B 71 80 02 00 00,.8.q....,False,False,False
2026-02-11T14:54:01.070221,593.091749,RX,0x000,0,,,False,False,False
2026-02-11T14:54:01.070221,593.091749,RX,0x1E0,0,,,False,False,False
2026-02-11T14:54:01.070221,593.091749,RX,0x000,128,E0 01 00 00 00 00 00 00,........,False,True,True
2026-02-11T14:54:01.070221,593.091749,RX,0x000,128,00 38 9B 71 80 02 00 00,.8.q....,False,False,False
2026-02-11T14:54:01.070221,593.091749,RX,0x000,0,,,False,False,False
2026-02-11T14:54:01.070221,593.091749,RX,0x1E0,0,,,False,False,False
2026-02-11T14:54:01.070221,593.091749,RX,0x000,128,E0 01 00 00 00 00 00 00,........,False,True,True
2026-02-11T14:54:01.070221,593.091749,RX,0x000,128,00 38 9B 71 80 02 00 00,.8.q....,False,False,False
2026-02-11T14:54:01.070221,593.091749,RX,0x000,0,,,False,False,False
2026-02-11T14:54:01.071220,593.091749,RX,0x1E0,0,,,False,False,False
2026-02-11T14:54:01.071220,593.092748,RX,0x000,128,E0 01 00 00 00 00 00 00,........,False,True,True
2026-02-11T14:54:01.071220,593.092748,RX,0x000,128,00 38 9B 71 80 02 00 00,.8.q....,False,False,False
2026-02-11T14:54:01.071220,593.092748,RX,0x000,0,,,False,False,False
2026-02-11T14:54:01.071220,593.092748,RX,0x1E0,0,,,False,False,False
2026-02-11T14:54:01.071220,593.092748,RX,0x000,128,E0 01 00 00 00 00 00 00,........,False,True,True
2026-02-11T14:54:01.071220,593.092748,RX,0x000,128,00 38 9B 71 80 02 00 00,.8.q....,False,False,False
2026-02-11T14:54:01.071220,593.092748,RX,0x000,0,,,False,False,False
2026-02-11T14:54:01.071220,593.092748,RX,0x1E0,0,,,False,False,False
2026-02-11T14:54:01.072521,593.094049,RX,0x000,128,E0 01 00 00 00 00 00 00,........,False,True,True
2026-02-11T14:54:01.072521,593.094049,RX,0x000,128,00 38 9B 71 80 02 00 00,.8.q....,False,False,False
2026-02-11T14:54:01.072521,593.094049,RX,0x000,0,,,False,False,False
2026-02-11T14:54:01.072521,593.094049,RX,0x1E0,0,,,False,False,False
2026-02-11T14:54:01.072521,593.094049,RX,0x000,128,E0 01 00 00 00 00 00 00,........,False,True,True
2026-02-11T14:54:01.072521,593.094049,RX,0x000,128,00 38 9B 71 80 02 00 00,.8.q....,False,False,False
2026-02-11T14:54:01.073560,593.095088,RX,0x000,0,,,False,False,False
2026-02-11T14:54:01.073560,593.095088,RX,0x1E0,0,,,False,False,False
2026-02-11T14:54:01.073560,593.095088,RX,0x000,128,E0 01 00 00 00 00 00 00,........,False,True,True
2026-02-11T14:54:01.073560,593.095088,RX,0x000,128,00 38 9B 71 80 02 00 00,.8.q....,False,False,False
2026-02-11T14:54:01.073560,593.095088,RX,0x000,0,,,False,False,False
2026-02-11T14:54:01.073560,593.095088,RX,0x1E0,0,,,False,False,False
2026-02-11T14:54:01.073560,593.095088,RX,0x000,128,E0 01 00 00 00 00 00 00,........,False,True,True
2026-02-11T14:54:01.073560,593.095088,RX,0x000,128,00 38 9B 71 80 02 00 00,.8.q....,False,False,False
2026-02-11T14:54:01.073560,593.095088,RX,0x000,0,,,False,False,False
2026-02-11T14:54:01.073560,593.095088,RX,0x1E0,0,,,False,False,False
2026-02-11T14:54:01.074579,593.096107,RX,0x000,128,E0 01 00 00 00 00 00 00,........,False,True,True
2026-02-11T14:54:01.074579,593.096107,RX,0x000,128,00 38 9B 71 80 02 00 00,.8.q....,False,False,False
2026-02-11T14:54:01.074579,593.096107,RX,0x000,0,,,False,False,False
2026-02-11T14:54:01.074579,593.096107,RX,0x1E0,0,,,False,False,False
2026-02-11T14:54:01.074579,593.096107,RX,0x000,128,E0 01 00 00 00 00 00 00,........,False,True,True
2026-02-11T14:54:01.074579,593.096107,RX,0x000,128,00 38 9B 71 80 02 00 00,.8.q....,False,False,False
2026-02-11T14:54:01.074579,593.096107,RX,0x000,0,,,False,False,False
2026-02-11T14:54:01.074579,593.096107,RX,0x1E0,0,,,False,False,False
2026-02-11T14:54:01.074579,593.096107,RX,0x000,128,E0 01 00 00 00 00 00 00,........,False,True,True
2026-02-11T14:54:01.074579,593.096107,RX,0x000,128,00 38 9B 71 80 02 00 00,.8.q....,False,False,False
2026-02-11T14:54:01.074579,593.096107,RX,0x000,0,,,False,False,False
2026-02-11T14:54:01.074579,593.096107,RX,0x1E0,0,,,False,False,False
2026-02-11T14:54:01.074579,593.096107,RX,0x000,128,E0 01 00 00 00 00 00 00,........,False,True,True
2026-02-11T14:54:01.074579,593.096107,RX,0x000,128,00 38 9B 71 80 02 00 00,.8.q....,False,False,False
2026-02-11T14:54:01.075670,593.097198,RX,0x000,0,,,False,False,False
2026-02-11T14:54:01.075670,593.097198,RX,0x1E0,0,,,False,False,False
2026-02-11T14:54:01.075670,593.097198,RX,0x000,128,E0 01 00 00 00 00 00 00,........,False,True,True
2026-02-11T14:54:01.075670,593.097198,RX,0x000,128,00 38 9B 71 80 02 00 00,.8.q....,False,False,False
2026-02-11T14:54:01.075670,593.097198,RX,0x000,0,,,False,False,False
2026-02-11T14:54:01.075670,593.097198,RX,0x1E0,0,,,False,False,False
2026-02-11T14:54:01.075670,593.097198,RX,0x000,128,E0 01 00 00 00 00 00 00,........,False,True,True
2026-02-11T14:54:01.075670,593.097198,RX,0x000,128,00 38 9B 71 80 02 00 00,.8.q....,False,False,False
2026-02-11T14:54:01.075670,593.097198,RX,0x000,0,,,False,False,False
2026-02-11T14:54:01.075670,593.097198,RX,0x1E0,0,,,False,False,False
2026-02-11T14:54:01.075670,593.097198,RX,0x000,128,E0 01 00 00 00 00 00 00,........,False,True,True
2026-02-11T14:54:01.075670,593.097198,RX,0x000,128,00 38 9B 71 80 02 00 00,.8.q....,False,False,False
2026-02-11T14:54:01.075670,593.097198,RX,0x000,0,,,False,False,False
2026-02-11T14:54:01.075670,593.097198,RX,0x1E0,0,,,False,False,False
2026-02-11T14:54:01.075670,593.097198,RX,0x000,128,E0 01 00 00 00 00 00 00,........,False,True,True
2026-02-11T14:54:01.075670,593.097198,RX,0x000,128,00 38 9B 71 80 02 00 00,.8.q....,False,False,False
2026-02-11T14:54:01.075670,593.097198,RX,0x000,0,,,False,False,False
2026-02-11T14:54:01.075670,593.097198,RX,0x1E0,0,,,False,False,False
2026-02-11T14:54:01.075670,593.097198,RX,0x000,128,E0 01 00 00 00 00 00 00,........,False,True,True
2026-02-11T14:54:01.075670,593.097198,RX,0x000,128,00 38 9B 71 80 02 00 00,.8.q....,False,False,False
2026-02-11T14:54:01.075670,593.097198,RX,0x000,0,,,False,False,False
2026-02-11T14:54:01.075670,593.097198,RX,0x1E0,0,,,False,False,False
2026-02-11T14:54:01.075670,593.097198,RX,0x000,128,E0 01 00 00 00 00 00 00,........,False,True,True
2026-02-11T14:54:01.077178,593.098706,RX,0x000,128,00 38 9B 71 80 02 00 00,.8.q....,False,False,False
2026-02-11T14:54:01.077178,593.098706,RX,0x000,0,,,False,False,False
2026-02-11T14:54:01.077178,593.098706,RX,0x1E0,0,,,False,False,False
2026-02-11T14:54:01.077178,593.098706,RX,0x000,128,E0 01 00 00 00 00 00 00,........,False,True,True
2026-02-11T14:54:01.077178,593.098706,RX,0x000,128,00 38 9B 71 80 02 00 00,.8.q....,False,False,False
2026-02-11T14:54:01.077178,593.098706,RX,0x000,0,,,False,False,False
2026-02-11T14:54:01.077178,593.098706,RX,0x1E0,0,,,False,False,False
2026-02-11T14:54:01.077178,593.098706,RX,0x000,128,E0 01 00 00 00 00 00 00,........,False,True,True
2026-02-11T14:54:01.077178,593.098706,RX,0x000,128,00 38 9B 71 80 02 00 00,.8.q....,False,False,False
2026-02-11T14:54:01.077178,593.098706,RX,0x000,0,,,False,False,False
2026-02-11T14:54:01.077178,593.098706,RX,0x1E0,0,,,False,False,False
2026-02-11T14:54:01.077178,593.098706,RX,0x000,128,E0 01 00 00 00 00 00 00,........,False,True,True
2026-02-11T14:54:01.077178,593.098706,RX,0x000,128,00 38 9B 71 80 02 00 00,.8.q....,False,False,False
2026-02-11T14:54:01.077178,593.098706,RX,0x000,0,,,False,False,False
2026-02-11T14:54:01.077178,593.098706,RX,0x1E0,0,,,False,False,False
2026-02-11T14:54:01.077178,593.098706,RX,0x000,128,E0 01 00 00 00 00 00 00,........,False,True,True
2026-02-11T14:54:01.077178,593.098706,RX,0x000,128,00 38 9B 71 80 02 00 00,.8.q....,False,False,False
2026-02-11T14:54:01.078195,593.099724,RX,0x000,0,,,False,False,False
2026-02-11T14:54:01.078195,593.099724,RX,0x1E0,0,,,False,False,False
2026-02-11T14:54:01.078195,593.099724,RX,0x000,128,E0 01 00 00 00 00 00 00,........,False,True,True
2026-02-11T14:54:01.078195,593.099724,RX,0x000,128,00 38 9B 71 80 02 00 00,.8.q....,False,False,False
2026-02-11T14:54:01.078195,593.099724,RX,0x000,0,,,False,False,False
2026-02-11T14:54:01.078195,593.099724,RX,0x1E0,0,,,False,False,False
2026-02-11T14:54:01.078195,593.099724,RX,0x000,128,E0 01 00 00 00 00 00 00,........,False,True,True
2026-02-11T14:54:01.078195,593.099724,RX,0x000,128,00 38 9B 71 80 02 00 00,.8.q....,False,False,False
2026-02-11T14:54:01.078195,593.099724,RX,0x000,0,,,False,False,False
2026-02-11T14:54:01.078195,593.099724,RX,0x1E0,0,,,False,False,False
2026-02-11T14:54:01.078195,593.099724,RX,0x000,128,E0 01 00 00 00 00 00 00,........,False,True,True
2026-02-11T14:54:01.078195,593.099724,RX,0x000,128,00 38 9B 71 80 02 00 00,.8.q....,False,False,False
2026-02-11T14:54:01.078195,593.099724,RX,0x000,0,,,False,False,False
2026-02-11T14:54:01.078195,593.099724,RX,0x1E0,0,,,False,False,False
2026-02-11T14:54:01.078195,593.099724,RX,0x000,128,E0 01 00 00 00 00 00 00,........,False,True,True
2026-02-11T14:54:01.078195,593.099724,RX,0x000,128,00 38 9B 71 80 02 00 00,.8.q....,False,False,False
2026-02-11T14:54:01.078195,593.099724,RX,0x000,0,,,False,False,False
2026-02-11T14:54:01.079568,593.101096,RX,0x1E0,0,,,False,False,False
2026-02-11T14:54:01.079568,593.101096,RX,0x000,128,E0 01 00 00 00 00 00 00,........,False,True,True
2026-02-11T14:54:01.079568,593.101096,RX,0x000,128,00 38 9B 71 80 02 00 00,.8.q....,False,False,False
2026-02-11T14:54:01.079568,593.101096,RX,0x000,0,,,False,False,False
2026-02-11T14:54:01.079568,593.101096,RX,0x1E0,0,,,False,False,False
2026-02-11T14:54:01.079568,593.101096,RX,0x000,128,E0 01 00 00 00 00 00 00,........,False,True,True
2026-02-11T14:54:01.079568,593.101096,RX,0x000,128,00 38 9B 71 80 02 00 00,.8.q....,False,False,False
2026-02-11T14:54:01.079568,593.101096,RX,0x000,0,,,False,False,False
2026-02-11T14:54:01.079568,593.101096,RX,0x1E0,0,,,False,False,False
2026-02-11T14:54:01.079568,593.101096,RX,0x000,128,E0 01 00 00 00 00 00 00,........,False,True,True
2026-02-11T14:54:01.081066,593.101096,RX,0x000,128,00 38 9B 71 80 02 00 00,.8.q....,False,False,False
2026-02-11T14:54:01.081066,593.102594,RX,0x000,0,,,False,False,False
2026-02-11T14:54:01.081066,593.102594,RX,0x1E0,0,,,False,False,False
2026-02-11T14:54:01.081066,593.102594,RX,0x000,128,E0 01 00 00 00 00 00 00,........,False,True,True
2026-02-11T14:54:01.082093,593.103621,RX,0x000,128,00 38 9B 71 80 02 00 00,.8.q....,False,False,False
2026-02-11T14:54:01.082093,593.103621,RX,0x000,0,,,False,False,False
2026-02-11T14:54:01.082093,593.103621,RX,0x1E0,0,,,False,False,False
2026-02-11T14:54:01.082093,593.103621,RX,0x000,128,E0 01 00 00 00 00 00 00,........,False,True,True
2026-02-11T14:54:01.082093,593.103621,RX,0x000,128,00 38 9B 71 80 02 00 00,.8.q....,False,False,False
2026-02-11T14:54:01.082093,593.103621,RX,0x000,0,,,False,False,False
2026-02-11T14:54:01.082093,593.103621,RX,0x1E0,0,,,False,False,False
2026-02-11T14:54:01.082093,593.103621,RX,0x000,128,E0 01 00 00 00 00 00 00,........,False,True,True
2026-02-11T14:54:01.082093,593.103621,RX,0x000,128,00 38 9B 71 80 02 00 00,.8.q....,False,False,False
2026-02-11T14:54:01.082093,593.103621,RX,0x000,0,,,False,False,False
2026-02-11T14:54:01.082093,593.103621,RX,0x1E0,0,,,False,False,False
2026-02-11T14:54:01.082093,593.103621,RX,0x000,128,E0 01 00 00 00 00 00 00,........,False,True,True
2026-02-11T14:54:01.082093,593.103621,RX,0x000,128,00 38 9B 71 80 02 00 00,.8.q....,False,False,False
2026-02-11T14:54:01.082093,593.103621,RX,0x000,0,,,False,False,False
2026-02-11T14:54:01.082093,593.103621,RX,0x1E0,0,,,False,False,False
2026-02-11T14:54:01.082093,593.103621,RX,0x000,128,E0 01 00 00 00 00 00 00,........,False,True,True
2026-02-11T14:54:01.083114,593.103621,RX,0x000,128,00 38 9B 71 80 02 00 00,.8.q....,False,False,False
2026-02-11T14:54:01.083114,593.104642,RX,0x000,0,,,False,False,False
2026-02-11T14:54:01.083114,593.104642,RX,0x1E0,0,,,False,False,False
2026-02-11T14:54:01.083114,593.104642,RX,0x000,128,E0 01 00 00 00 00 00 00,........,False,True,True
2026-02-11T14:54:01.083114,593.104642,RX,0x000,128,00 38 9B 71 80 02 00 00,.8.q....,False,False,False
2026-02-11T14:54:01.083114,593.104642,RX,0x000,0,,,False,False,False
2026-02-11T14:54:01.083114,593.104642,RX,0x1E0,0,,,False,False,False
2026-02-11T14:54:01.083114,593.104642,RX,0x000,128,E0 01 00 00 00 00 00 00,........,False,True,True
2026-02-11T14:54:01.083114,593.104642,RX,0x000,128,00 38 9B 71 80 02 00 00,.8.q....,False,False,False
2026-02-11T14:54:01.083114,593.104642,RX,0x000,0,,,False,False,False
2026-02-11T14:54:01.083114,593.104642,RX,0x1E0,0,,,False,False,False
2026-02-11T14:54:01.083114,593.104642,RX,0x000,128,E0 01 00 00 00 00 00 00,........,False,True,True
2026-02-11T14:54:01.083114,593.104642,RX,0x000,128,00 38 9B 71 80 02 00 00,.8.q....,False,False,False
2026-02-11T14:54:01.083114,593.104642,RX,0x000,0,,,False,False,False
2026-02-11T14:54:01.083114,593.104642,RX,0x1E0,0,,,False,False,False
2026-02-11T14:54:01.083114,593.104642,RX,0x000,128,E0 01 00 00 00 00 00 00,........,False,True,True
2026-02-11T14:54:01.083114,593.104642,RX,0x000,128,00 38 9B 71 80 02 00 00,.8.q....,False,False,False
2026-02-11T14:54:01.083114,593.104642,RX,0x000,0,,,False,False,False
2026-02-11T14:54:01.083114,593.104642,RX,0x1E0,0,,,False,False,False
2026-02-11T14:54:01.083114,593.104642,RX,0x000,128,E0 01 00 00 00 00 00 00,........,False,True,True
2026-02-11T14:54:01.083114,593.104642,RX,0x000,128,00 38 9B 71 80 02 00 00,.8.q....,False,False,False
2026-02-11T14:54:01.083114,593.104642,RX,0x000,0,,,False,False,False
2026-02-11T14:54:01.084126,593.105654,RX,0x1E0,0,,,False,False,False
2026-02-11T14:54:01.084126,593.105654,RX,0x000,128,E0 01 00 00 00 00 00 00,........,False,True,True
2026-02-11T14:54:01.084126,593.105654,RX,0x000,128,00 38 9B 71 80 02 00 00,.8.q....,False,False,False
2026-02-11T14:54:01.084126,593.105654,RX,0x000,0,,,False,False,False
2026-02-11T14:54:01.084126,593.105654,RX,0x1E0,0,,,False,False,False
2026-02-11T14:54:01.084126,593.105654,RX,0x000,128,E0 01 00 00 00 00 00 00,........,False,True,True
2026-02-11T14:54:01.084126,593.105654,RX,0x000,128,00 38 9B 71 80 02 00 00,.8.q....,False,False,False
2026-02-11T14:54:01.084126,593.105654,RX,0x000,0,,,False,False,False
2026-02-11T14:54:01.084126,593.105654,RX,0x1E0,0,,,False,False,False
2026-02-11T14:54:01.084126,593.105654,RX,0x000,128,E0 01 00 00 00 00 00 00,........,False,True,True
2026-02-11T14:54:01.084126,593.105654,RX,0x000,128,00 38 9B 71 80 02 00 00,.8.q....,False,False,False
2026-02-11T14:54:01.084126,593.105654,RX,0x000,0,,,False,False,False
2026-02-11T14:54:01.084126,593.105654,RX,0x1E0,0,,,False,False,False
2026-02-11T14:54:01.084126,593.105654,RX,0x000,128,E0 01 00 00 00 00 00 00,........,False,True,True
2026-02-11T14:54:01.084126,593.105654,RX,0x000,128,00 38 9B 71 80 02 00 00,.8.q....,False,False,False
2026-02-11T14:54:01.084126,593.105654,RX,0x000,0,,,False,False,False
2026-02-11T14:54:01.084126,593.105654,RX,0x1E0,0,,,False,False,False
2026-02-11T14:54:01.084126,593.105654,RX,0x000,128,E0 01 00 00 00 00 00 00,........,False,True,True
2026-02-11T14:54:01.084126,593.105654,RX,0x000,128,00 38 9B 71 80 02 00 00,.8.q....,False,False,False
2026-02-11T14:54:01.085143,593.106671,RX,0x000,0,,,False,False,False
2026-02-11T14:54:01.085143,593.106671,RX,0x1E0,0,,,False,False,False
2026-02-11T14:54:01.085143,593.106671,RX,0x000,128,E0 01 00 00 00 00 00 00,........,False,True,True
2026-02-11T14:54:01.085143,593.106671,RX,0x000,128,00 38 9B 71 80 02 00 00,.8.q....,False,False,False
2026-02-11T14:54:01.085143,593.106671,RX,0x000,0,,,False,False,False
2026-02-11T14:54:01.085143,593.106671,RX,0x1E0,0,,,False,False,False
2026-02-11T14:54:01.085143,593.106671,RX,0x000,128,E0 01 00 00 00 00 00 00,........,False,True,True
2026-02-11T14:54:01.085143,593.106671,RX,0x000,128,00 38 9B 71 80 02 00 00,.8.q....,False,False,False
2026-02-11T14:54:01.085143,593.106671,RX,0x000,0,,,False,False,False
2026-02-11T14:54:01.085143,593.106671,RX,0x1E0,0,,,False,False,False
2026-02-11T14:54:01.085143,593.106671,RX,0x000,128,E0 01 00 00 00 00 00 00,........,False,True,True
2026-02-11T14:54:01.085143,593.106671,RX,0x000,128,00 38 9B 71 80 02 00 00,.8.q....,False,False,False
2026-02-11T14:54:01.085143,593.106671,RX,0x000,0,,,False,False,False
2026-02-11T14:54:01.085143,593.106671,RX,0x1E0,0,,,False,False,False
2026-02-11T14:54:01.085143,593.106671,RX,0x000,128,E0 01 00 00 00 00 00 00,........,False,True,True
2026-02-11T14:54:01.085143,593.106671,RX,0x000,128,00 38 9B 71 80 02 00 00,.8.q....,False,False,False
2026-02-11T14:54:01.085143,593.106671,RX,0x000,0,,,False,False,False
2026-02-11T14:54:01.086154,593.107682,RX,0x1E0,0,,,False,False,False
2026-02-11T14:54:01.086154,593.107682,RX,0x000,128,E0 01 00 00 00 00 00 00,........,False,True,True
2026-02-11T14:54:01.086154,593.107682,RX,0x000,128,00 38 9B 71 80 02 00 00,.8.q....,False,False,False
2026-02-11T14:54:01.086154,593.107682,RX,0x000,0,,,False,False,False
2026-02-11T14:54:01.086154,593.107682,RX,0x1E0,0,,,False,False,False
2026-02-11T14:54:01.086154,593.107682,RX,0x000,128,E0 01 00 00 00 00 00 00,........,False,True,True
2026-02-11T14:54:01.086154,593.107682,RX,0x000,128,00 38 9B 71 80 02 00 00,.8.q....,False,False,False
2026-02-11T14:54:01.086154,593.107682,RX,0x000,0,,,False,False,False
2026-02-11T14:54:01.086154,593.107682,RX,0x1E0,0,,,False,False,False
2026-02-11T14:54:01.086154,593.107682,RX,0x000,128,E0 01 00 00 00 00 00 00,........,False,True,True
2026-02-11T14:54:01.086154,593.107682,RX,0x000,128,00 38 9B 71 80 02 00 00,.8.q....,False,False,False
2026-02-11T14:54:01.086154,593.107682,RX,0x000,0,,,False,False,False
2026-02-11T14:54:01.086154,593.107682,RX,0x1E0,0,,,False,False,False
2026-02-11T14:54:01.086154,593.107682,RX,0x000,128,E0 01 00 00 00 00 00 00,........,False,True,True
2026-02-11T14:54:01.086154,593.107682,RX,0x000,128,00 38 9B 71 80 02 00 00,.8.q....,False,False,False
2026-02-11T14:54:01.086154,593.107682,RX,0x000,0,,,False,False,False
2026-02-11T14:54:01.086154,593.107682,RX,0x1E0,0,,,False,False,False
2026-02-11T14:54:01.086154,593.107682,RX,0x000,128,E0 01 00 00 00 00 00 00,........,False,True,True
2026-02-11T14:54:01.086154,593.107682,RX,0x000,128,00 38 9B 71 80 02 00 00,.8.q....,False,False,False
2026-02-11T14:54:01.087171,593.108699,RX,0x000,0,,,False,False,False
2026-02-11T14:54:01.087171,593.108699,RX,0x1E0,0,,,False,False,False
2026-02-11T14:54:01.087171,593.108699,RX,0x000,128,E0 01 00 00 00 00 00 00,........,False,True,True
2026-02-11T14:54:01.087171,593.108699,RX,0x000,128,00 38 9B 71 80 02 00 00,.8.q....,False,False,False
2026-02-11T14:54:01.087171,593.108699,RX,0x000,0,,,False,False,False
2026-02-11T14:54:01.087171,593.108699,RX,0x1E0,0,,,False,False,False
2026-02-11T14:54:01.088174,593.109702,RX,0x000,128,E0 01 00 00 00 00 00 00,........,False,True,True
2026-02-11T14:54:01.088174,593.109702,RX,0x000,128,00 38 9B 71 80 02 00 00,.8.q....,False,False,False
2026-02-11T14:54:01.088692,593.110219,RX,0x000,0,,,False,False,False
2026-02-11T14:54:01.088692,593.110219,RX,0x1E0,0,,,False,False,False
2026-02-11T14:54:01.088692,593.110219,RX,0x000,128,E0 01 00 00 00 00 00 00,........,False,True,True
2026-02-11T14:54:01.088692,593.110219,RX,0x000,128,00 38 9B 71 80 02 00 00,.8.q....,False,False,False
2026-02-11T14:54:01.088692,593.110219,RX,0x000,0,,,False,False,False
2026-02-11T14:54:01.088692,593.110219,RX,0x1E0,0,,,False,False,False
2026-02-11T14:54:01.088692,593.110219,RX,0x000,128,E0 01 00 00 00 00 00 00,........,False,True,True
2026-02-11T14:54:01.089718,593.111246,RX,0x000,128,00 38 9B 71 80 02 00 00,.8.q....,False,False,False
2026-02-11T14:54:01.089718,593.111246,RX,0x000,0,,,False,False,False
2026-02-11T14:54:01.089718,593.111246,RX,0x1E0,0,,,False,False,False
2026-02-11T14:54:01.089718,593.111246,RX,0x000,128,E0 01 00 00 00 00 00 00,........,False,True,True
2026-02-11T14:54:01.089718,593.111246,RX,0x000,128,00 38 9B 71 80 02 00 00,.8.q....,False,False,False
2026-02-11T14:54:01.089718,593.111246,RX,0x000,0,,,False,False,False
2026-02-11T14:54:01.089718,593.111246,RX,0x1E0,0,,,False,False,False
2026-02-11T14:54:01.089718,593.111246,RX,0x000,128,E0 01 00 00 00 00 00 00,........,False,True,True
2026-02-11T14:54:01.089718,593.111246,RX,0x000,128,00 38 9B 71 80 02 00 00,.8.q....,False,False,False
2026-02-11T14:54:01.089718,593.111246,RX,0x000,0,,,False,False,False
2026-02-11T14:54:01.089718,593.111246,RX,0x1E0,0,,,False,False,False
2026-02-11T14:54:01.089718,593.111246,RX,0x000,128,E0 01 00 00 00 00 00 00,........,False,True,True
2026-02-11T14:54:01.089718,593.111246,RX,0x000,128,00 38 9B 71 80 02 00 00,.8.q....,False,False,False
2026-02-11T14:54:01.089718,593.111246,RX,0x000,0,,,False,False,False
2026-02-11T14:54:01.089718,593.111246,RX,0x1E0,0,,,False,False,False
2026-02-11T14:54:01.089718,593.111246,RX,0x000,128,E0 01 00 00 00 00 00 00,........,False,True,True
2026-02-11T14:54:01.089718,593.111246,RX,0x000,128,00 38 9B 71 80 02 00 00,.8.q....,False,False,False
2026-02-11T14:54:01.091230,593.112757,RX,0x000,0,,,False,False,False
2026-02-11T14:54:01.091230,593.112757,RX,0x1E0,0,,,False,False,False
2026-02-11T14:54:01.091230,593.112757,RX,0x000,128,E0 01 00 00 00 00 00 00,........,False,True,True
2026-02-11T14:54:01.091230,593.112757,RX,0x000,128,00 38 9B 71 80 02 00 00,.8.q....,False,False,False
2026-02-11T14:54:01.091230,593.112757,RX,0x000,0,,,False,False,False
2026-02-11T14:54:01.091230,593.112757,RX,0x1E0,0,,,False,False,False
2026-02-11T14:54:01.091230,593.112757,RX,0x000,128,E0 01 00 00 00 00 00 00,........,False,True,True
2026-02-11T14:54:01.091230,593.112757,RX,0x000,128,00 38 9B 71 80 02 00 00,.8.q....,False,False,False
2026-02-11T14:54:01.091230,593.112757,RX,0x000,0,,,False,False,False
2026-02-11T14:54:01.091230,593.112757,RX,0x1E0,0,,,False,False,False
2026-02-11T14:54:01.091230,593.112757,RX,0x000,128,E0 01 00 00 00 00 00 00,........,False,True,True
2026-02-11T14:54:01.091230,593.112757,RX,0x000,128,00 38 9B 71 80 02 00 00,.8.q....,False,False,False
2026-02-11T14:54:01.091230,593.112757,RX,0x000,0,,,False,False,False
2026-02-11T14:54:01.091230,593.112757,RX,0x1E0,0,,,False,False,False
2026-02-11T14:54:01.091230,593.112757,RX,0x000,128,E0 01 00 00 00 00 00 00,........,False,True,True
2026-02-11T14:54:01.091230,593.112757,RX,0x000,128,00 38 9B 71 80 02 00 00,.8.q....,False,False,False
2026-02-11T14:54:01.091230,593.112757,RX,0x000,0,,,False,False,False
2026-02-11T14:54:01.091230,593.112757,RX,0x1E0,0,,,False,False,False
2026-02-11T14:54:01.091230,593.112757,RX,0x000,128,E0 01 00 00 00 00 00 00,........,False,True,True
2026-02-11T14:54:01.092246,593.113774,RX,0x000,128,00 38 9B 71 80 02 00 00,.8.q....,False,False,False
2026-02-11T14:54:01.092246,593.113774,RX,0x000,0,,,False,False,False
2026-02-11T14:54:01.092246,593.113774,RX,0x1E0,0,,,False,False,False
2026-02-11T14:54:01.092246,593.113774,RX,0x000,128,E0 01 00 00 00 00 00 00,........,False,True,True
2026-02-11T14:54:01.092246,593.113774,RX,0x000,128,00 38 9B 71 80 02 00 00,.8.q....,False,False,False
2026-02-11T14:54:01.092246,593.113774,RX,0x000,0,,,False,False,False
2026-02-11T14:54:01.092246,593.113774,RX,0x1E0,0,,,False,False,False
2026-02-11T14:54:01.092246,593.113774,RX,0x000,128,E0 01 00 00 00 00 00 00,........,False,True,True
2026-02-11T14:54:01.092246,593.113774,RX,0x000,128,00 38 9B 71 80 02 00 00,.8.q....,False,False,False
2026-02-11T14:54:01.092246,593.113774,RX,0x000,0,,,False,False,False
2026-02-11T14:54:01.092246,593.113774,RX,0x1E0,0,,,False,False,False
2026-02-11T14:54:01.092246,593.113774,RX,0x000,128,E0 01 00 00 00 00 00 00,........,False,True,True
2026-02-11T14:54:01.092246,593.113774,RX,0x000,128,00 38 9B 71 80 02 00 00,.8.q....,False,False,False
2026-02-11T14:54:01.092246,593.113774,RX,0x000,0,,,False,False,False
2026-02-11T14:54:01.092246,593.113774,RX,0x1E0,0,,,False,False,False
2026-02-11T14:54:01.092246,593.113774,RX,0x000,128,E0 01 00 00 00 00 00 00,........,False,True,True
2026-02-11T14:54:01.092246,593.113774,RX,0x000,128,00 38 9B 71 80 02 00 00,.8.q....,False,False,False
2026-02-11T14:54:01.092246,593.113774,RX,0x000,0,,,False,False,False
2026-02-11T14:54:01.092246,593.113774,RX,0x1E0,0,,,False,False,False
2026-02-11T14:54:01.092246,593.113774,RX,0x000,128,E0 01 00 00 00 00 00 00,........,False,True,True
2026-02-11T14:54:01.092246,593.113774,RX,0x000,128,00 38 9B 71 80 02 00 00,.8.q....,False,False,False
2026-02-11T14:54:01.093255,593.114783,RX,0x000,0,,,False,False,False
2026-02-11T14:54:01.093255,593.114783,RX,0x1E0,0,,,False,False,False
2026-02-11T14:54:01.093255,593.114783,RX,0x000,128,E0 01 00 00 00 00 00 00,........,False,True,True
2026-02-11T14:54:01.093255,593.114783,RX,0x000,128,00 38 9B 71 80 02 00 00,.8.q....,False,False,False
2026-02-11T14:54:01.093255,593.114783,RX,0x000,0,,,False,False,False
2026-02-11T14:54:01.093255,593.114783,RX,0x1E0,0,,,False,False,False
2026-02-11T14:54:01.093255,593.114783,RX,0x000,128,E0 01 00 00 00 00 00 00,........,False,True,True
2026-02-11T14:54:01.093255,593.114783,RX,0x000,128,00 38 9B 71 80 02 00 00,.8.q....,False,False,False
2026-02-11T14:54:01.093255,593.114783,RX,0x000,0,,,False,False,False
2026-02-11T14:54:01.093255,593.114783,RX,0x1E0,0,,,False,False,False
2026-02-11T14:54:01.093255,593.114783,RX,0x000,128,E0 01 00 00 00 00 00 00,........,False,True,True
2026-02-11T14:54:01.093255,593.114783,RX,0x000,128,00 38 9B 71 80 02 00 00,.8.q....,False,False,False
2026-02-11T14:54:01.093255,593.114783,RX,0x000,0,,,False,False,False
2026-02-11T14:54:01.093255,593.114783,RX,0x1E0,0,,,False,False,False
2026-02-11T14:54:01.093255,593.114783,RX,0x000,128,E0 01 00 00 00 00 00 00,........,False,True,True
2026-02-11T14:54:01.093255,593.114783,RX,0x000,128,00 38 9B 71 80 02 00 00,.8.q....,False,False,False
2026-02-11T14:54:01.093255,593.114783,RX,0x000,0,,,False,False,False
2026-02-11T14:54:01.093255,593.114783,RX,0x1E0,0,,,False,False,False
2026-02-11T14:54:01.093255,593.114783,RX,0x000,128,E0 01 00 00 00 00 00 00,........,False,True,True
2026-02-11T14:54:01.093255,593.114783,RX,0x000,128,00 38 9B 71 80 02 00 00,.8.q....,False,False,False
2026-02-11T14:54:01.093255,593.114783,RX,0x000,0,,,False,False,False
2026-02-11T14:54:01.093255,593.114783,RX,0x1E0,0,,,False,False,False
2026-02-11T14:54:01.094285,593.115813,RX,0x000,128,E0 01 00 00 00 00 00 00,........,False,True,True
2026-02-11T14:54:01.094285,593.115813,RX,0x000,128,00 38 9B 71 80 02 00 00,.8.q....,False,False,False
2026-02-11T14:54:01.094285,593.115813,RX,0x000,0,,,False,False,False
2026-02-11T14:54:01.094285,593.115813,RX,0x1E0,0,,,False,False,False
2026-02-11T14:54:01.094285,593.115813,RX,0x000,128,E0 01 00 00 00 00 00 00,........,False,True,True
2026-02-11T14:54:01.094285,593.115813,RX,0x000,128,00 38 9B 71 80 02 00 00,.8.q....,False,False,False
2026-02-11T14:54:01.094285,593.115813,RX,0x000,0,,,False,False,False
2026-02-11T14:54:01.094285,593.115813,RX,0x1E0,0,,,False,False,False
2026-02-11T14:54:01.094285,593.115813,RX,0x000,128,E0 01 00 00 00 00 00 00,........,False,True,True
2026-02-11T14:54:01.094285,593.115813,RX,0x000,128,00 38 9B 71 80 02 00 00,.8.q....,False,False,False
2026-02-11T14:54:01.095295,593.116823,RX,0x000,0,,,False,False,False
2026-02-11T14:54:01.095295,593.116823,RX,0x1E0,0,,,False,False,False
2026-02-11T14:54:01.095295,593.116823,RX,0x000,128,E0 01 00 00 00 00 00 00,........,False,True,True
2026-02-11T14:54:01.095295,593.116823,RX,0x000,128,00 38 9B 71 80 02 00 00,.8.q....,False,False,False
2026-02-11T14:54:01.095295,593.116823,RX,0x000,0,,,False,False,False
2026-02-11T14:54:01.095295,593.116823,RX,0x1E0,0,,,False,False,False
2026-02-11T14:54:01.095295,593.116823,RX,0x000,128,E0 01 00 00 00 00 00 00,........,False,True,True
2026-02-11T14:54:01.095295,593.116823,RX,0x000,128,00 38 9B 71 80 02 00 00,.8.q....,False,False,False
2026-02-11T14:54:01.095295,593.116823,RX,0x000,0,,,False,False,False
2026-02-11T14:54:01.095295,593.116823,RX,0x1E0,0,,,False,False,False
2026-02-11T14:54:01.095295,593.116823,RX,0x000,128,E0 01 00 00 00 00 00 00,........,False,True,True
2026-02-11T14:54:01.095295,593.116823,RX,0x000,128,00 38 9B 71 80 02 00 00,.8.q....,False,False,False
2026-02-11T14:54:01.095295,593.116823,RX,0x000,0,,,False,False,False
2026-02-11T14:54:01.095295,593.116823,RX,0x1E0,0,,,False,False,False
2026-02-11T14:54:01.095295,593.116823,RX,0x000,128,E0 01 00 00 00 00 00 00,........,False,True,True
2026-02-11T14:54:01.095295,593.116823,RX,0x000,128,00 38 9B 71 80 02 00 00,.8.q....,False,False,False
2026-02-11T14:54:01.096301,593.116823,RX,0x000,0,,,False,False,False
2026-02-11T14:54:01.096301,593.117829,RX,0x1E0,0,,,False,False,False
2026-02-11T14:54:01.096301,593.117829,RX,0x000,128,E0 01 00 00 00 00 00 00,........,False,True,True
2026-02-11T14:54:01.096301,593.117829,RX,0x000,128,00 38 9B 71 80 02 00 00,.8.q....,False,False,False
2026-02-11T14:54:01.096301,593.117829,RX,0x000,0,,,False,False,False
2026-02-11T14:54:01.096301,593.117829,RX,0x1E0,0,,,False,False,False
2026-02-11T14:54:01.096301,593.117829,RX,0x000,128,E0 01 00 00 00 00 00 00,........,False,True,True
2026-02-11T14:54:01.096301,593.117829,RX,0x000,128,00 38 9B 71 80 02 00 00,.8.q....,False,False,False
2026-02-11T14:54:01.096301,593.117829,RX,0x000,0,,,False,False,False
2026-02-11T14:54:01.096301,593.117829,RX,0x1E0,0,,,False,False,False
2026-02-11T14:54:01.096301,593.117829,RX,0x000,128,E0 01 00 00 00 00 00 00,........,False,True,True
2026-02-11T14:54:01.096301,593.117829,RX,0x000,128,00 38 9B 71 80 02 00 00,.8.q....,False,False,False
2026-02-11T14:54:01.096301,593.117829,RX,0x000,0,,,False,False,False
2026-02-11T14:54:01.096301,593.117829,RX,0x1E0,0,,,False,False,False
2026-02-11T14:54:01.096301,593.117829,RX,0x000,128,E0 01 00 00 00 00 00 00,........,False,True,True
2026-02-11T14:54:01.096301,593.117829,RX,0x000,128,00 38 9B 71 80 02 00 00,.8.q....,False,False,False
2026-02-11T14:54:01.096301,593.117829,RX,0x000,0,,,False,False,False
2026-02-11T14:54:01.096301,593.117829,RX,0x1E0,0,,,False,False,False
2026-02-11T14:54:01.096301,593.117829,RX,0x000,128,E0 01 00 00 00 00 00 00,........,False,True,True
2026-02-11T14:54:01.096301,593.117829,RX,0x000,128,00 38 9B 71 80 02 00 00,.8.q....,False,False,False
2026-02-11T14:54:01.096301,593.117829,RX,0x000,0,,,False,False,False
2026-02-11T14:54:01.096301,593.117829,RX,0x1E0,0,,,False,False,False
2026-02-11T14:54:01.097310,593.118838,RX,0x000,128,E0 01 00 00 00 00 00 00,........,False,True,True
2026-02-11T14:54:01.097310,593.118838,RX,0x000,128,00 38 9B 71 80 02 00 00,.8.q....,False,False,False
2026-02-11T14:54:01.097310,593.118838,RX,0x000,0,,,False,False,False
2026-02-11T14:54:01.097310,593.118838,RX,0x1E0,0,,,False,False,False
2026-02-11T14:54:01.097310,593.118838,RX,0x000,128,E0 01 00 00 00 00 00 00,........,False,True,True
2026-02-11T14:54:01.097310,593.118838,RX,0x000,128,00 38 9B 71 80 02 00 00,.8.q....,False,False,False
2026-02-11T14:54:01.097310,593.118838,RX,0x000,0,,,False,False,False
2026-02-11T14:54:01.097310,593.118838,RX,0x1E0,0,,,False,False,False
2026-02-11T14:54:01.097310,593.118838,RX,0x000,128,E0 01 00 00 00 00 00 00,........,False,True,True
2026-02-11T14:54:01.097310,593.118838,RX,0x000,128,00 38 9B 71 80 02 00 00,.8.q....,False,False,False
2026-02-11T14:54:01.097310,593.118838,RX,0x000,0,,,False,False,False
2026-02-11T14:54:01.097310,593.118838,RX,0x1E0,0,,,False,False,False
2026-02-11T14:54:01.097310,593.118838,RX,0x000,128,E0 01 00 00 00 00 00 00,........,False,True,True
2026-02-11T14:54:01.097310,593.118838,RX,0x000,128,00 38 9B 71 80 02 00 00,.8.q....,False,False,False
2026-02-11T14:54:01.097310,593.118838,RX,0x000,0,,,False,False,False
2026-02-11T14:54:01.097310,593.118838,RX,0x1E0,0,,,False,False,False
2026-02-11T14:54:01.097310,593.118838,RX,0x000,128,E0 01 00 00 00 00 00 00,........,False,True,True
2026-02-11T14:54:01.097310,593.118838,RX,0x000,128,00 38 9B 71 80 02 00 00,.8.q....,False,False,False
2026-02-11T14:54:01.097310,593.118838,RX,0x000,0,,,False,False,False
2026-02-11T14:54:01.098310,593.118838,RX,0x1E0,0,,,False,False,False
2026-02-11T14:54:01.098310,593.119838,RX,0x000,128,E0 01 00 00 00 00 00 00,........,False,True,True
2026-02-11T14:54:01.098310,593.119838,RX,0x000,128,00 38 9B 71 80 02 00 00,.8.q....,False,False,False
2026-02-11T14:54:01.098310,593.119838,RX,0x000,0,,,False,False,False
2026-02-11T14:54:01.098310,593.119838,RX,0x1E0,0,,,False,False,False
2026-02-11T14:54:01.098310,593.119838,RX,0x000,128,E0 01 00 00 00 00 00 00,........,False,True,True
2026-02-11T14:54:01.098310,593.119838,RX,0x000,128,00 38 9B 71 80 02 00 00,.8.q....,False,False,False
2026-02-11T14:54:01.098310,593.119838,RX,0x000,0,,,False,False,False
2026-02-11T14:54:01.098310,593.119838,RX,0x1E0,0,,,False,False,False
2026-02-11T14:54:01.098310,593.119838,RX,0x000,128,E0 01 00 00 00 00 00 00,........,False,True,True
2026-02-11T14:54:01.098310,593.119838,RX,0x000,128,00 38 9B 71 80 02 00 00,.8.q....,False,False,False
2026-02-11T14:54:01.098818,593.120346,RX,0x000,0,,,False,False,False
2026-02-11T14:54:01.098818,593.120346,RX,0x1E0,0,,,False,False,False
2026-02-11T14:54:01.098818,593.120346,RX,0x000,128,E0 01 00 00 00 00 00 00,........,False,True,True
2026-02-11T14:54:01.098818,593.120346,RX,0x000,128,00 38 9B 71 80 02 00 00,.8.q....,False,False,False
2026-02-11T14:54:01.098818,593.120346,RX,0x000,0,,,False,False,False
2026-02-11T14:54:01.098818,593.120346,RX,0x1E0,0,,,False,False,False
2026-02-11T14:54:01.098818,593.120346,RX,0x000,128,E0 01 00 00 00 00 00 00,........,False,True,True
2026-02-11T14:54:01.098818,593.120346,RX,0x000,128,00 38 9B 71 80 02 00 00,.8.q....,False,False,False
2026-02-11T14:54:01.098818,593.120346,RX,0x000,0,,,False,False,False
2026-02-11T14:54:01.098818,593.120346,RX,0x1E0,0,,,False,False,False
2026-02-11T14:54:01.098818,593.120346,RX,0x000,128,E0 01 00 00 00 00 00 00,........,False,True,True
2026-02-11T14:54:01.098818,593.120346,RX,0x000,128,00 38 9B 71 80 02 00 00,.8.q....,False,False,False
2026-02-11T14:54:01.098818,593.120346,RX,0x000,0,,,False,False,False
2026-02-11T14:54:01.098818,593.120346,RX,0x1E0,0,,,False,False,False
2026-02-11T14:54:01.098818,593.120346,RX,0x000,128,E0 01 00 00 00 00 00 00,........,False,True,True
2026-02-11T14:54:01.098818,593.120346,RX,0x000,128,00 38 9B 71 80 02 00 00,.8.q....,False,False,False
2026-02-11T14:54:01.098818,593.120346,RX,0x000,0,,,False,False,False
2026-02-11T14:54:01.098818,593.120346,RX,0x1E0,0,,,False,False,False
2026-02-11T14:54:01.098818,593.120346,RX,0x000,128,E0 01 00 00 00 00 00 00,........,False,True,True
2026-02-11T14:54:01.099824,593.121352,RX,0x000,128,00 38 9B 71 80 02 00 00,.8.q....,False,False,False
2026-02-11T14:54:01.099824,593.121352,RX,0x000,0,,,False,False,False
2026-02-11T14:54:01.099824,593.121352,RX,0x1E0,0,,,False,False,False
2026-02-11T14:54:01.099824,593.121352,RX,0x000,128,E0 01 00 00 00 00 00 00,........,False,True,True
2026-02-11T14:54:01.099824,593.121352,RX,0x000,128,00 38 9B 71 80 02 00 00,.8.q....,False,False,False
2026-02-11T14:54:01.099824,593.121352,RX,0x000,0,,,False,False,False
2026-02-11T14:54:01.099824,593.121352,RX,0x1E0,0,,,False,False,False
2026-02-11T14:54:01.099824,593.121352,RX,0x000,128,E0 01 00 00 00 00 00 00,........,False,True,True
2026-02-11T14:54:01.099824,593.121352,RX,0x000,128,00 38 9B 71 80 02 00 00,.8.q....,False,False,False
2026-02-11T14:54:01.099824,593.121352,RX,0x000,0,,,False,False,False
2026-02-11T14:54:01.099824,593.121352,RX,0x1E0,0,,,False,False,False
2026-02-11T14:54:01.099824,593.121352,RX,0x000,128,E0 01 00 00 00 00 00 00,........,False,True,True
2026-02-11T14:54:01.099824,593.121352,RX,0x000,128,00 38 9B 71 80 02 00 00,.8.q....,False,False,False
2026-02-11T14:54:01.099824,593.121352,RX,0x000,0,,,False,False,False
2026-02-11T14:54:01.099824,593.121352,RX,0x1E0,0,,,False,False,False
2026-02-11T14:54:01.100825,593.122353,RX,0x000,128,E0 01 00 00 00 00 00 00,........,False,True,True
2026-02-11T14:54:01.100825,593.122353,RX,0x000,128,00 38 9B 71 80 02 00 00,.8.q....,False,False,False
2026-02-11T14:54:01.100825,593.122353,RX,0x000,0,,,False,False,False
2026-02-11T14:54:01.100825,593.122353,RX,0x1E0,0,,,False,False,False
2026-02-11T14:54:01.100825,593.122353,RX,0x000,128,E0 01 00 00 00 00 00 00,........,False,True,True
2026-02-11T14:54:01.100825,593.122353,RX,0x000,128,00 38 9B 71 80 02 00 00,.8.q....,False,False,False
2026-02-11T14:54:01.100825,593.122353,RX,0x000,0,,,False,False,False
2026-02-11T14:54:01.100825,593.122353,RX,0x1E0,0,,,False,False,False
2026-02-11T14:54:01.100825,593.122353,RX,0x000,128,E0 01 00 00 00 00 00 00,........,False,True,True
2026-02-11T14:54:01.100825,593.122353,RX,0x000,128,00 38 9B 71 80 02 00 00,.8.q....,False,False,False
2026-02-11T14:54:01.100825,593.122353,RX,0x000,0,,,False,False,False
2026-02-11T14:54:01.100825,593.122353,RX,0x1E0,0,,,False,False,False
2026-02-11T14:54:01.100825,593.122353,RX,0x000,128,E0 01 00 00 00 00 00 00,........,False,True,True
2026-02-11T14:54:01.100825,593.122353,RX,0x000,128,00 38 9B 71 80 02 00 00,.8.q....,False,False,False
2026-02-11T14:54:01.100825,593.122353,RX,0x000,0,,,False,False,False
2026-02-11T14:54:01.100825,593.122353,RX,0x1E0,0,,,False,False,False
2026-02-11T14:54:01.100825,593.122353,RX,0x000,128,E0 01 00 00 00 00 00 00,........,False,True,True
2026-02-11T14:54:01.100825,593.122353,RX,0x000,128,00 38 9B 71 80 02 00 00,.8.q....,False,False,False
2026-02-11T14:54:01.101831,593.123359,RX,0x000,0,,,False,False,False
2026-02-11T14:54:01.101831,593.123359,RX,0x1E0,0,,,False,False,False
2026-02-11T14:54:01.101831,593.123359,RX,0x000,128,E0 01 00 00 00 00 00 00,........,False,True,True
2026-02-11T14:54:01.101831,593.123359,RX,0x000,128,00 38 9B 71 80 02 00 00,.8.q....,False,False,False
2026-02-11T14:54:01.101831,593.123359,RX,0x000,0,,,False,False,False
2026-02-11T14:54:01.101831,593.123359,RX,0x1E0,0,,,False,False,False
2026-02-11T14:54:01.101831,593.123359,RX,0x000,128,E0 01 00 00 00 00 00 00,........,False,True,True
2026-02-11T14:54:01.101831,593.123359,RX,0x000,128,00 38 9B 71 80 02 00 00,.8.q....,False,False,False
2026-02-11T14:54:01.101831,593.123359,RX,0x000,0,,,False,False,False
2026-02-11T14:54:01.101831,593.123359,RX,0x1E0,0,,,False,False,False
2026-02-11T14:54:01.101831,593.123359,RX,0x000,128,E0 01 00 00 00 00 00 00,........,False,True,True
2026-02-11T14:54:01.101831,593.123359,RX,0x000,128,00 38 9B 71 80 02 00 00,.8.q....,False,False,False
2026-02-11T14:54:01.101831,593.123359,RX,0x000,0,,,False,False,False
2026-02-11T14:54:01.101831,593.123359,RX,0x1E0,0,,,False,False,False
2026-02-11T14:54:01.101831,593.123359,RX,0x000,128,E0 01 00 00 00 00 00 00,........,False,True,True
2026-02-11T14:54:01.101831,593.123359,RX,0x000,128,00 38 9B 71 80 02 00 00,.8.q....,False,False,False
2026-02-11T14:54:01.101831,593.123359,RX,0x000,0,,,False,False,False
2026-02-11T14:54:01.101831,593.123359,RX,0x1E0,0,,,False,False,False
2026-02-11T14:54:01.101831,593.123359,RX,0x000,128,E0 01 00 00 00 00 00 00,........,False,True,True
2026-02-11T14:54:01.101831,593.123359,RX,0x000,128,00 38 9B 71 80 02 00 00,.8.q....,False,False,False
2026-02-11T14:54:01.101831,593.123359,RX,0x000,0,,,False,False,False
2026-02-11T14:54:01.102918,593.124446,RX,0x1E0,0,,,False,False,False
2026-02-11T14:54:01.102918,593.124446,RX,0x000,128,E0 01 00 00 00 00 00 00,........,False,True,True
2026-02-11T14:54:01.102918,593.124446,RX,0x000,128,00 38 9B 71 80 02 00 00,.8.q....,False,False,False
2026-02-11T14:54:01.102918,593.124446,RX,0x000,0,,,False,False,False
2026-02-11T14:54:01.102918,593.124446,RX,0x1E0,0,,,False,False,False
2026-02-11T14:54:01.102918,593.124446,RX,0x000,128,E0 01 00 00 00 00 00 00,........,False,True,True
2026-02-11T14:54:01.102918,593.124446,RX,0x000,128,00 38 9B 71 80 02 00 00,.8.q....,False,False,False
2026-02-11T14:54:01.102918,593.124446,RX,0x000,0,,,False,False,False
2026-02-11T14:54:01.102918,593.124446,RX,0x1E0,0,,,False,False,False
2026-02-11T14:54:01.102918,593.124446,RX,0x000,128,E0 01 00 00 00 00 00 00,........,False,True,True
2026-02-11T14:54:01.102918,593.124446,RX,0x000,128,00 38 9B 71 80 02 00 00,.8.q....,False,False,False
2026-02-11T14:54:01.102918,593.124446,RX,0x000,0,,,False,False,False
2026-02-11T14:54:01.102918,593.124446,RX,0x1E0,0,,,False,False,False
2026-02-11T14:54:01.102918,593.124446,RX,0x000,128,E0 01 00 00 00 00 00 00,........,False,True,True
2026-02-11T14:54:01.102918,593.124446,RX,0x000,128,00 38 9B 71 80 02 00 00,.8.q....,False,False,False
2026-02-11T14:54:01.102918,593.124446,RX,0x000,0,,,False,False,False
2026-02-11T14:54:01.102918,593.124446,RX,0x1E0,0,,,False,False,False
2026-02-11T14:54:01.102918,593.124446,RX,0x000,128,E0 01 00 00 00 00 00 00,........,False,True,True
2026-02-11T14:54:01.102918,593.124446,RX,0x000,128,00 38 9B 71 80 02 00 00,.8.q....,False,False,False
2026-02-11T14:54:01.102918,593.124446,RX,0x000,0,,,False,False,False
2026-02-11T14:54:01.104290,593.125818,RX,0x1E0,0,,,False,False,False
2026-02-11T14:54:01.104290,593.125818,RX,0x000,128,E0 01 00 00 00 00 00 00,........,False,True,True
2026-02-11T14:54:01.104290,593.125818,RX,0x000,128,00 38 9B 71 80 02 00 00,.8.q....,False,False,False
2026-02-11T14:54:01.104290,593.125818,RX,0x000,0,,,False,False,False
2026-02-11T14:54:01.104290,593.125818,RX,0x1E0,0,,,False,False,False
2026-02-11T14:54:01.104290,593.125818,RX,0x000,128,E0 01 00 00 00 00 00 00,........,False,True,True
2026-02-11T14:54:01.104290,593.125818,RX,0x000,128,00 38 9B 71 80 02 00 00,.8.q....,False,False,False
2026-02-11T14:54:01.104290,593.125818,RX,0x000,0,,,False,False,False
2026-02-11T14:54:01.104290,593.125818,RX,0x1E0,0,,,False,False,False
2026-02-11T14:54:01.104290,593.125818,RX,0x000,128,E0 01 00 00 00 00 00 00,........,False,True,True
2026-02-11T14:54:01.104290,593.125818,RX,0x000,128,00 38 9B 71 80 02 00 00,.8.q....,False,False,False
2026-02-11T14:54:01.104290,593.125818,RX,0x000,0,,,False,False,False
2026-02-11T14:54:01.104290,593.125818,RX,0x1E0,0,,,False,False,False
2026-02-11T14:54:01.104290,593.125818,RX,0x000,128,E0 01 00 00 00 00 00 00,........,False,True,True
2026-02-11T14:54:01.104290,593.125818,RX,0x000,128,00 38 9B 71 80 02 00 00,.8.q....,False,False,False
2026-02-11T14:54:01.104290,593.125818,RX,0x000,0,,,False,False,False
2026-02-11T14:54:01.104290,593.125818,RX,0x1E0,0,,,False,False,False
2026-02-11T14:54:01.104290,593.125818,RX,0x000,128,E0 01 00 00 00 00 00 00,........,False,True,True
2026-02-11T14:54:01.104290,593.125818,RX,0x000,128,00 38 9B 71 80 02 00 00,.8.q....,False,False,False
2026-02-11T14:54:01.105301,593.126829,RX,0x000,0,,,False,False,False
2026-02-11T14:54:01.105301,593.126829,RX,0x1E0,0,,,False,False,False
2026-02-11T14:54:01.105301,593.126829,RX,0x000,128,E0 01 00 00 00 00 00 00,........,False,True,True
2026-02-11T14:54:01.105301,593.126829,RX,0x000,128,00 38 9B 71 80 02 00 00,.8.q....,False,False,False
2026-02-11T14:54:01.105301,593.126829,RX,0x000,0,,,False,False,False
2026-02-11T14:54:01.105301,593.126829,RX,0x1E0,0,,,False,False,False
2026-02-11T14:54:01.105301,593.126829,RX,0x000,128,E0 01 00 00 00 00 00 00,........,False,True,True
2026-02-11T14:54:01.105301,593.126829,RX,0x000,128,00 38 9B 71 80 02 00 00,.8.q....,False,False,False
2026-02-11T14:54:01.105301,593.126829,RX,0x000,0,,,False,False,False
2026-02-11T14:54:01.105301,593.126829,RX,0x1E0,0,,,False,False,False
2026-02-11T14:54:01.105301,593.126829,RX,0x000,128,E0 01 00 00 00 00 00 00,........,False,True,True
2026-02-11T14:54:01.105301,593.126829,RX,0x000,128,00 38 9B 71 80 02 00 00,.8.q....,False,False,False
2026-02-11T14:54:01.105301,593.126829,RX,0x000,0,,,False,False,False
2026-02-11T14:54:01.105301,593.126829,RX,0x1E0,0,,,False,False,False
2026-02-11T14:54:01.105301,593.126829,RX,0x000,128,E0 01 00 00 00 00 00 00,........,False,True,True
2026-02-11T14:54:01.105301,593.126829,RX,0x000,128,00 38 9B 71 80 02 00 00,.8.q....,False,False,False
2026-02-11T14:54:01.105301,593.126829,RX,0x000,0,,,False,False,False
2026-02-11T14:54:01.105301,593.126829,RX,0x1E0,0,,,False,False,False
2026-02-11T14:54:01.105301,593.126829,RX,0x000,128,E0 01 00 00 00 00 00 00,........,False,True,True
2026-02-11T14:54:01.106308,593.127836,RX,0x000,128,00 38 9B 71 80 02 00 00,.8.q....,False,False,False
2026-02-11T14:54:01.106308,593.127836,RX,0x000,0,,,False,False,False
2026-02-11T14:54:01.106308,593.127836,RX,0x1E0,0,,,False,False,False
2026-02-11T14:54:01.106308,593.127836,RX,0x000,128,E0 01 00 00 00 00 00 00,........,False,True,True
2026-02-11T14:54:01.106308,593.127836,RX,0x000,128,00 38 9B 71 80 02 00 00,.8.q....,False,False,False
2026-02-11T14:54:01.106308,593.127836,RX,0x000,0,,,False,False,False
2026-02-11T14:54:01.107327,593.128855,RX,0x1E0,0,,,False,False,False
2026-02-11T14:54:01.107327,593.128855,RX,0x000,128,E0 01 00 00 00 00 00 00,........,False,True,True
2026-02-11T14:54:01.107327,593.128855,RX,0x000,128,00 38 9B 71 80 02 00 00,.8.q....,False,False,False
2026-02-11T14:54:01.107327,593.128855,RX,0x000,0,,,False,False,False
2026-02-11T14:54:01.107327,593.128855,RX,0x1E0,0,,,False,False,False
2026-02-11T14:54:01.107327,593.128855,RX,0x000,128,E0 01 00 00 00 00 00 00,........,False,True,True
2026-02-11T14:54:01.107327,593.128855,RX,0x000,128,00 38 9B 71 80 02 00 00,.8.q....,False,False,False
2026-02-11T14:54:01.107327,593.128855,RX,0x000,0,,,False,False,False
2026-02-11T14:54:01.107327,593.128855,RX,0x1E0,0,,,False,False,False
2026-02-11T14:54:01.107327,593.128855,RX,0x000,128,E0 01 00 00 00 00 00 00,........,False,True,True
2026-02-11T14:54:01.107327,593.128855,RX,0x000,128,00 38 9B 71 80 02 00 00,.8.q....,False,False,False
2026-02-11T14:54:01.108329,593.129857,RX,0x000,0,,,False,False,False
2026-02-11T14:54:01.108329,593.129857,RX,0x1E0,0,,,False,False,False
2026-02-11T14:54:01.108329,593.129857,RX,0x000,128,E0 01 00 00 00 00 00 00,........,False,True,True
2026-02-11T14:54:01.108329,593.129857,RX,0x000,128,00 38 9B 71 80 02 00 00,.8.q....,False,False,False
2026-02-11T14:54:01.108329,593.129857,RX,0x000,0,,,False,False,False
2026-02-11T14:54:01.108329,593.129857,RX,0x1E0,0,,,False,False,False
2026-02-11T14:54:01.108329,593.129857,RX,0x000,128,E0 01 00 00 00 00 00 00,........,False,True,True
2026-02-11T14:54:01.108329,593.129857,RX,0x000,128,00 38 9B 71 80 02 00 00,.8.q....,False,False,False
2026-02-11T14:54:01.108329,593.129857,RX,0x000,0,,,False,False,False
2026-02-11T14:54:01.108329,593.129857,RX,0x1E0,0,,,False,False,False
2026-02-11T14:54:01.109610,593.131138,RX,0x000,128,E0 01 00 00 00 00 00 00,........,False,True,True
2026-02-11T14:54:01.109610,593.131138,RX,0x000,128,00 38 9B 71 80 02 00 00,.8.q....,False,False,False
2026-02-11T14:54:01.109610,593.131138,RX,0x000,0,,,False,False,False
2026-02-11T14:54:01.109610,593.131138,RX,0x1E0,0,,,False,False,False
2026-02-11T14:54:01.109610,593.131138,RX,0x000,128,E0 01 00 00 00 00 00 00,........,False,True,True
2026-02-11T14:54:01.109610,593.131138,RX,0x000,128,00 38 9B 71 80 02 00 00,.8.q....,False,False,False
2026-02-11T14:54:01.109610,593.131138,RX,0x000,0,,,False,False,False
2026-02-11T14:54:01.110859,593.132386,RX,0x1E0,0,,,False,False,False
2026-02-11T14:54:01.110859,593.132386,RX,0x000,128,E0 01 00 00 00 00 00 00,........,False,True,True
2026-02-11T14:54:01.110859,593.132386,RX,0x000,128,00 38 9B 71 80 02 00 00,.8.q....,False,False,False
2026-02-11T14:54:01.110859,593.132386,RX,0x000,0,,,False,False,False
2026-02-11T14:54:01.110859,593.132386,RX,0x1E0,0,,,False,False,False
2026-02-11T14:54:01.110859,593.132386,RX,0x000,128,E0 01 00 00 00 00 00 00,........,False,True,True
2026-02-11T14:54:01.111861,593.133389,RX,0x000,128,00 38 9B 71 80 02 00 00,.8.q....,False,False,False
2026-02-11T14:54:01.111861,593.133389,RX,0x000,0,,,False,False,False
2026-02-11T14:54:01.111861,593.133389,RX,0x1E0,0,,,False,False,False
2026-02-11T14:54:01.111861,593.133389,RX,0x000,128,E0 01 00 00 00 00 00 00,........,False,True,True
2026-02-11T14:54:01.111861,593.133389,RX,0x000,128,00 38 9B 71 80 02 00 00,.8.q....,False,False,False
2026-02-11T14:54:01.111861,593.133389,RX,0x000,0,,,False,False,False
2026-02-11T14:54:01.111861,593.133389,RX,0x1E0,0,,,False,False,False
2026-02-11T14:54:01.111861,593.133389,RX,0x000,128,E0 01 00 00 00 00 00 00,........,False,True,True
2026-02-11T14:54:01.111861,593.133389,RX,0x000,128,00 38 9B 71 80 02 00 00,.8.q....,False,False,False
2026-02-11T14:54:01.111861,593.133389,RX,0x000,0,,,False,False,False
2026-02-11T14:54:01.111861,593.133389,RX,0x1E0,0,,,False,False,False
2026-02-11T14:54:01.111861,593.133389,RX,0x000,128,E0 01 00 00 00 00 00 00,........,False,True,True
2026-02-11T14:54:01.111861,593.133389,RX,0x000,128,00 38 9B 71 80 02 00 00,.8.q....,False,False,False
2026-02-11T14:54:01.111861,593.133389,RX,0x000,0,,,False,False,False
2026-02-11T14:54:01.111861,593.133389,RX,0x1E0,0,,,False,False,False
2026-02-11T14:54:01.111861,593.133389,RX,0x000,128,E0 01 00 00 00 00 00 00,........,False,True,True
2026-02-11T14:54:01.111861,593.133389,RX,0x000,128,00 38 9B 71 80 02 00 00,.8.q....,False,False,False
2026-02-11T14:54:01.111861,593.133389,RX,0x000,0,,,False,False,False
2026-02-11T14:54:01.112861,593.134389,RX,0x1E0,0,,,False,False,False
2026-02-11T14:54:01.112861,593.134389,RX,0x000,128,E0 01 00 00 00 00 00 00,........,False,True,True
2026-02-11T14:54:01.112861,593.134389,RX,0x000,128,00 38 9B 71 80 02 00 00,.8.q....,False,False,False
2026-02-11T14:54:01.112861,593.134389,RX,0x000,0,,,False,False,False
2026-02-11T14:54:01.112861,593.134389,RX,0x1E0,0,,,False,False,False
2026-02-11T14:54:01.112861,593.134389,RX,0x000,128,E0 01 00 00 00 00 00 00,........,False,True,True
2026-02-11T14:54:01.112861,593.134389,RX,0x000,128,00 38 9B 71 80 02 00 00,.8.q....,False,False,False
2026-02-11T14:54:01.112861,593.134389,RX,0x000,0,,,False,False,False
2026-02-11T14:54:01.112861,593.134389,RX,0x1E0,0,,,False,False,False
2026-02-11T14:54:01.112861,593.134389,RX,0x000,128,E0 01 00 00 00 00 00 00,........,False,True,True
2026-02-11T14:54:01.112861,593.134389,RX,0x000,128,00 38 9B 71 80 02 00 00,.8.q....,False,False,False
2026-02-11T14:54:01.112861,593.134389,RX,0x000,0,,,False,False,False
2026-02-11T14:54:01.112861,593.134389,RX,0x1E0,0,,,False,False,False
2026-02-11T14:54:01.112861,593.134389,RX,0x000,128,E0 01 00 00 00 00 00 00,........,False,True,True
2026-02-11T14:54:01.112861,593.134389,RX,0x000,128,00 38 9B 71 80 02 00 00,.8.q....,False,False,False
2026-02-11T14:54:01.112861,593.134389,RX,0x000,0,,,False,False,False
2026-02-11T14:54:01.112861,593.134389,RX,0x1E0,0,,,False,False,False
2026-02-11T14:54:01.113926,593.135454,RX,0x000,128,E0 01 00 00 00 00 00 00,........,False,True,True
2026-02-11T14:54:01.113926,593.135454,RX,0x000,128,00 38 9B 71 80 02 00 00,.8.q....,False,False,False
2026-02-11T14:54:01.113926,593.135454,RX,0x000,0,,,False,False,False
2026-02-11T14:54:01.113926,593.135454,RX,0x1E0,0,,,False,False,False
2026-02-11T14:54:01.113926,593.135454,RX,0x000,128,E0 01 00 00 00 00 00 00,........,False,True,True
2026-02-11T14:54:01.113926,593.135454,RX,0x000,128,00 38 9B 71 80 02 00 00,.8.q....,False,False,False
2026-02-11T14:54:01.113926,593.135454,RX,0x000,0,,,False,False,False
2026-02-11T14:54:01.113926,593.135454,RX,0x1E0,0,,,False,False,False
2026-02-11T14:54:01.113926,593.135454,RX,0x000,128,E0 01 00 00 00 00 00 00,........,False,True,True
2026-02-11T14:54:01.113926,593.135454,RX,0x000,128,00 38 9B 71 80 02 00 00,.8.q....,False,False,False
2026-02-11T14:54:01.113926,593.135454,RX,0x000,0,,,False,False,False
2026-02-11T14:54:01.113926,593.135454,RX,0x1E0,0,,,False,False,False
2026-02-11T14:54:01.113926,593.135454,RX,0x000,128,E0 01 00 00 00 00 00 00,........,False,True,True
2026-02-11T14:54:01.113926,593.135454,RX,0x000,128,00 38 9B 71 80 02 00 00,.8.q....,False,False,False
2026-02-11T14:54:01.113926,593.135454,RX,0x000,0,,,False,False,False
2026-02-11T14:54:01.113926,593.135454,RX,0x1E0,0,,,False,False,False
2026-02-11T14:54:01.113926,593.135454,RX,0x000,128,E0 01 00 00 00 00 00 00,........,False,True,True
2026-02-11T14:54:01.115045,593.136573,RX,0x000,128,00 38 9B 71 80 02 00 00,.8.q....,False,False,False
2026-02-11T14:54:01.115045,593.136573,RX,0x000,0,,,False,False,False
2026-02-11T14:54:01.115045,593.136573,RX,0x1E0,0,,,False,False,False
2026-02-11T14:54:01.115045,593.136573,RX,0x000,128,E0 01 00 00 00 00 00 00,........,False,True,True
2026-02-11T14:54:01.115045,593.136573,RX,0x000,128,00 38 9B 71 80 02 00 00,.8.q....,False,False,False
2026-02-11T14:54:01.115045,593.136573,RX,0x000,0,,,False,False,False
2026-02-11T14:54:01.115045,593.136573,RX,0x1E0,0,,,False,False,False
2026-02-11T14:54:01.115045,593.136573,RX,0x000,128,E0 01 00 00 00 00 00 00,........,False,True,True
2026-02-11T14:54:01.115045,593.136573,RX,0x000,128,00 38 9B 71 80 02 00 00,.8.q....,False,False,False
2026-02-11T14:54:01.115045,593.136573,RX,0x000,0,,,False,False,False
2026-02-11T14:54:01.115045,593.136573,RX,0x1E0,0,,,False,False,False
2026-02-11T14:54:01.115045,593.136573,RX,0x000,128,E0 01 00 00 00 00 00 00,........,False,True,True
2026-02-11T14:54:01.116082,593.137610,RX,0x000,128,00 38 9B 71 80 02 00 00,.8.q....,False,False,False
2026-02-11T14:54:01.116082,593.137610,RX,0x000,0,,,False,False,False
2026-02-11T14:54:01.116082,593.137610,RX,0x1E0,0,,,False,False,False
2026-02-11T14:54:01.116082,593.137610,RX,0x000,128,E0 01 00 00 00 00 00 00,........,False,True,True
2026-02-11T14:54:01.116082,593.137610,RX,0x000,128,00 38 9B 71 80 02 00 00,.8.q....,False,False,False
2026-02-11T14:54:01.116082,593.137610,RX,0x000,0,,,False,False,False
2026-02-11T14:54:01.116082,593.137610,RX,0x1E0,0,,,False,False,False
2026-02-11T14:54:01.116082,593.137610,RX,0x000,128,E0 01 00 00 00 00 00 00,........,False,True,True
2026-02-11T14:54:01.116082,593.137610,RX,0x000,128,00 38 9B 71 80 02 00 00,.8.q....,False,False,False
2026-02-11T14:54:01.116082,593.137610,RX,0x000,0,,,False,False,False
2026-02-11T14:54:01.116082,593.137610,RX,0x1E0,0,,,False,False,False
2026-02-11T14:54:01.116082,593.137610,RX,0x000,128,E0 01 00 00 00 00 00 00,........,False,True,True
2026-02-11T14:54:01.116082,593.137610,RX,0x000,128,00 38 9B 71 80 02 00 00,.8.q....,False,False,False
2026-02-11T14:54:01.116082,593.137610,RX,0x000,0,,,False,False,False
2026-02-11T14:54:01.116082,593.137610,RX,0x1E0,0,,,False,False,False
2026-02-11T14:54:01.116082,593.137610,RX,0x000,128,E0 01 00 00 00 00 00 00,........,False,True,True
2026-02-11T14:54:01.116082,593.137610,RX,0x000,128,00 38 9B 71 80 02 00 00,.8.q....,False,False,False
2026-02-11T14:54:01.116082,593.137610,RX,0x000,0,,,False,False,False
2026-02-11T14:54:01.116082,593.137610,RX,0x1E0,0,,,False,False,False
2026-02-11T14:54:01.117169,593.138697,RX,0x000,128,E0 01 00 00 00 00 00 00,........,False,True,True
2026-02-11T14:54:01.117169,593.138697,RX,0x000,128,00 38 9B 71 80 02 00 00,.8.q....,False,False,False
2026-02-11T14:54:01.117169,593.138697,RX,0x000,0,,,False,False,False
2026-02-11T14:54:01.117169,593.138697,RX,0x1E0,0,,,False,False,False
2026-02-11T14:54:01.117169,593.138697,RX,0x000,128,E0 01 00 00 00 00 00 00,........,False,True,True
2026-02-11T14:54:01.117169,593.138697,RX,0x000,128,00 38 9B 71 80 02 00 00,.8.q....,False,False,False
2026-02-11T14:54:01.117169,593.138697,RX,0x000,0,,,False,False,False
2026-02-11T14:54:01.117169,593.138697,RX,0x1E0,0,,,False,False,False
2026-02-11T14:54:01.117169,593.138697,RX,0x000,128,E0 01 00 00 00 00 00 00,........,False,True,True
2026-02-11T14:54:01.117169,593.138697,RX,0x000,128,00 38 9B 71 80 02 00 00,.8.q....,False,False,False
2026-02-11T14:54:01.121397,593.142925,RX,0x000,0,,,False,False,False
2026-02-11T14:54:01.121397,593.142925,RX,0x1E0,0,,,False,False,False
2026-02-11T14:54:01.121397,593.142925,RX,0x000,128,E0 01 00 00 00 00 00 00,........,False,True,True
2026-02-11T14:54:01.121397,593.142925,RX,0x000,128,00 38 9B 71 80 02 00 00,.8.q....,False,False,False
2026-02-11T14:54:01.121397,593.142925,RX,0x000,0,,,False,False,False
2026-02-11T14:54:01.121397,593.142925,RX,0x1E0,0,,,False,False,False
2026-02-11T14:54:01.121397,593.142925,RX,0x000,128,E0 01 00 00 00 00 00 00,........,False,True,True
2026-02-11T14:54:01.121397,593.142925,RX,0x000,128,00 38 9B 71 80 02 00 00,.8.q....,False,False,False
2026-02-11T14:54:01.122448,593.142925,RX,0x000,0,,,False,False,False
2026-02-11T14:54:01.122448,593.143976,RX,0x1E0,0,,,False,False,False
2026-02-11T14:54:01.122448,593.143976,RX,0x000,128,E0 01 00 00 00 00 00 00,........,False,True,True
2026-02-11T14:54:01.122448,593.143976,RX,0x000,128,00 38 9B 71 80 02 00 00,.8.q....,False,False,False
2026-02-11T14:54:01.122448,593.143976,RX,0x000,0,,,False,False,False
2026-02-11T14:54:01.122448,593.143976,RX,0x1E0,0,,,False,False,False
2026-02-11T14:54:01.122448,593.143976,RX,0x000,128,E0 01 00 00 00 00 00 00,........,False,True,True
2026-02-11T14:54:01.122448,593.143976,RX,0x000,128,00 38 9B 71 80 02 00 00,.8.q....,False,False,False
2026-02-11T14:54:01.122448,593.143976,RX,0x000,0,,,False,False,False
2026-02-11T14:54:01.122448,593.143976,RX,0x1E0,0,,,False,False,False
2026-02-11T14:54:01.122448,593.143976,RX,0x000,128,E0 01 00 00 00 00 00 00,........,False,True,True
2026-02-11T14:54:01.122448,593.143976,RX,0x000,128,00 38 9B 71 80 02 00 00,.8.q....,False,False,False
2026-02-11T14:54:01.122448,593.143976,RX,0x000,0,,,False,False,False
2026-02-11T14:54:01.123477,593.145005,RX,0x1E0,0,,,False,False,False
2026-02-11T14:54:01.123477,593.145005,RX,0x000,128,E0 01 00 00 00 00 00 00,........,False,True,True
2026-02-11T14:54:01.123477,593.145005,RX,0x000,128,00 38 9B 71 80 02 00 00,.8.q....,False,False,False
2026-02-11T14:54:01.123477,593.145005,RX,0x000,0,,,False,False,False
2026-02-11T14:54:01.123477,593.145005,RX,0x1E0,0,,,False,False,False
2026-02-11T14:54:01.123477,593.145005,RX,0x000,128,E0 01 00 00 00 00 00 00,........,False,True,True
2026-02-11T14:54:01.123477,593.145005,RX,0x000,128,00 38 9B 71 80 02 00 00,.8.q....,False,False,False
2026-02-11T14:54:01.123477,593.145005,RX,0x000,0,,,False,False,False
2026-02-11T14:54:01.123477,593.145005,RX,0x1E0,0,,,False,False,False
2026-02-11T14:54:01.123477,593.145005,RX,0x000,128,E0 01 00 00 00 00 00 00,........,False,True,True
2026-02-11T14:54:01.123477,593.145005,RX,0x000,128,00 38 9B 71 80 02 00 00,.8.q....,False,False,False
2026-02-11T14:54:01.123477,593.145005,RX,0x000,0,,,False,False,False
2026-02-11T14:54:01.123477,593.145005,RX,0x1E0,0,,,False,False,False
2026-02-11T14:54:01.124529,593.146057,RX,0x000,128,E0 01 00 00 00 00 00 00,........,False,True,True
2026-02-11T14:54:01.124529,593.146057,RX,0x000,128,00 38 9B 71 80 02 00 00,.8.q....,False,False,False
2026-02-11T14:54:01.124529,593.146057,RX,0x000,0,,,False,False,False
2026-02-11T14:54:01.124529,593.146057,RX,0x1E0,0,,,False,False,False
2026-02-11T14:54:01.124529,593.146057,RX,0x000,128,E0 01 00 00 00 00 00 00,........,False,True,True
2026-02-11T14:54:01.124529,593.146057,RX,0x000,128,00 38 9B 71 80 02 00 00,.8.q....,False,False,False
2026-02-11T14:54:01.124529,593.146057,RX,0x000,0,,,False,False,False
2026-02-11T14:54:01.124529,593.146057,RX,0x1E0,0,,,False,False,False
2026-02-11T14:54:01.124529,593.146057,RX,0x000,128,E0 01 00 00 00 00 00 00,........,False,True,True
2026-02-11T14:54:01.124529,593.146057,RX,0x000,128,00 38 9B 71 80 02 00 00,.8.q....,False,False,False
2026-02-11T14:54:01.124529,593.146057,RX,0x000,0,,,False,False,False
2026-02-11T14:54:01.124529,593.146057,RX,0x1E0,0,,,False,False,False
2026-02-11T14:54:01.124529,593.146057,RX,0x000,128,E0 01 00 00 00 00 00 00,........,False,True,True
2026-02-11T14:54:01.124529,593.146057,RX,0x000,128,00 38 9B 71 80 02 00 00,.8.q....,False,False,False
2026-02-11T14:54:01.124529,593.146057,RX,0x000,0,,,False,False,False
2026-02-11T14:54:01.125556,593.147084,RX,0x1E0,0,,,False,False,False
2026-02-11T14:54:01.125556,593.147084,RX,0x000,128,E0 01 00 00 00 00 00 00,........,False,True,True
2026-02-11T14:54:01.125556,593.147084,RX,0x000,128,00 38 9B 71 80 02 00 00,.8.q....,False,False,False
2026-02-11T14:54:01.125556,593.147084,RX,0x000,0,,,False,False,False
2026-02-11T14:54:01.125556,593.147084,RX,0x1E0,0,,,False,False,False
2026-02-11T14:54:01.125556,593.147084,RX,0x000,128,E0 01 00 00 00 00 00 00,........,False,True,True
2026-02-11T14:54:01.125556,593.147084,RX,0x000,128,00 38 9B 71 80 02 00 00,.8.q....,False,False,False
2026-02-11T14:54:01.125556,593.147084,RX,0x000,0,,,False,False,False
2026-02-11T14:54:01.125556,593.147084,RX,0x1E0,0,,,False,False,False
2026-02-11T14:54:01.125556,593.147084,RX,0x000,128,E0 01 00 00 00 00 00 00,........,False,True,True
2026-02-11T14:54:01.125556,593.147084,RX,0x000,128,00 38 9B 71 80 02 00 00,.8.q....,False,False,False
2026-02-11T14:54:01.125556,593.147084,RX,0x000,0,,,False,False,False
2026-02-11T14:54:01.125556,593.147084,RX,0x1E0,0,,,False,False,False
2026-02-11T14:54:01.125556,593.147084,RX,0x000,128,E0 01 00 00 00 00 00 00,........,False,True,True
2026-02-11T14:54:01.125556,593.147084,RX,0x000,128,00 38 9B 71 80 02 00 00,.8.q....,False,False,False
2026-02-11T14:54:01.126569,593.148097,RX,0x000,0,,,False,False,False
2026-02-11T14:54:01.126569,593.148097,RX,0x1E0,0,,,False,False,False
2026-02-11T14:54:01.126569,593.148097,RX,0x000,128,E0 01 00 00 00 00 00 00,........,False,True,True
2026-02-11T14:54:01.126569,593.148097,RX,0x000,128,00 38 9B 71 80 02 00 00,.8.q....,False,False,False
2026-02-11T14:54:01.126569,593.148097,RX,0x000,0,,,False,False,False
2026-02-11T14:54:01.126569,593.148097,RX,0x1E0,0,,,False,False,False
2026-02-11T14:54:01.126569,593.148097,RX,0x000,128,E0 01 00 00 00 00 00 00,........,False,True,True
2026-02-11T14:54:01.126569,593.148097,RX,0x000,128,00 38 9B 71 80 02 00 00,.8.q....,False,False,False
2026-02-11T14:54:01.126569,593.148097,RX,0x000,0,,,False,False,False
2026-02-11T14:54:01.126569,593.148097,RX,0x1E0,0,,,False,False,False
2026-02-11T14:54:01.126569,593.148097,RX,0x000,128,E0 01 00 00 00 00 00 00,........,False,True,True
2026-02-11T14:54:01.128085,593.149614,RX,0x000,128,00 38 9B 71 80 02 00 00,.8.q....,False,False,False
2026-02-11T14:54:01.128085,593.149614,RX,0x000,0,,,False,False,False
2026-02-11T14:54:01.128085,593.149614,RX,0x1E0,0,,,False,False,False
2026-02-11T14:54:01.128085,593.149614,RX,0x000,128,E0 01 00 00 00 00 00 00,........,False,True,True
2026-02-11T14:54:01.128085,593.149614,RX,0x000,128,00 38 9B 71 80 02 00 00,.8.q....,False,False,False
2026-02-11T14:54:01.128085,593.149614,RX,0x000,0,,,False,False,False
2026-02-11T14:54:01.128085,593.149614,RX,0x1E0,0,,,False,False,False
2026-02-11T14:54:01.128085,593.149614,RX,0x000,128,E0 01 00 00 00 00 00 00,........,False,True,True
2026-02-11T14:54:01.128085,593.149614,RX,0x000,128,00 38 9B 71 80 02 00 00,.8.q....,False,False,False
2026-02-11T14:54:01.129156,593.150684,RX,0x000,0,,,False,False,False
2026-02-11T14:54:01.129156,593.150684,RX,0x1E0,0,,,False,False,False
2026-02-11T14:54:01.129156,593.150684,RX,0x000,128,E0 01 00 00 00 00 00 00,........,False,True,True
2026-02-11T14:54:01.129156,593.150684,RX,0x000,128,00 38 9B 71 80 02 00 00,.8.q....,False,False,False
2026-02-11T14:54:01.129156,593.150684,RX,0x000,0,,,False,False,False
2026-02-11T14:54:01.130169,593.151697,RX,0x1E0,0,,,False,False,False
2026-02-11T14:54:01.130169,593.151697,RX,0x000,128,E0 01 00 00 00 00 00 00,........,False,True,True
2026-02-11T14:54:01.130169,593.151697,RX,0x000,128,00 38 9B 71 80 02 00 00,.8.q....,False,False,False
2026-02-11T14:54:01.130169,593.151697,RX,0x000,0,,,False,False,False
2026-02-11T14:54:01.130169,593.151697,RX,0x1E0,0,,,False,False,False
2026-02-11T14:54:01.131179,593.152707,RX,0x000,128,E0 01 00 00 00 00 00 00,........,False,True,True
2026-02-11T14:54:01.131179,593.152707,RX,0x000,128,00 38 9B 71 80 02 00 00,.8.q....,False,False,False
2026-02-11T14:54:01.131179,593.152707,RX,0x000,0,,,False,False,False
2026-02-11T14:54:01.131179,593.152707,RX,0x1E0,0,,,False,False,False
2026-02-11T14:54:01.131179,593.152707,RX,0x000,128,E0 01 00 00 00 00 00 00,........,False,True,True
2026-02-11T14:54:01.131179,593.152707,RX,0x000,128,00 38 9B 71 80 02 00 00,.8.q....,False,False,False
2026-02-11T14:54:01.131179,593.152707,RX,0x000,0,,,False,False,False
2026-02-11T14:54:01.131179,593.152707,RX,0x1E0,0,,,False,False,False
2026-02-11T14:54:01.131179,593.152707,RX,0x000,128,E0 01 00 00 00 00 00 00,........,False,True,True
2026-02-11T14:54:01.131179,593.152707,RX,0x000,128,00 38 9B 71 80 02 00 00,.8.q....,False,False,False
2026-02-11T14:54:01.131179,593.152707,RX,0x000,0,,,False,False,False
2026-02-11T14:54:01.132201,593.153729,RX,0x1E0,0,,,False,False,False
2026-02-11T14:54:01.132201,593.153729,RX,0x000,128,E0 01 00 00 00 00 00 00,........,False,True,True
2026-02-11T14:54:01.132201,593.153729,RX,0x000,128,00 38 9B 71 80 02 00 00,.8.q....,False,False,False
2026-02-11T14:54:01.132201,593.153729,RX,0x000,0,,,False,False,False
2026-02-11T14:54:01.132201,593.153729,RX,0x1E0,0,,,False,False,False
2026-02-11T14:54:01.132201,593.153729,RX,0x000,128,E0 01 00 00 00 00 00 00,........,False,True,True
2026-02-11T14:54:01.132201,593.153729,RX,0x000,128,00 38 9B 71 80 02 00 00,.8.q....,False,False,False
2026-02-11T14:54:01.132201,593.153729,RX,0x000,0,,,False,False,False
2026-02-11T14:54:01.132201,593.153729,RX,0x1E0,0,,,False,False,False
2026-02-11T14:54:01.132201,593.153729,RX,0x000,128,E0 01 00 00 00 00 00 00,........,False,True,True
2026-02-11T14:54:01.133239,593.154767,RX,0x000,128,00 38 9B 71 80 02 00 00,.8.q....,False,False,False
2026-02-11T14:54:01.133239,593.154767,RX,0x000,0,,,False,False,False
2026-02-11T14:54:01.133239,593.154767,RX,0x1E0,0,,,False,False,False
2026-02-11T14:54:01.133239,593.154767,RX,0x000,128,E0 01 00 00 00 00 00 00,........,False,True,True
2026-02-11T14:54:01.133239,593.154767,RX,0x000,128,00 38 9B 71 80 02 00 00,.8.q....,False,False,False
2026-02-11T14:54:01.134519,593.156047,RX,0x000,0,,,False,False,False
2026-02-11T14:54:01.134519,593.156047,RX,0x1E0,0,,,False,False,False
2026-02-11T14:54:01.134519,593.156047,RX,0x000,128,E0 01 00 00 00 00 00 00,........,False,True,True
2026-02-11T14:54:01.134519,593.156047,RX,0x000,128,00 38 9B 71 80 02 00 00,.8.q....,False,False,False
2026-02-11T14:54:01.135535,593.157063,RX,0x000,0,,,False,False,False
2026-02-11T14:54:01.135535,593.157063,RX,0x1E0,0,,,False,False,False
2026-02-11T14:54:01.135535,593.157063,RX,0x000,128,E0 01 00 00 00 00 00 00,........,False,True,True
2026-02-11T14:54:01.135535,593.157063,RX,0x000,128,00 38 9B 71 80 02 00 00,.8.q....,False,False,False
2026-02-11T14:54:01.135535,593.157063,RX,0x000,0,,,False,False,False
2026-02-11T14:54:01.135535,593.157063,RX,0x1E0,0,,,False,False,False
2026-02-11T14:54:01.135535,593.157063,RX,0x000,128,E0 01 00 00 00 00 00 00,........,False,True,True
2026-02-11T14:54:01.135535,593.157063,RX,0x000,128,00 38 9B 71 80 02 00 00,.8.q....,False,False,False
2026-02-11T14:54:01.135535,593.157063,RX,0x000,0,,,False,False,False
2026-02-11T14:54:01.135535,593.157063,RX,0x1E0,0,,,False,False,False
2026-02-11T14:54:01.136830,593.158358,RX,0x000,128,E0 01 00 00 00 00 00 00,........,False,True,True
2026-02-11T14:54:01.136830,593.158358,RX,0x000,128,00 38 9B 71 80 02 00 00,.8.q....,False,False,False
2026-02-11T14:54:01.136830,593.158358,RX,0x000,0,,,False,False,False
2026-02-11T14:54:01.136830,593.158358,RX,0x1E0,0,,,False,False,False
2026-02-11T14:54:01.136830,593.158358,RX,0x000,128,E0 01 00 00 00 00 00 00,........,False,True,True
2026-02-11T14:54:01.136830,593.158358,RX,0x000,128,00 38 9B 71 80 02 00 00,.8.q....,False,False,False
2026-02-11T14:54:01.136830,593.158358,RX,0x000,0,,,False,False,False
2026-02-11T14:54:01.137840,593.159368,RX,0x1E0,0,,,False,False,False
2026-02-11T14:54:01.137840,593.159368,RX,0x000,128,E0 01 00 00 00 00 00 00,........,False,True,True
2026-02-11T14:54:01.137840,593.159368,RX,0x000,128,00 38 9B 71 80 02 00 00,.8.q....,False,False,False
2026-02-11T14:54:01.137840,593.159368,RX,0x000,0,,,False,False,False
2026-02-11T14:54:01.138862,593.160390,RX,0x1E0,0,,,False,False,False
2026-02-11T14:54:01.138862,593.160390,RX,0x000,128,E0 01 00 00 00 00 00 00,........,False,True,True
2026-02-11T14:54:01.138862,593.160390,RX,0x000,128,00 38 9B 71 80 02 00 00,.8.q....,False,False,False
2026-02-11T14:54:01.138862,593.160390,RX,0x000,0,,,False,False,False
2026-02-11T14:54:01.138862,593.160390,RX,0x1E0,0,,,False,False,False
2026-02-11T14:54:01.138862,593.160390,RX,0x000,128,E0 01 00 00 00 00 00 00,........,False,True,True
2026-02-11T14:54:01.138862,593.160390,RX,0x000,128,00 38 9B 71 80 02 00 00,.8.q....,False,False,False
2026-02-11T14:54:01.138862,593.160390,RX,0x000,0,,,False,False,False
2026-02-11T14:54:01.138862,593.160390,RX,0x1E0,0,,,False,False,False
2026-02-11T14:54:01.138862,593.160390,RX,0x000,128,E0 01 00 00 00 00 00 00,........,False,True,True
2026-02-11T14:54:01.139876,593.161404,RX,0x000,128,00 38 9B 71 80 02 00 00,.8.q....,False,False,False
2026-02-11T14:54:01.139876,593.161404,RX,0x000,0,,,False,False,False
2026-02-11T14:54:01.139876,593.161404,RX,0x1E0,0,,,False,False,False
2026-02-11T14:54:01.139876,593.161404,RX,0x000,128,E0 01 00 00 00 00 00 00,........,False,True,True
2026-02-11T14:54:01.139876,593.161404,RX,0x000,128,00 38 9B 71 80 02 00 00,.8.q....,False,False,False
2026-02-11T14:54:01.139876,593.161404,RX,0x000,0,,,False,False,False
2026-02-11T14:54:01.139876,593.161404,RX,0x1E0,0,,,False,False,False
2026-02-11T14:54:01.139876,593.161404,RX,0x000,128,E0 01 00 00 00 00 00 00,........,False,True,True
2026-02-11T14:54:01.139876,593.161404,RX,0x000,128,00 38 9B 71 80 02 00 00,.8.q....,False,False,False
2026-02-11T14:54:01.140877,593.162405,RX,0x000,0,,,False,False,False
2026-02-11T14:54:01.140877,593.162405,RX,0x1E0,0,,,False,False,False
2026-02-11T14:54:01.140877,593.162405,RX,0x000,128,E0 01 00 00 00 00 00 00,........,False,True,True
2026-02-11T14:54:01.140877,593.162405,RX,0x000,128,00 38 9B 71 80 02 00 00,.8.q....,False,False,False
2026-02-11T14:54:01.140877,593.162405,RX,0x000,0,,,False,False,False
2026-02-11T14:54:01.140877,593.162405,RX,0x1E0,0,,,False,False,False
2026-02-11T14:54:01.141889,593.163417,RX,0x000,128,E0 01 00 00 00 00 00 00,........,False,True,True
2026-02-11T14:54:01.141889,593.163417,RX,0x000,128,00 38 9B 71 80 02 00 00,.8.q....,False,False,False
2026-02-11T14:54:01.142903,593.164431,RX,0x000,0,,,False,False,False
2026-02-11T14:54:01.142903,593.164431,RX,0x1E0,0,,,False,False,False
2026-02-11T14:54:01.142903,593.164431,RX,0x000,128,E0 01 00 00 00 00 00 00,........,False,True,True
2026-02-11T14:54:01.142903,593.164431,RX,0x000,128,00 38 9B 71 80 02 00 00,.8.q....,False,False,False
2026-02-11T14:54:01.142903,593.164431,RX,0x000,0,,,False,False,False
2026-02-11T14:54:01.142903,593.164431,RX,0x1E0,0,,,False,False,False
2026-02-11T14:54:01.142903,593.164431,RX,0x000,128,E0 01 00 00 00 00 00 00,........,False,True,True
2026-02-11T14:54:01.142903,593.164431,RX,0x000,128,00 38 9B 71 80 02 00 00,.8.q....,False,False,False
2026-02-11T14:54:01.142903,593.164431,RX,0x000,0,,,False,False,False
2026-02-11T14:54:01.142903,593.164431,RX,0x1E0,0,,,False,False,False
2026-02-11T14:54:01.142903,593.164431,RX,0x000,128,E0 01 00 00 00 00 00 00,........,False,True,True
2026-02-11T14:54:01.142903,593.164431,RX,0x000,128,00 38 9B 71 80 02 00 00,.8.q....,False,False,False
2026-02-11T14:54:01.143918,593.165446,RX,0x000,0,,,False,False,False
2026-02-11T14:54:01.143918,593.165446,RX,0x1E0,0,,,False,False,False
2026-02-11T14:54:01.143918,593.165446,RX,0x000,128,E0 01 00 00 00 00 00 00,........,False,True,True
2026-02-11T14:54:01.143918,593.165446,RX,0x000,128,00 38 9B 71 80 02 00 00,.8.q....,False,False,False
2026-02-11T14:54:01.143918,593.165446,RX,0x000,0,,,False,False,False
2026-02-11T14:54:01.143918,593.165446,RX,0x1E0,0,,,False,False,False
2026-02-11T14:54:01.143918,593.165446,RX,0x000,128,E0 01 00 00 00 00 00 00,........,False,True,True
2026-02-11T14:54:01.143918,593.165446,RX,0x000,128,00 38 9B 71 80 02 00 00,.8.q....,False,False,False
2026-02-11T14:54:01.143918,593.165446,RX,0x000,0,,,False,False,False
2026-02-11T14:54:01.143918,593.165446,RX,0x1E0,0,,,False,False,False
2026-02-11T14:54:01.143918,593.165446,RX,0x000,128,E0 01 00 00 00 00 00 00,........,False,True,True
2026-02-11T14:54:01.144937,593.166465,RX,0x000,128,00 38 9B 71 80 02 00 00,.8.q....,False,False,False
2026-02-11T14:54:01.144937,593.166465,RX,0x000,0,,,False,False,False
2026-02-11T14:54:01.144937,593.166465,RX,0x1E0,0,,,False,False,False
2026-02-11T14:54:01.144937,593.166465,RX,0x000,128,E0 01 00 00 00 00 00 00,........,False,True,True
2026-02-11T14:54:01.144937,593.166465,RX,0x000,128,00 38 9B 71 80 02 00 00,.8.q....,False,False,False
2026-02-11T14:54:01.144937,593.166465,RX,0x000,0,,,False,False,False
2026-02-11T14:54:01.144937,593.166465,RX,0x1E0,0,,,False,False,False
2026-02-11T14:54:01.144937,593.166465,RX,0x000,128,E0 01 00 00 00 00 00 00,........,False,True,True
2026-02-11T14:54:01.144937,593.166465,RX,0x000,128,00 38 9B 71 80 02 00 00,.8.q....,False,False,False
2026-02-11T14:54:01.144937,593.166465,RX,0x000,0,,,False,False,False
2026-02-11T14:54:01.145974,593.167502,RX,0x1E0,0,,,False,False,False
2026-02-11T14:54:01.145974,593.167502,RX,0x000,128,E0 01 00 00 00 00 00 00,........,False,True,True
2026-02-11T14:54:01.145974,593.167502,RX,0x000,128,00 38 9B 71 80 02 00 00,.8.q....,False,False,False
2026-02-11T14:54:01.145974,593.167502,RX,0x000,0,,,False,False,False
2026-02-11T14:54:01.145974,593.167502,RX,0x1E0,0,,,False,False,False
2026-02-11T14:54:01.145974,593.167502,RX,0x000,128,E0 01 00 00 00 00 00 00,........,False,True,True
2026-02-11T14:54:01.145974,593.167502,RX,0x000,128,00 38 9B 71 80 02 00 00,.8.q....,False,False,False
2026-02-11T14:54:01.145974,593.167502,RX,0x000,0,,,False,False,False
2026-02-11T14:54:01.145974,593.167502,RX,0x1E0,0,,,False,False,False
2026-02-11T14:54:01.145974,593.167502,RX,0x000,128,E0 01 00 00 00 00 00 00,........,False,True,True
2026-02-11T14:54:01.145974,593.167502,RX,0x000,128,00 38 9B 71 80 02 00 00,.8.q....,False,False,False
2026-02-11T14:54:01.145974,593.167502,RX,0x000,0,,,False,False,False
2026-02-11T14:54:01.145974,593.167502,RX,0x1E0,0,,,False,False,False
2026-02-11T14:54:01.146996,593.168524,RX,0x000,128,E0 01 00 00 00 00 00 00,........,False,True,True
2026-02-11T14:54:01.146996,593.168524,RX,0x000,128,00 38 9B 71 80 02 00 00,.8.q....,False,False,False
2026-02-11T14:54:01.146996,593.168524,RX,0x000,0,,,False,False,False
2026-02-11T14:54:01.146996,593.168524,RX,0x1E0,0,,,False,False,False
2026-02-11T14:54:01.146996,593.168524,RX,0x000,128,E0 01 00 00 00 00 00 00,........,False,True,True
2026-02-11T14:54:01.146996,593.168524,RX,0x000,128,00 38 9B 71 80 02 00 00,.8.q....,False,False,False
2026-02-11T14:54:01.146996,593.168524,RX,0x000,0,,,False,False,False
2026-02-11T14:54:01.146996,593.168524,RX,0x1E0,0,,,False,False,False
2026-02-11T14:54:01.146996,593.168524,RX,0x000,128,E0 01 00 00 00 00 00 00,........,False,True,True
2026-02-11T14:54:01.146996,593.168524,RX,0x000,128,00 38 9B 71 80 02 00 00,.8.q....,False,False,False
2026-02-11T14:54:01.146996,593.168524,RX,0x000,0,,,False,False,False
2026-02-11T14:54:01.146996,593.168524,RX,0x1E0,0,,,False,False,False
2026-02-11T14:54:01.146996,593.168524,RX,0x000,128,E0 01 00 00 00 00 00 00,........,False,True,True
2026-02-11T14:54:01.146996,593.168524,RX,0x000,128,00 38 9B 71 80 02 00 00,.8.q....,False,False,False
2026-02-11T14:54:01.147995,593.169523,RX,0x000,0,,,False,False,False
2026-02-11T14:54:01.147995,593.169523,RX,0x1E0,0,,,False,False,False
2026-02-11T14:54:01.147995,593.169523,RX,0x000,128,E0 01 00 00 00 00 00 00,........,False,True,True
2026-02-11T14:54:01.147995,593.169523,RX,0x000,128,00 38 9B 71 80 02 00 00,.8.q....,False,False,False
2026-02-11T14:54:01.147995,593.169523,RX,0x000,0,,,False,False,False
2026-02-11T14:54:01.148509,593.170037,RX,0x1E0,0,,,False,False,False
2026-02-11T14:54:01.148509,593.170037,RX,0x000,128,E0 01 00 00 00 00 00 00,........,False,True,True
2026-02-11T14:54:01.148509,593.170037,RX,0x000,128,00 38 9B 71 80 02 00 00,.8.q....,False,False,False
2026-02-11T14:54:01.148509,593.170037,RX,0x000,0,,,False,False,False
2026-02-11T14:54:01.148509,593.170037,RX,0x1E0,0,,,False,False,False
2026-02-11T14:54:01.148509,593.170037,RX,0x000,128,E0 01 00 00 00 00 00 00,........,False,True,True
2026-02-11T14:54:01.148509,593.170037,RX,0x000,128,00 38 9B 71 80 02 00 00,.8.q....,False,False,False
2026-02-11T14:54:01.148509,593.170037,RX,0x000,0,,,False,False,False
2026-02-11T14:54:01.148509,593.170037,RX,0x1E0,0,,,False,False,False
2026-02-11T14:54:01.149671,593.171199,RX,0x000,128,E0 01 00 00 00 00 00 00,........,False,True,True
2026-02-11T14:54:01.149671,593.171199,RX,0x000,128,00 38 9B 71 80 02 00 00,.8.q....,False,False,False
2026-02-11T14:54:01.149671,593.171199,RX,0x000,0,,,False,False,False
2026-02-11T14:54:01.149671,593.171199,RX,0x1E0,0,,,False,False,False
2026-02-11T14:54:01.149671,593.171199,RX,0x000,128,E0 01 00 00 00 00 00 00,........,False,True,True
2026-02-11T14:54:01.149671,593.171199,RX,0x000,128,00 38 9B 71 80 02 00 00,.8.q....,False,False,False
2026-02-11T14:54:01.149671,593.171199,RX,0x000,0,,,False,False,False
2026-02-11T14:54:01.149671,593.171199,RX,0x1E0,0,,,False,False,False
2026-02-11T14:54:01.150681,593.172209,RX,0x000,128,E0 01 00 00 00 00 00 00,........,False,True,True
2026-02-11T14:54:01.150681,593.172209,RX,0x000,128,00 38 9B 71 80 02 00 00,.8.q....,False,False,False
2026-02-11T14:54:01.150681,593.172209,RX,0x000,0,,,False,False,False
2026-02-11T14:54:01.150681,593.172209,RX,0x1E0,0,,,False,False,False
2026-02-11T14:54:01.150681,593.172209,RX,0x000,128,E0 01 00 00 00 00 00 00,........,False,True,True
2026-02-11T14:54:01.150681,593.172209,RX,0x000,128,00 38 9B 71 80 02 00 00,.8.q....,False,False,False
2026-02-11T14:54:01.150681,593.172209,RX,0x000,0,,,False,False,False
2026-02-11T14:54:01.150681,593.172209,RX,0x1E0,0,,,False,False,False
2026-02-11T14:54:01.150681,593.172209,RX,0x000,128,E0 01 00 00 00 00 00 00,........,False,True,True
2026-02-11T14:54:01.151689,593.173217,RX,0x000,128,00 38 9B 71 80 02 00 00,.8.q....,False,False,False
2026-02-11T14:54:01.151689,593.173217,RX,0x000,0,,,False,False,False
2026-02-11T14:54:01.151689,593.173217,RX,0x1E0,0,,,False,False,False
2026-02-11T14:54:01.151689,593.173217,RX,0x000,128,E0 01 00 00 00 00 00 00,........,False,True,True
2026-02-11T14:54:01.151689,593.173217,RX,0x000,128,00 38 9B 71 80 02 00 00,.8.q....,False,False,False
2026-02-11T14:54:01.151689,593.173217,RX,0x000,0,,,False,False,False
2026-02-11T14:54:01.151689,593.173217,RX,0x1E0,0,,,False,False,False
2026-02-11T14:54:01.152725,593.174253,RX,0x000,128,E0 01 00 00 00 00 00 00,........,False,True,True
2026-02-11T14:54:01.152725,593.174253,RX,0x000,128,00 38 9B 71 80 02 00 00,.8.q....,False,False,False
2026-02-11T14:54:01.152725,593.174253,RX,0x000,0,,,False,False,False
2026-02-11T14:54:01.153753,593.175281,RX,0x1E0,0,,,False,False,False
2026-02-11T14:54:01.153753,593.175281,RX,0x000,128,E0 01 00 00 00 00 00 00,........,False,True,True
2026-02-11T14:54:01.153753,593.175281,RX,0x000,128,00 38 9B 71 80 02 00 00,.8.q....,False,False,False
2026-02-11T14:54:01.153753,593.175281,RX,0x000,0,,,False,False,False
2026-02-11T14:54:01.153753,593.175281,RX,0x1E0,0,,,False,False,False
2026-02-11T14:54:01.153753,593.175281,RX,0x000,128,E0 01 00 00 00 00 00 00,........,False,True,True
2026-02-11T14:54:01.153753,593.175281,RX,0x000,128,00 38 9B 71 80 02 00 00,.8.q....,False,False,False
2026-02-11T14:54:01.153753,593.175281,RX,0x000,0,,,False,False,False
2026-02-11T14:54:01.153753,593.175281,RX,0x1E0,0,,,False,False,False
2026-02-11T14:54:01.154753,593.176281,RX,0x000,128,E0 01 00 00 00 00 00 00,........,False,True,True
2026-02-11T14:54:01.154753,593.176281,RX,0x000,128,00 38 9B 71 80 02 00 00,.8.q....,False,False,False
2026-02-11T14:54:01.154753,593.176281,RX,0x000,0,,,False,False,False
2026-02-11T14:54:01.154753,593.176281,RX,0x1E0,0,,,False,False,False
2026-02-11T14:54:01.154753,593.176281,RX,0x000,128,E0 01 00 00 00 00 00 00,........,False,True,True
2026-02-11T14:54:01.154753,593.176281,RX,0x000,128,00 38 9B 71 80 02 00 00,.8.q....,False,False,False
2026-02-11T14:54:01.154753,593.176281,RX,0x000,0,,,False,False,False
2026-02-11T14:54:01.154753,593.176281,RX,0x1E0,0,,,False,False,False
2026-02-11T14:54:01.154753,593.176281,RX,0x000,128,E0 01 00 00 00 00 00 00,........,False,True,True
2026-02-11T14:54:01.155751,593.177279,RX,0x000,128,00 38 9B 71 80 02 00 00,.8.q....,False,False,False
2026-02-11T14:54:01.155751,593.177279,RX,0x000,0,,,False,False,False
2026-02-11T14:54:01.155751,593.177279,RX,0x1E0,0,,,False,False,False
2026-02-11T14:54:01.155751,593.177279,RX,0x000,128,E0 01 00 00 00 00 00 00,........,False,True,True
2026-02-11T14:54:01.155751,593.177279,RX,0x000,128,00 38 9B 71 80 02 00 00,.8.q....,False,False,False
2026-02-11T14:54:01.155751,593.177279,RX,0x000,0,,,False,False,False
2026-02-11T14:54:01.155751,593.177279,RX,0x1E0,0,,,False,False,False
2026-02-11T14:54:01.155751,593.177279,RX,0x000,128,E0 01 00 00 00 00 00 00,........,False,True,True
2026-02-11T14:54:01.155751,593.177279,RX,0x000,128,00 38 9B 71 80 02 00 00,.8.q....,False,False,False
2026-02-11T14:54:01.155751,593.177279,RX,0x000,0,,,False,False,False
2026-02-11T14:54:01.155751,593.177279,RX,0x1E0,0,,,False,False,False
2026-02-11T14:54:01.155751,593.177279,RX,0x000,128,E0 01 00 00 00 00 00 00,........,False,True,True
2026-02-11T14:54:01.156893,593.178421,RX,0x000,128,00 38 9B 71 80 02 00 00,.8.q....,False,False,False
2026-02-11T14:54:01.156893,593.178421,RX,0x000,0,,,False,False,False
2026-02-11T14:54:01.156893,593.178421,RX,0x1E0,0,,,False,False,False
2026-02-11T14:54:01.156893,593.178421,RX,0x000,128,E0 01 00 00 00 00 00 00,........,False,True,True
2026-02-11T14:54:01.157400,593.178928,RX,0x000,128,00 38 9B 71 80 02 00 00,.8.q....,False,False,False
2026-02-11T14:54:01.157906,593.179434,RX,0x000,0,,,False,False,False
2026-02-11T14:54:01.157906,593.179434,RX,0x1E0,0,,,False,False,False
2026-02-11T14:54:01.157906,593.179434,RX,0x000,128,E0 01 00 00 00 00 00 00,........,False,True,True
2026-02-11T14:54:01.157906,593.179434,RX,0x000,128,00 38 9B 71 80 02 00 00,.8.q....,False,False,False
2026-02-11T14:54:01.157906,593.179434,RX,0x000,0,,,False,False,False
2026-02-11T14:54:01.157906,593.179434,RX,0x1E0,0,,,False,False,False
2026-02-11T14:54:01.157906,593.179434,RX,0x000,128,E0 01 00 00 00 00 00 00,........,False,True,True
2026-02-11T14:54:01.157906,593.179434,RX,0x000,128,00 38 9B 71 80 02 00 00,.8.q....,False,False,False
2026-02-11T14:54:01.157906,593.179434,RX,0x000,0,,,False,False,False
2026-02-11T14:54:01.157906,593.179434,RX,0x1E0,0,,,False,False,False
2026-02-11T14:54:01.157906,593.179434,RX,0x000,128,E0 01 00 00 00 00 00 00,........,False,True,True
2026-02-11T14:54:01.157906,593.179434,RX,0x000,128,00 38 9B 71 80 02 00 00,.8.q....,False,False,False
2026-02-11T14:54:01.158942,593.180470,RX,0x000,0,,,False,False,False
2026-02-11T14:54:01.158942,593.180470,RX,0x1E0,0,,,False,False,False
2026-02-11T14:54:01.158942,593.180470,RX,0x000,128,E0 01 00 00 00 00 00 00,........,False,True,True
2026-02-11T14:54:01.158942,593.180470,RX,0x000,128,00 38 9B 71 80 02 00 00,.8.q....,False,False,False
2026-02-11T14:54:01.158942,593.180470,RX,0x000,0,,,False,False,False
2026-02-11T14:54:01.158942,593.180470,RX,0x1E0,0,,,False,False,False
2026-02-11T14:54:01.158942,593.180470,RX,0x000,128,E0 01 00 00 00 00 00 00,........,False,True,True
2026-02-11T14:54:01.158942,593.180470,RX,0x000,128,00 38 9B 71 80 02 00 00,.8.q....,False,False,False
2026-02-11T14:54:01.158942,593.180470,RX,0x000,0,,,False,False,False
2026-02-11T14:54:01.158942,593.180470,RX,0x1E0,0,,,False,False,False
2026-02-11T14:54:01.159964,593.181492,RX,0x000,128,E0 01 00 00 00 00 00 00,........,False,True,True
2026-02-11T14:54:01.159964,593.181492,RX,0x000,128,00 38 9B 71 80 02 00 00,.8.q....,False,False,False
2026-02-11T14:54:01.159964,593.181492,RX,0x000,0,,,False,False,False
2026-02-11T14:54:01.159964,593.181492,RX,0x1E0,0,,,False,False,False
2026-02-11T14:54:01.159964,593.181492,RX,0x000,128,E0 01 00 00 00 00 00 00,........,False,True,True
2026-02-11T14:54:01.161133,593.182661,RX,0x000,128,00 38 9B 71 80 02 00 00,.8.q....,False,False,False
2026-02-11T14:54:01.161133,593.182661,RX,0x000,0,,,False,False,False
2026-02-11T14:54:01.161133,593.182661,RX,0x1E0,0,,,False,False,False
2026-02-11T14:54:01.161133,593.182661,RX,0x000,128,E0 01 00 00 00 00 00 00,........,False,True,True
2026-02-11T14:54:01.161133,593.182661,RX,0x000,128,00 38 9B 71 80 02 00 00,.8.q....,False,False,False
2026-02-11T14:54:01.161133,593.182661,RX,0x000,0,,,False,False,False
2026-02-11T14:54:01.162145,593.183673,RX,0x1E0,0,,,False,False,False
2026-02-11T14:54:01.162145,593.183673,RX,0x000,128,E0 01 00 00 00 00 00 00,........,False,True,True
2026-02-11T14:54:01.162145,593.183673,RX,0x000,128,00 38 9B 71 80 02 00 00,.8.q....,False,False,False
2026-02-11T14:54:01.162145,593.183673,RX,0x000,0,,,False,False,False
2026-02-11T14:54:01.162145,593.183673,RX,0x1E0,0,,,False,False,False
2026-02-11T14:54:01.162145,593.183673,RX,0x000,128,E0 01 00 00 00 00 00 00,........,False,True,True
2026-02-11T14:54:01.162145,593.183673,RX,0x000,128,00 38 9B 71 80 02 00 00,.8.q....,False,False,False
2026-02-11T14:54:01.162145,593.183673,RX,0x000,0,,,False,False,False
2026-02-11T14:54:01.162145,593.183673,RX,0x1E0,0,,,False,False,False
2026-02-11T14:54:01.163158,593.184686,RX,0x000,128,E0 01 00 00 00 00 00 00,........,False,True,True
2026-02-11T14:54:01.163158,593.184686,RX,0x000,128,00 38 9B 71 80 02 00 00,.8.q....,False,False,False
2026-02-11T14:54:01.163158,593.184686,RX,0x000,0,,,False,False,False
2026-02-11T14:54:01.163158,593.184686,RX,0x1E0,0,,,False,False,False
2026-02-11T14:54:01.163158,593.184686,RX,0x000,128,E0 01 00 00 00 00 00 00,........,False,True,True
2026-02-11T14:54:01.163158,593.184686,RX,0x000,128,00 38 9B 71 80 02 00 00,.8.q....,False,False,False
2026-02-11T14:54:01.163158,593.184686,RX,0x000,0,,,False,False,False
2026-02-11T14:54:01.163158,593.184686,RX,0x1E0,0,,,False,False,False
2026-02-11T14:54:01.163158,593.184686,RX,0x000,128,E0 01 00 00 00 00 00 00,........,False,True,True
2026-02-11T14:54:01.163158,593.184686,RX,0x000,128,00 38 9B 71 80 02 00 00,.8.q....,False,False,False
2026-02-11T14:54:01.163158,593.184686,RX,0x000,0,,,False,False,False
2026-02-11T14:54:01.163158,593.184686,RX,0x1E0,0,,,False,False,False
2026-02-11T14:54:01.163158,593.184686,RX,0x000,128,E0 01 00 00 00 00 00 00,........,False,True,True
2026-02-11T14:54:01.164176,593.185704,RX,0x000,128,00 38 9B 71 80 02 00 00,.8.q....,False,False,False
2026-02-11T14:54:01.164176,593.185704,RX,0x000,0,,,False,False,False
2026-02-11T14:54:01.164176,593.185704,RX,0x1E0,0,,,False,False,False
2026-02-11T14:54:01.164176,593.185704,RX,0x000,128,E0 01 00 00 00 00 00 00,........,False,True,True
2026-02-11T14:54:01.164176,593.185704,RX,0x000,128,00 38 9B 71 80 02 00 00,.8.q....,False,False,False
2026-02-11T14:54:01.164176,593.185704,RX,0x000,0,,,False,False,False
2026-02-11T14:54:01.164176,593.185704,RX,0x1E0,0,,,False,False,False
2026-02-11T14:54:01.165347,593.186875,RX,0x000,128,E0 01 00 00 00 00 00 00,........,False,True,True
2026-02-11T14:54:01.165347,593.186875,RX,0x000,128,00 38 9B 71 80 02 00 00,.8.q....,False,False,False
2026-02-11T14:54:01.165347,593.186875,RX,0x000,0,,,False,False,False
2026-02-11T14:54:01.165347,593.186875,RX,0x1E0,0,,,False,False,False
2026-02-11T14:54:01.165347,593.186875,RX,0x000,128,E0 01 00 00 00 00 00 00,........,False,True,True
2026-02-11T14:54:01.165347,593.186875,RX,0x000,128,00 38 9B 71 80 02 00 00,.8.q....,False,False,False
2026-02-11T14:54:01.165347,593.186875,RX,0x000,0,,,False,False,False
2026-02-11T14:54:01.165347,593.186875,RX,0x1E0,0,,,False,False,False
2026-02-11T14:54:01.165347,593.186875,RX,0x000,128,E0 01 00 00 00 00 00 00,........,False,True,True
2026-02-11T14:54:01.165347,593.186875,RX,0x000,128,00 38 9B 71 80 02 00 00,.8.q....,False,False,False
2026-02-11T14:54:01.165347,593.186875,RX,0x000,0,,,False,False,False
2026-02-11T14:54:01.165347,593.186875,RX,0x1E0,0,,,False,False,False
2026-02-11T14:54:01.165347,593.186875,RX,0x000,128,E0 01 00 00 00 00 00 00,........,False,True,True
2026-02-11T14:54:01.166670,593.188198,RX,0x000,128,00 38 9B 71 80 02 00 00,.8.q....,False,False,False
2026-02-11T14:54:01.166670,593.188198,RX,0x000,0,,,False,False,False
2026-02-11T14:54:01.166670,593.188198,RX,0x1E0,0,,,False,False,False
2026-02-11T14:54:01.166670,593.188198,RX,0x000,128,E0 01 00 00 00 00 00 00,........,False,True,True
2026-02-11T14:54:01.166670,593.188198,RX,0x000,128,00 38 9B 71 80 02 00 00,.8.q....,False,False,False
2026-02-11T14:54:01.166670,593.188198,RX,0x000,0,,,False,False,False
2026-02-11T14:54:01.166670,593.188198,RX,0x1E0,0,,,False,False,False
2026-02-11T14:54:01.166670,593.188198,RX,0x000,128,E0 01 00 00 00 00 00 00,........,False,True,True
2026-02-11T14:54:01.166670,593.188198,RX,0x000,128,00 38 9B 71 80 02 00 00,.8.q....,False,False,False
2026-02-11T14:54:01.166670,593.188198,RX,0x000,0,,,False,False,False
2026-02-11T14:54:01.166670,593.188198,RX,0x1E0,0,,,False,False,False
2026-02-11T14:54:01.166670,593.188198,RX,0x000,128,E0 01 00 00 00 00 00 00,........,False,True,True
2026-02-11T14:54:01.166670,593.188198,RX,0x000,128,00 38 9B 71 80 02 00 00,.8.q....,False,False,False
2026-02-11T14:54:01.166670,593.188198,RX,0x000,0,,,False,False,False
2026-02-11T14:54:01.166670,593.188198,RX,0x1E0,0,,,False,False,False
2026-02-11T14:54:01.168184,593.189712,RX,0x000,128,E0 01 00 00 00 00 00 00,........,False,True,True
2026-02-11T14:54:01.168184,593.189712,RX,0x000,128,00 38 9B 71 80 02 00 00,.8.q....,False,False,False
2026-02-11T14:54:01.168184,593.189712,RX,0x000,0,,,False,False,False
2026-02-11T14:54:01.168184,593.189712,RX,0x1E0,0,,,False,False,False
2026-02-11T14:54:01.168184,593.189712,RX,0x000,128,E0 01 00 00 00 00 00 00,........,False,True,True
2026-02-11T14:54:01.168184,593.189712,RX,0x000,128,00 38 9B 71 80 02 00 00,.8.q....,False,False,False
2026-02-11T14:54:01.168184,593.189712,RX,0x000,0,,,False,False,False
2026-02-11T14:54:01.168184,593.189712,RX,0x1E0,0,,,False,False,False
2026-02-11T14:54:01.168184,593.189712,RX,0x000,128,E0 01 00 00 00 00 00 00,........,False,True,True
2026-02-11T14:54:01.168184,593.189712,RX,0x000,128,00 38 9B 71 80 02 00 00,.8.q....,False,False,False
2026-02-11T14:54:01.168184,593.189712,RX,0x000,0,,,False,False,False
2026-02-11T14:54:01.168184,593.189712,RX,0x1E0,0,,,False,False,False
2026-02-11T14:54:01.169229,593.190757,RX,0x000,128,E0 01 00 00 00 00 00 00,........,False,True,True
2026-02-11T14:54:01.169229,593.190757,RX,0x000,128,00 38 9B 71 80 02 00 00,.8.q....,False,False,False
2026-02-11T14:54:01.169229,593.190757,RX,0x000,0,,,False,False,False
2026-02-11T14:54:01.169229,593.190757,RX,0x1E0,0,,,False,False,False
2026-02-11T14:54:01.169229,593.190757,RX,0x000,128,E0 01 00 00 00 00 00 00,........,False,True,True
2026-02-11T14:54:01.169229,593.190757,RX,0x000,128,00 38 9B 71 80 02 00 00,.8.q....,False,False,False
2026-02-11T14:54:01.169229,593.190757,RX,0x000,0,,,False,False,False
2026-02-11T14:54:01.169229,593.190757,RX,0x1E0,0,,,False,False,False
2026-02-11T14:54:01.169229,593.190757,RX,0x000,128,E0 01 00 00 00 00 00 00,........,False,True,True
2026-02-11T14:54:01.169229,593.190757,RX,0x000,128,00 38 9B 71 80 02 00 00,.8.q....,False,False,False
2026-02-11T14:54:01.169229,593.190757,RX,0x000,0,,,False,False,False
2026-02-11T14:54:01.169229,593.190757,RX,0x1E0,0,,,False,False,False
2026-02-11T14:54:01.169229,593.190757,RX,0x000,128,E0 01 00 00 00 00 00 00,........,False,True,True
2026-02-11T14:54:01.170238,593.190757,RX,0x000,128,00 38 9B 71 80 02 00 00,.8.q....,False,False,False
2026-02-11T14:54:01.170238,593.191766,RX,0x000,0,,,False,False,False
2026-02-11T14:54:01.170238,593.191766,RX,0x1E0,0,,,False,False,False
2026-02-11T14:54:01.170238,593.191766,RX,0x000,128,E0 01 00 00 00 00 00 00,........,False,True,True
2026-02-11T14:54:01.170238,593.191766,RX,0x000,128,00 38 9B 71 80 02 00 00,.8.q....,False,False,False
2026-02-11T14:54:01.170238,593.191766,RX,0x000,0,,,False,False,False
2026-02-11T14:54:01.171242,593.192770,RX,0x1E0,0,,,False,False,False
2026-02-11T14:54:01.171242,593.192770,RX,0x000,128,E0 01 00 00 00 00 00 00,........,False,True,True
2026-02-11T14:54:01.171242,593.192770,RX,0x000,128,00 38 9B 71 80 02 00 00,.8.q....,False,False,False
2026-02-11T14:54:01.171242,593.192770,RX,0x000,0,,,False,False,False
2026-02-11T14:54:01.171242,593.192770,RX,0x1E0,0,,,False,False,False
2026-02-11T14:54:01.171242,593.192770,RX,0x000,128,E0 01 00 00 00 00 00 00,........,False,True,True
2026-02-11T14:54:01.171242,593.192770,RX,0x000,128,00 38 9B 71 80 02 00 00,.8.q....,False,False,False
2026-02-11T14:54:01.171242,593.192770,RX,0x000,0,,,False,False,False
2026-02-11T14:54:01.171242,593.192770,RX,0x1E0,0,,,False,False,False
2026-02-11T14:54:01.172260,593.192770,RX,0x000,128,E0 01 00 00 00 00 00 00,........,False,True,True
2026-02-11T14:54:01.172260,593.193788,RX,0x000,128,00 38 9B 71 80 02 00 00,.8.q....,False,False,False
2026-02-11T14:54:01.172260,593.193788,RX,0x000,0,,,False,False,False
2026-02-11T14:54:01.172260,593.193788,RX,0x1E0,0,,,False,False,False
2026-02-11T14:54:01.172260,593.193788,RX,0x000,128,E0 01 00 00 00 00 00 00,........,False,True,True
2026-02-11T14:54:01.172260,593.193788,RX,0x000,128,00 38 9B 71 80 02 00 00,.8.q....,False,False,False
2026-02-11T14:54:01.172260,593.193788,RX,0x000,0,,,False,False,False
2026-02-11T14:54:01.172260,593.193788,RX,0x1E0,0,,,False,False,False
2026-02-11T14:54:01.172260,593.193788,RX,0x000,128,E0 01 00 00 00 00 00 00,........,False,True,True
2026-02-11T14:54:01.172260,593.193788,RX,0x000,128,00 38 9B 71 80 02 00 00,.8.q....,False,False,False
2026-02-11T14:54:01.172260,593.193788,RX,0x000,0,,,False,False,False
2026-02-11T14:54:01.173267,593.194795,RX,0x1E0,0,,,False,False,False
2026-02-11T14:54:01.173267,593.194795,RX,0x000,128,E0 01 00 00 00 00 00 00,........,False,True,True
2026-02-11T14:54:01.173267,593.194795,RX,0x000,128,00 38 9B 71 80 02 00 00,.8.q....,False,False,False
2026-02-11T14:54:01.173267,593.194795,RX,0x000,0,,,False,False,False
2026-02-11T14:54:01.173267,593.194795,RX,0x1E0,0,,,False,False,False
2026-02-11T14:54:01.173267,593.194795,RX,0x000,128,E0 01 00 00 00 00 00 00,........,False,True,True
2026-02-11T14:54:01.173267,593.194795,RX,0x000,128,00 38 9B 71 80 02 00 00,.8.q....,False,False,False
2026-02-11T14:54:01.173267,593.194795,RX,0x000,0,,,False,False,False
2026-02-11T14:54:01.173267,593.194795,RX,0x1E0,0,,,False,False,False
2026-02-11T14:54:01.173267,593.194795,RX,0x000,128,E0 01 00 00 00 00 00 00,........,False,True,True
2026-02-11T14:54:01.173267,593.194795,RX,0x000,128,00 38 9B 71 80 02 00 00,.8.q....,False,False,False
2026-02-11T14:54:01.173267,593.194795,RX,0x000,0,,,False,False,False
2026-02-11T14:54:01.173267,593.194795,RX,0x1E0,0,,,False,False,False
2026-02-11T14:54:01.173267,593.194795,RX,0x000,128,E0 01 00 00 00 00 00 00,........,False,True,True
2026-02-11T14:54:01.173267,593.194795,RX,0x000,128,00 38 9B 71 80 02 00 00,.8.q....,False,False,False
2026-02-11T14:54:01.173267,593.194795,RX,0x000,0,,,False,False,False
2026-02-11T14:54:01.173267,593.194795,RX,0x1E0,0,,,False,False,False
2026-02-11T14:54:01.173267,593.194795,RX,0x000,128,E0 01 00 00 00 00 00 00,........,False,True,True
2026-02-11T14:54:01.173267,593.194795,RX,0x000,128,00 38 9B 71 80 02 00 00,.8.q....,False,False,False
2026-02-11T14:54:01.173267,593.194795,RX,0x000,0,,,False,False,False
2026-02-11T14:54:01.173267,593.194795,RX,0x1E0,0,,,False,False,False
2026-02-11T14:54:01.174773,593.196301,RX,0x000,128,E0 01 00 00 00 00 00 00,........,False,True,True
2026-02-11T14:54:01.174773,593.196301,RX,0x000,128,00 38 9B 71 80 02 00 00,.8.q....,False,False,False
2026-02-11T14:54:01.174773,593.196301,RX,0x000,0,,,False,False,False
2026-02-11T14:54:01.174773,593.196301,RX,0x1E0,0,,,False,False,False
2026-02-11T14:54:01.174773,593.196301,RX,0x000,128,E0 01 00 00 00 00 00 00,........,False,True,True
2026-02-11T14:54:01.174773,593.196301,RX,0x000,128,00 38 9B 71 80 02 00 00,.8.q....,False,False,False
2026-02-11T14:54:01.174773,593.196301,RX,0x000,0,,,False,False,False
2026-02-11T14:54:01.174773,593.196301,RX,0x1E0,0,,,False,False,False
2026-02-11T14:54:01.174773,593.196301,RX,0x000,128,E0 01 00 00 00 00 00 00,........,False,True,True
2026-02-11T14:54:01.174773,593.196301,RX,0x000,128,00 38 9B 71 80 02 00 00,.8.q....,False,False,False
2026-02-11T14:54:01.174773,593.196301,RX,0x000,0,,,False,False,False
2026-02-11T14:54:01.174773,593.196301,RX,0x1E0,0,,,False,False,False
2026-02-11T14:54:01.174773,593.196301,RX,0x000,128,E0 01 00 00 00 00 00 00,........,False,True,True
2026-02-11T14:54:01.174773,593.196301,RX,0x000,128,00 38 9B 71 80 02 00 00,.8.q....,False,False,False
2026-02-11T14:54:01.176253,593.197781,RX,0x000,0,,,False,False,False
2026-02-11T14:54:01.176253,593.197781,RX,0x1E0,0,,,False,False,False
2026-02-11T14:54:01.176253,593.197781,RX,0x000,128,E0 01 00 00 00 00 00 00,........,False,True,True
2026-02-11T14:54:01.176253,593.197781,RX,0x000,128,00 38 9B 71 80 02 00 00,.8.q....,False,False,False
2026-02-11T14:54:01.176253,593.197781,RX,0x000,0,,,False,False,False
2026-02-11T14:54:01.176253,593.197781,RX,0x1E0,0,,,False,False,False
2026-02-11T14:54:01.176253,593.197781,RX,0x000,128,E0 01 00 00 00 00 00 00,........,False,True,True
2026-02-11T14:54:01.176253,593.197781,RX,0x000,128,00 38 9B 71 80 02 00 00,.8.q....,False,False,False
2026-02-11T14:54:01.176253,593.197781,RX,0x000,0,,,False,False,False
2026-02-11T14:54:01.176253,593.197781,RX,0x1E0,0,,,False,False,False
2026-02-11T14:54:01.176253,593.197781,RX,0x000,128,E0 01 00 00 00 00 00 00,........,False,True,True
2026-02-11T14:54:01.176253,593.197781,RX,0x000,128,00 38 9B 71 80 02 00 00,.8.q....,False,False,False
2026-02-11T14:54:01.177265,593.197781,RX,0x000,0,,,False,False,False
2026-02-11T14:54:01.177265,593.198793,RX,0x1E0,0,,,False,False,False
2026-02-11T14:54:01.177265,593.198793,RX,0x000,128,E0 01 00 00 00 00 00 00,........,False,True,True
2026-02-11T14:54:01.177265,593.198793,RX,0x000,128,00 38 9B 71 80 02 00 00,.8.q....,False,False,False
2026-02-11T14:54:01.177265,593.198793,RX,0x000,0,,,False,False,False
2026-02-11T14:54:01.177265,593.198793,RX,0x1E0,0,,,False,False,False
2026-02-11T14:54:01.177265,593.198793,RX,0x000,128,E0 01 00 00 00 00 00 00,........,False,True,True
2026-02-11T14:54:01.177265,593.198793,RX,0x000,128,00 38 9B 71 80 02 00 00,.8.q....,False,False,False
2026-02-11T14:54:01.177265,593.198793,RX,0x000,0,,,False,False,False
2026-02-11T14:54:01.177265,593.198793,RX,0x1E0,0,,,False,False,False
2026-02-11T14:54:01.177265,593.198793,RX,0x000,128,E0 01 00 00 00 00 00 00,........,False,True,True
2026-02-11T14:54:01.177265,593.198793,RX,0x000,128,00 38 9B 71 80 02 00 00,.8.q....,False,False,False
2026-02-11T14:54:01.177265,593.198793,RX,0x000,0,,,False,False,False
2026-02-11T14:54:01.177265,593.198793,RX,0x1E0,0,,,False,False,False
2026-02-11T14:54:01.177265,593.198793,RX,0x000,128,E0 01 00 00 00 00 00 00,........,False,True,True
2026-02-11T14:54:01.178283,593.199811,RX,0x000,128,00 38 9B 71 80 02 00 00,.8.q....,False,False,False
2026-02-11T14:54:01.178283,593.199811,RX,0x000,0,,,False,False,False
2026-02-11T14:54:01.178283,593.199811,RX,0x1E0,0,,,False,False,False
2026-02-11T14:54:01.178283,593.199811,RX,0x000,128,E0 01 00 00 00 00 00 00,........,False,True,True
2026-02-11T14:54:01.178283,593.199811,RX,0x000,128,00 38 9B 71 80 02 00 00,.8.q....,False,False,False
2026-02-11T14:54:01.178283,593.199811,RX,0x000,0,,,False,False,False
2026-02-11T14:54:01.178283,593.199811,RX,0x1E0,0,,,False,False,False
2026-02-11T14:54:01.178283,593.199811,RX,0x000,128,E0 01 00 00 00 00 00 00,........,False,True,True
2026-02-11T14:54:01.178794,593.200323,RX,0x000,128,00 38 9B 71 80 02 00 00,.8.q....,False,False,False
2026-02-11T14:54:01.178794,593.200323,RX,0x000,0,,,False,False,False
2026-02-11T14:54:01.178794,593.200323,RX,0x1E0,0,,,False,False,False
2026-02-11T14:54:01.178794,593.200323,RX,0x000,128,E0 01 00 00 00 00 00 00,........,False,True,True
2026-02-11T14:54:01.178794,593.200323,RX,0x000,128,00 38 9B 71 80 02 00 00,.8.q....,False,False,False
2026-02-11T14:54:01.178794,593.200323,RX,0x000,0,,,False,False,False
2026-02-11T14:54:01.178794,593.200323,RX,0x1E0,0,,,False,False,False
2026-02-11T14:54:01.178794,593.200323,RX,0x000,128,E0 01 00 00 00 00 00 00,........,False,True,True
2026-02-11T14:54:01.178794,593.200323,RX,0x000,128,00 38 9B 71 80 02 00 00,.8.q....,False,False,False
2026-02-11T14:54:01.178794,593.200323,RX,0x000,0,,,False,False,False
2026-02-11T14:54:01.178794,593.200323,RX,0x1E0,0,,,False,False,False
2026-02-11T14:54:01.178794,593.200323,RX,0x000,128,E0 01 00 00 00 00 00 00,........,False,True,True
2026-02-11T14:54:01.178794,593.200323,RX,0x000,128,00 38 9B 71 80 02 00 00,.8.q....,False,False,False
2026-02-11T14:54:01.178794,593.200323,RX,0x000,0,,,False,False,False
2026-02-11T14:54:01.178794,593.200323,RX,0x1E0,0,,,False,False,False
2026-02-11T14:54:01.179804,593.201332,RX,0x000,128,E0 01 00 00 00 00 00 00,........,False,True,True
2026-02-11T14:54:01.179804,593.201332,RX,0x000,128,00 38 9B 71 80 02 00 00,.8.q....,False,False,False
2026-02-11T14:54:01.179804,593.201332,RX,0x000,0,,,False,False,False
2026-02-11T14:54:01.179804,593.201332,RX,0x1E0,0,,,False,False,False
2026-02-11T14:54:01.179804,593.201332,RX,0x000,128,E0 01 00 00 00 00 00 00,........,False,True,True
2026-02-11T14:54:01.179804,593.201332,RX,0x000,128,00 38 9B 71 80 02 00 00,.8.q....,False,False,False
2026-02-11T14:54:01.179804,593.201332,RX,0x000,0,,,False,False,False
2026-02-11T14:54:01.179804,593.201332,RX,0x1E0,0,,,False,False,False
2026-02-11T14:54:01.179804,593.201332,RX,0x000,128,E0 01 00 00 00 00 00 00,........,False,True,True
2026-02-11T14:54:01.179804,593.201332,RX,0x000,128,00 38 9B 71 80 02 00 00,.8.q....,False,False,False
2026-02-11T14:54:01.179804,593.201332,RX,0x000,0,,,False,False,False
2026-02-11T14:54:01.179804,593.201332,RX,0x1E0,0,,,False,False,False
2026-02-11T14:54:01.179804,593.201332,RX,0x000,128,E0 01 00 00 00 00 00 00,........,False,True,True
2026-02-11T14:54:01.181154,593.202682,RX,0x000,128,00 38 9B 71 80 02 00 00,.8.q....,False,False,False
2026-02-11T14:54:01.181154,593.202682,RX,0x000,0,,,False,False,False
2026-02-11T14:54:01.181154,593.202682,RX,0x1E0,0,,,False,False,False
2026-02-11T14:54:01.181154,593.202682,RX,0x000,128,E0 01 00 00 00 00 00 00,........,False,True,True
2026-02-11T14:54:01.181154,593.202682,RX,0x000,128,00 38 9B 71 80 02 00 00,.8.q....,False,False,False
2026-02-11T14:54:01.181154,593.202682,RX,0x000,0,,,False,False,False
2026-02-11T14:54:01.181154,593.202682,RX,0x1E0,0,,,False,False,False
2026-02-11T14:54:01.181154,593.202682,RX,0x000,128,E0 01 00 00 00 00 00 00,........,False,True,True
2026-02-11T14:54:01.181154,593.202682,RX,0x000,128,00 38 9B 71 80 02 00 00,.8.q....,False,False,False
2026-02-11T14:54:01.181154,593.202682,RX,0x000,0,,,False,False,False
2026-02-11T14:54:01.181154,593.202682,RX,0x1E0,0,,,False,False,False
2026-02-11T14:54:01.182154,593.203682,RX,0x000,128,E0 01 00 00 00 00 00 00,........,False,True,True
2026-02-11T14:54:01.182154,593.203682,RX,0x000,128,00 38 9B 71 80 02 00 00,.8.q....,False,False,False
2026-02-11T14:54:01.182154,593.203682,RX,0x000,0,,,False,False,False
2026-02-11T14:54:01.182154,593.203682,RX,0x1E0,0,,,False,False,False
2026-02-11T14:54:01.182154,593.203682,RX,0x000,128,E0 01 00 00 00 00 00 00,........,False,True,True
2026-02-11T14:54:01.182154,593.203682,RX,0x000,128,00 38 9B 71 80 02 00 00,.8.q....,False,False,False
2026-02-11T14:54:01.182154,593.203682,RX,0x000,0,,,False,False,False
2026-02-11T14:54:01.182667,593.204195,RX,0x1E0,0,,,False,False,False
2026-02-11T14:54:01.182667,593.204195,RX,0x000,128,E0 01 00 00 00 00 00 00,........,False,True,True
2026-02-11T14:54:01.182667,593.204195,RX,0x000,128,00 38 9B 71 80 02 00 00,.8.q....,False,False,False
2026-02-11T14:54:01.182667,593.204195,RX,0x000,0,,,False,False,False
2026-02-11T14:54:01.182667,593.204195,RX,0x1E0,0,,,False,False,False
2026-02-11T14:54:01.182667,593.204195,RX,0x000,128,E0 01 00 00 00 00 00 00,........,False,True,True
2026-02-11T14:54:01.182667,593.204195,RX,0x000,128,00 38 9B 71 80 02 00 00,.8.q....,False,False,False
2026-02-11T14:54:01.183682,593.205210,RX,0x000,0,,,False,False,False
2026-02-11T14:54:01.183682,593.205210,RX,0x1E0,0,,,False,False,False
2026-02-11T14:54:01.183682,593.205210,RX,0x000,128,E0 01 00 00 00 00 00 00,........,False,True,True
2026-02-11T14:54:01.183682,593.205210,RX,0x000,128,00 38 9B 71 80 02 00 00,.8.q....,False,False,False
2026-02-11T14:54:01.183682,593.205210,RX,0x000,0,,,False,False,False
2026-02-11T14:54:01.183682,593.205210,RX,0x1E0,0,,,False,False,False
2026-02-11T14:54:01.183682,593.205210,RX,0x000,128,E0 01 00 00 00 00 00 00,........,False,True,True
2026-02-11T14:54:01.183682,593.205210,RX,0x000,128,00 38 9B 71 80 02 00 00,.8.q....,False,False,False
2026-02-11T14:54:01.183682,593.205210,RX,0x000,0,,,False,False,False
2026-02-11T14:54:01.183682,593.205210,RX,0x1E0,0,,,False,False,False
2026-02-11T14:54:01.183682,593.205210,RX,0x000,128,E0 01 00 00 00 00 00 00,........,False,True,True
2026-02-11T14:54:01.183682,593.205210,RX,0x000,128,00 38 9B 71 80 02 00 00,.8.q....,False,False,False
2026-02-11T14:54:01.184718,593.206246,RX,0x000,0,,,False,False,False
2026-02-11T14:54:01.184718,593.206246,RX,0x1E0,0,,,False,False,False
2026-02-11T14:54:01.184718,593.206246,RX,0x000,128,E0 01 00 00 00 00 00 00,........,False,True,True
2026-02-11T14:54:01.184718,593.206246,RX,0x000,128,00 38 9B 71 80 02 00 00,.8.q....,False,False,False
2026-02-11T14:54:01.184718,593.206246,RX,0x000,0,,,False,False,False
2026-02-11T14:54:01.184718,593.206246,RX,0x1E0,0,,,False,False,False
2026-02-11T14:54:01.184718,593.206246,RX,0x000,128,E0 01 00 00 00 00 00 00,........,False,True,True
2026-02-11T14:54:01.184718,593.206246,RX,0x000,128,00 38 9B 71 80 02 00 00,.8.q....,False,False,False
2026-02-11T14:54:01.184718,593.206246,RX,0x000,0,,,False,False,False
2026-02-11T14:54:01.184718,593.206246,RX,0x1E0,0,,,False,False,False
2026-02-11T14:54:01.184718,593.206246,RX,0x000,128,E0 01 00 00 00 00 00 00,........,False,True,True
2026-02-11T14:54:01.184718,593.206246,RX,0x000,128,00 38 9B 71 80 02 00 00,.8.q....,False,False,False
2026-02-11T14:54:01.184718,593.206246,RX,0x000,0,,,False,False,False
2026-02-11T14:54:01.184718,593.206246,RX,0x1E0,0,,,False,False,False
2026-02-11T14:54:01.184718,593.206246,RX,0x000,128,E0 01 00 00 00 00 00 00,........,False,True,True
2026-02-11T14:54:01.184718,593.206246,RX,0x000,128,00 38 9B 71 80 02 00 00,.8.q....,False,False,False
2026-02-11T14:54:01.185735,593.207263,RX,0x000,0,,,False,False,False
2026-02-11T14:54:01.185735,593.207263,RX,0x1E0,0,,,False,False,False
2026-02-11T14:54:01.185735,593.207263,RX,0x000,128,E0 01 00 00 00 00 00 00,........,False,True,True
2026-02-11T14:54:01.185735,593.207263,RX,0x000,128,00 38 9B 71 80 02 00 00,.8.q....,False,False,False
2026-02-11T14:54:01.185735,593.207263,RX,0x000,0,,,False,False,False
2026-02-11T14:54:01.185735,593.207263,RX,0x1E0,0,,,False,False,False
2026-02-11T14:54:01.185735,593.207263,RX,0x000,128,E0 01 00 00 00 00 00 00,........,False,True,True
2026-02-11T14:54:01.185735,593.207263,RX,0x000,128,00 38 9B 71 80 02 00 00,.8.q....,False,False,False
2026-02-11T14:54:01.185735,593.207263,RX,0x000,0,,,False,False,False
2026-02-11T14:54:01.185735,593.207263,RX,0x1E0,0,,,False,False,False
2026-02-11T14:54:01.185735,593.207263,RX,0x000,128,E0 01 00 00 00 00 00 00,........,False,True,True
2026-02-11T14:54:01.185735,593.207263,RX,0x000,128,00 38 9B 71 80 02 00 00,.8.q....,False,False,False
2026-02-11T14:54:01.185735,593.207263,RX,0x000,0,,,False,False,False
2026-02-11T14:54:01.186741,593.208269,RX,0x1E0,0,,,False,False,False
2026-02-11T14:54:01.186741,593.208269,RX,0x000,128,E0 01 00 00 00 00 00 00,........,False,True,True
2026-02-11T14:54:01.186741,593.208269,RX,0x000,128,00 38 9B 71 80 02 00 00,.8.q....,False,False,False
2026-02-11T14:54:01.186741,593.208269,RX,0x000,0,,,False,False,False
2026-02-11T14:54:01.186741,593.208269,RX,0x1E0,0,,,False,False,False
2026-02-11T14:54:01.186741,593.208269,RX,0x000,128,E0 01 00 00 00 00 00 00,........,False,True,True
2026-02-11T14:54:01.186741,593.208269,RX,0x000,128,00 38 9B 71 80 02 00 00,.8.q....,False,False,False
2026-02-11T14:54:01.186741,593.208269,RX,0x000,0,,,False,False,False
2026-02-11T14:54:01.186741,593.208269,RX,0x1E0,0,,,False,False,False
2026-02-11T14:54:01.186741,593.208269,RX,0x000,128,E0 01 00 00 00 00 00 00,........,False,True,True
2026-02-11T14:54:01.186741,593.208269,RX,0x000,128,00 38 9B 71 80 02 00 00,.8.q....,False,False,False
2026-02-11T14:54:01.186741,593.208269,RX,0x000,0,,,False,False,False
2026-02-11T14:54:01.186741,593.208269,RX,0x1E0,0,,,False,False,False
2026-02-11T14:54:01.186741,593.208269,RX,0x000,128,E0 01 00 00 00 00 00 00,........,False,True,True
2026-02-11T14:54:01.186741,593.208269,RX,0x000,128,00 38 9B 71 80 02 00 00,.8.q....,False,False,False
2026-02-11T14:54:01.186741,593.208269,RX,0x000,0,,,False,False,False
2026-02-11T14:54:01.186741,593.208269,RX,0x1E0,0,,,False,False,False
2026-02-11T14:54:01.186741,593.208269,RX,0x000,128,E0 01 00 00 00 00 00 00,........,False,True,True
2026-02-11T14:54:01.186741,593.208269,RX,0x000,128,00 38 9B 71 80 02 00 00,.8.q....,False,False,False
2026-02-11T14:54:01.186741,593.208269,RX,0x000,0,,,False,False,False
2026-02-11T14:54:01.186741,593.208269,RX,0x1E0,0,,,False,False,False
2026-02-11T14:54:01.186741,593.208269,RX,0x000,128,E0 01 00 00 00 00 00 00,........,False,True,True
2026-02-11T14:54:01.188246,593.209774,RX,0x000,128,00 38 9B 71 80 02 00 00,.8.q....,False,False,False
2026-02-11T14:54:01.188246,593.209774,RX,0x000,0,,,False,False,False
2026-02-11T14:54:01.188246,593.209774,RX,0x1E0,0,,,False,False,False
2026-02-11T14:54:01.188246,593.209774,RX,0x000,128,E0 01 00 00 00 00 00 00,........,False,True,True
2026-02-11T14:54:01.188246,593.209774,RX,0x000,128,00 38 9B 71 80 02 00 00,.8.q....,False,False,False
2026-02-11T14:54:01.188246,593.209774,RX,0x000,0,,,False,False,False
2026-02-11T14:54:01.188246,593.209774,RX,0x1E0,0,,,False,False,False
2026-02-11T14:54:01.188246,593.209774,RX,0x000,128,E0 01 00 00 00 00 00 00,........,False,True,True
2026-02-11T14:54:01.188246,593.209774,RX,0x000,128,00 38 9B 71 80 02 00 00,.8.q....,False,False,False
2026-02-11T14:54:01.188246,593.209774,RX,0x000,0,,,False,False,False
2026-02-11T14:54:01.188246,593.209774,RX,0x1E0,0,,,False,False,False
2026-02-11T14:54:01.188246,593.209774,RX,0x000,128,E0 01 00 00 00 00 00 00,........,False,True,True
2026-02-11T14:54:01.188246,593.209774,RX,0x000,128,00 38 9B 71 80 02 00 00,.8.q....,False,False,False
2026-02-11T14:54:01.188246,593.209774,RX,0x000,0,,,False,False,False
2026-02-11T14:54:01.188246,593.209774,RX,0x1E0,0,,,False,False,False
2026-02-11T14:54:01.188246,593.209774,RX,0x000,128,E0 01 00 00 00 00 00 00,........,False,True,True
2026-02-11T14:54:01.188246,593.209774,RX,0x000,128,00 38 9B 71 80 02 00 00,.8.q....,False,False,False
2026-02-11T14:54:01.189282,593.210810,RX,0x000,0,,,False,False,False
2026-02-11T14:54:01.189282,593.210810,RX,0x1E0,0,,,False,False,False
2026-02-11T14:54:01.189282,593.210810,RX,0x000,128,E0 01 00 00 00 00 00 00,........,False,True,True
2026-02-11T14:54:01.189282,593.210810,RX,0x000,128,00 38 9B 71 80 02 00 00,.8.q....,False,False,False
2026-02-11T14:54:01.189282,593.210810,RX,0x000,0,,,False,False,False
2026-02-11T14:54:01.189282,593.210810,RX,0x1E0,0,,,False,False,False
2026-02-11T14:54:01.189282,593.210810,RX,0x000,128,E0 01 00 00 00 00 00 00,........,False,True,True
2026-02-11T14:54:01.189282,593.210810,RX,0x000,128,00 38 9B 71 80 02 00 00,.8.q....,False,False,False
2026-02-11T14:54:01.189282,593.210810,RX,0x000,0,,,False,False,False
2026-02-11T14:54:01.189282,593.210810,RX,0x1E0,0,,,False,False,False
2026-02-11T14:54:01.189282,593.210810,RX,0x000,128,E0 01 00 00 00 00 00 00,........,False,True,True
2026-02-11T14:54:01.189282,593.210810,RX,0x000,128,00 38 9B 71 80 02 00 00,.8.q....,False,False,False
2026-02-11T14:54:01.189282,593.210810,RX,0x000,0,,,False,False,False
2026-02-11T14:54:01.189282,593.210810,RX,0x1E0,0,,,False,False,False
2026-02-11T14:54:01.189282,593.210810,RX,0x000,128,E0 01 00 00 00 00 00 00,........,False,True,True
2026-02-11T14:54:01.189282,593.210810,RX,0x000,128,00 38 9B 71 80 02 00 00,.8.q....,False,False,False
2026-02-11T14:54:01.189282,593.210810,RX,0x000,0,,,False,False,False
2026-02-11T14:54:01.189282,593.210810,RX,0x1E0,0,,,False,False,False
2026-02-11T14:54:01.190794,593.212322,RX,0x000,128,E0 01 00 00 00 00 00 00,........,False,True,True
2026-02-11T14:54:01.190794,593.212322,RX,0x000,128,00 38 9B 71 80 02 00 00,.8.q....,False,False,False
2026-02-11T14:54:01.190794,593.212322,RX,0x000,0,,,False,False,False
2026-02-11T14:54:01.190794,593.212322,RX,0x1E0,0,,,False,False,False
2026-02-11T14:54:01.190794,593.212322,RX,0x000,128,E0 01 00 00 00 00 00 00,........,False,True,True
2026-02-11T14:54:01.190794,593.212322,RX,0x000,128,00 38 9B 71 80 02 00 00,.8.q....,False,False,False
2026-02-11T14:54:01.190794,593.212322,RX,0x000,0,,,False,False,False
2026-02-11T14:54:01.190794,593.212322,RX,0x1E0,0,,,False,False,False
2026-02-11T14:54:01.191813,593.213341,RX,0x000,128,E0 01 00 00 00 00 00 00,........,False,True,True
2026-02-11T14:54:01.191813,593.213341,RX,0x000,128,00 38 9B 71 80 02 00 00,.8.q....,False,False,False
2026-02-11T14:54:01.191813,593.213341,RX,0x000,0,,,False,False,False
2026-02-11T14:54:01.191813,593.213341,RX,0x1E0,0,,,False,False,False
2026-02-11T14:54:01.191813,593.213341,RX,0x000,128,E0 01 00 00 00 00 00 00,........,False,True,True
2026-02-11T14:54:01.191813,593.213341,RX,0x000,128,00 38 9B 71 80 02 00 00,.8.q....,False,False,False
2026-02-11T14:54:01.191813,593.213341,RX,0x000,0,,,False,False,False
2026-02-11T14:54:01.191813,593.213341,RX,0x1E0,0,,,False,False,False
2026-02-11T14:54:01.191813,593.213341,RX,0x000,128,E0 01 00 00 00 00 00 00,........,False,True,True
2026-02-11T14:54:01.191813,593.213341,RX,0x000,128,00 38 9B 71 80 02 00 00,.8.q....,False,False,False
2026-02-11T14:54:01.191813,593.213341,RX,0x000,0,,,False,False,False
2026-02-11T14:54:01.191813,593.213341,RX,0x1E0,0,,,False,False,False
2026-02-11T14:54:01.191813,593.213341,RX,0x000,128,E0 01 00 00 00 00 00 00,........,False,True,True
2026-02-11T14:54:01.191813,593.213341,RX,0x000,128,00 38 9B 71 80 02 00 00,.8.q....,False,False,False
2026-02-11T14:54:01.191813,593.213341,RX,0x000,0,,,False,False,False
2026-02-11T14:54:01.191813,593.213341,RX,0x1E0,0,,,False,False,False
2026-02-11T14:54:01.191813,593.213341,RX,0x000,128,E0 01 00 00 00 00 00 00,........,False,True,True
2026-02-11T14:54:01.191813,593.213341,RX,0x000,128,00 38 9B 71 80 02 00 00,.8.q....,False,False,False
2026-02-11T14:54:01.192847,593.214375,RX,0x000,0,,,False,False,False
2026-02-11T14:54:01.192847,593.214375,RX,0x1E0,0,,,False,False,False
2026-02-11T14:54:01.192847,593.214375,RX,0x000,128,E0 01 00 00 00 00 00 00,........,False,True,True
2026-02-11T14:54:01.192847,593.214375,RX,0x000,128,00 38 9B 71 80 02 00 00,.8.q....,False,False,False
2026-02-11T14:54:01.192847,593.214375,RX,0x000,0,,,False,False,False
2026-02-11T14:54:01.192847,593.214375,RX,0x1E0,0,,,False,False,False
2026-02-11T14:54:01.192847,593.214375,RX,0x000,128,E0 01 00 00 00 00 00 00,........,False,True,True
2026-02-11T14:54:01.192847,593.214375,RX,0x000,128,00 38 9B 71 80 02 00 00,.8.q....,False,False,False
2026-02-11T14:54:01.192847,593.214375,RX,0x000,0,,,False,False,False
2026-02-11T14:54:01.192847,593.214375,RX,0x1E0,0,,,False,False,False
2026-02-11T14:54:01.192847,593.214375,RX,0x000,128,E0 01 00 00 00 00 00 00,........,False,True,True
2026-02-11T14:54:01.192847,593.214375,RX,0x000,128,00 38 9B 71 80 02 00 00,.8.q....,False,False,False
2026-02-11T14:54:01.192847,593.214375,RX,0x000,0,,,False,False,False
2026-02-11T14:54:01.192847,593.214375,RX,0x1E0,0,,,False,False,False
2026-02-11T14:54:01.192847,593.214375,RX,0x000,128,E0 01 00 00 00 00 00 00,........,False,True,True
2026-02-11T14:54:01.192847,593.214375,RX,0x000,128,00 38 9B 71 80 02 00 00,.8.q....,False,False,False
2026-02-11T14:54:01.193860,593.215388,RX,0x000,0,,,False,False,False
2026-02-11T14:54:01.193860,593.215388,RX,0x1E0,0,,,False,False,False
2026-02-11T14:54:01.193860,593.215388,RX,0x000,128,E0 01 00 00 00 00 00 00,........,False,True,True
2026-02-11T14:54:01.193860,593.215388,RX,0x000,128,00 38 9B 71 80 02 00 00,.8.q....,False,False,False
2026-02-11T14:54:01.193860,593.215388,RX,0x000,0,,,False,False,False
2026-02-11T14:54:01.193860,593.215388,RX,0x1E0,0,,,False,False,False
2026-02-11T14:54:01.193860,593.215388,RX,0x000,128,E0 01 00 00 00 00 00 00,........,False,True,True
2026-02-11T14:54:01.193860,593.215388,RX,0x000,128,00 38 9B 71 80 02 00 00,.8.q....,False,False,False
2026-02-11T14:54:01.193860,593.215388,RX,0x000,0,,,False,False,False
2026-02-11T14:54:01.193860,593.215388,RX,0x1E0,0,,,False,False,False
2026-02-11T14:54:01.193860,593.215388,RX,0x000,128,E0 01 00 00 00 00 00 00,........,False,True,True
2026-02-11T14:54:01.193860,593.215388,RX,0x000,128,00 38 9B 71 80 02 00 00,.8.q....,False,False,False
2026-02-11T14:54:01.193860,593.215388,RX,0x000,0,,,False,False,False
2026-02-11T14:54:01.193860,593.215388,RX,0x1E0,0,,,False,False,False
2026-02-11T14:54:01.193860,593.215388,RX,0x000,128,E0 01 00 00 00 00 00 00,........,False,True,True
2026-02-11T14:54:01.193860,593.215388,RX,0x000,128,00 38 9B 71 80 02 00 00,.8.q....,False,False,False
2026-02-11T14:54:01.193860,593.215388,RX,0x000,0,,,False,False,False
2026-02-11T14:54:01.193860,593.215388,RX,0x1E0,0,,,False,False,False
2026-02-11T14:54:01.193860,593.215388,RX,0x000,128,E0 01 00 00 00 00 00 00,........,False,True,True
2026-02-11T14:54:01.193860,593.215388,RX,0x000,128,00 38 9B 71 80 02 00 00,.8.q....,False,False,False
2026-02-11T14:54:01.193860,593.215388,RX,0x000,0,,,False,False,False
2026-02-11T14:54:01.193860,593.215388,RX,0x1E0,0,,,False,False,False
2026-02-11T14:54:01.193860,593.215388,RX,0x000,128,E0 01 00 00 00 00 00 00,........,False,True,True
2026-02-11T14:54:01.193860,593.215388,RX,0x000,128,00 38 9B 71 80 02 00 00,.8.q....,False,False,False
2026-02-11T14:54:01.193860,593.215388,RX,0x000,0,,,False,False,False
2026-02-11T14:54:01.195372,593.216900,RX,0x1E0,0,,,False,False,False
2026-02-11T14:54:01.195372,593.216900,RX,0x000,128,E0 01 00 00 00 00 00 00,........,False,True,True
2026-02-11T14:54:01.195372,593.216900,RX,0x000,128,00 38 9B 71 80 02 00 00,.8.q....,False,False,False
2026-02-11T14:54:01.195372,593.216900,RX,0x000,0,,,False,False,False
2026-02-11T14:54:01.195372,593.216900,RX,0x1E0,0,,,False,False,False
2026-02-11T14:54:01.195372,593.216900,RX,0x000,128,E0 01 00 00 00 00 00 00,........,False,True,True
2026-02-11T14:54:01.195372,593.216900,RX,0x000,128,00 38 9B 71 80 02 00 00,.8.q....,False,False,False
2026-02-11T14:54:01.195372,593.216900,RX,0x000,0,,,False,False,False
2026-02-11T14:54:01.195372,593.216900,RX,0x1E0,0,,,False,False,False
2026-02-11T14:54:01.196578,593.218106,RX,0x000,128,E0 01 00 00 00 00 00 00,........,False,True,True
2026-02-11T14:54:01.196578,593.218106,RX,0x000,128,00 38 9B 71 80 02 00 00,.8.q....,False,False,False
2026-02-11T14:54:01.196578,593.218106,RX,0x000,0,,,False,False,False
2026-02-11T14:54:01.196578,593.218106,RX,0x1E0,0,,,False,False,False
2026-02-11T14:54:01.196578,593.218106,RX,0x000,128,E0 01 00 00 00 00 00 00,........,False,True,True
2026-02-11T14:54:01.196578,593.218106,RX,0x000,128,00 38 9B 71 80 02 00 00,.8.q....,False,False,False
2026-02-11T14:54:01.196578,593.218106,RX,0x000,0,,,False,False,False
2026-02-11T14:54:01.196578,593.218106,RX,0x1E0,0,,,False,False,False
2026-02-11T14:54:01.196578,593.218106,RX,0x000,128,E0 01 00 00 00 00 00 00,........,False,True,True
2026-02-11T14:54:01.196578,593.218106,RX,0x000,128,00 38 9B 71 80 02 00 00,.8.q....,False,False,False
2026-02-11T14:54:01.196578,593.218106,RX,0x000,0,,,False,False,False
2026-02-11T14:54:01.196578,593.218106,RX,0x1E0,0,,,False,False,False
2026-02-11T14:54:01.196578,593.218106,RX,0x000,128,E0 01 00 00 00 00 00 00,........,False,True,True
2026-02-11T14:54:01.196578,593.218106,RX,0x000,128,00 38 9B 71 80 02 00 00,.8.q....,False,False,False
2026-02-11T14:54:01.196578,593.218106,RX,0x000,0,,,False,False,False
2026-02-11T14:54:01.196578,593.218106,RX,0x1E0,0,,,False,False,False
2026-02-11T14:54:01.196578,593.218106,RX,0x000,128,E0 01 00 00 00 00 00 00,........,False,True,True
2026-02-11T14:54:01.196578,593.218106,RX,0x000,128,00 38 9B 71 80 02 00 00,.8.q....,False,False,False
2026-02-11T14:54:01.196578,593.218106,RX,0x000,0,,,False,False,False
2026-02-11T14:54:01.196578,593.218106,RX,0x1E0,0,,,False,False,False
2026-02-11T14:54:01.196578,593.218106,RX,0x000,128,E0 01 00 00 00 00 00 00,........,False,True,True
2026-02-11T14:54:01.196578,593.218106,RX,0x000,128,00 38 9B 71 80 02 00 00,.8.q....,False,False,False
2026-02-11T14:54:01.196578,593.218106,RX,0x000,0,,,False,False,False
2026-02-11T14:54:01.196578,593.218106,RX,0x1E0,0,,,False,False,False
2026-02-11T14:54:01.198086,593.219615,RX,0x000,128,E0 01 00 00 00 00 00 00,........,False,True,True
2026-02-11T14:54:01.198086,593.219615,RX,0x000,128,00 38 9B 71 80 02 00 00,.8.q....,False,False,False
2026-02-11T14:54:01.198086,593.219615,RX,0x000,0,,,False,False,False
2026-02-11T14:54:01.198086,593.219615,RX,0x1E0,0,,,False,False,False
2026-02-11T14:54:01.198086,593.219615,RX,0x000,128,E0 01 00 00 00 00 00 00,........,False,True,True
2026-02-11T14:54:01.198086,593.219615,RX,0x000,128,00 38 9B 71 80 02 00 00,.8.q....,False,False,False
2026-02-11T14:54:01.198086,593.219615,RX,0x000,0,,,False,False,False
2026-02-11T14:54:01.198086,593.219615,RX,0x1E0,0,,,False,False,False
2026-02-11T14:54:01.198086,593.219615,RX,0x000,128,E0 01 00 00 00 00 00 00,........,False,True,True
2026-02-11T14:54:01.198086,593.219615,RX,0x000,128,00 38 9B 71 80 02 00 00,.8.q....,False,False,False
2026-02-11T14:54:01.198086,593.219615,RX,0x000,0,,,False,False,False
2026-02-11T14:54:01.198086,593.219615,RX,0x1E0,0,,,False,False,False
2026-02-11T14:54:01.198086,593.219615,RX,0x000,128,E0 01 00 00 00 00 00 00,........,False,True,True
2026-02-11T14:54:01.198086,593.219615,RX,0x000,128,00 38 9B 71 80 02 00 00,.8.q....,False,False,False
2026-02-11T14:54:01.198086,593.219615,RX,0x000,0,,,False,False,False
2026-02-11T14:54:01.198086,593.219615,RX,0x1E0,0,,,False,False,False
2026-02-11T14:54:01.198086,593.219615,RX,0x000,128,E0 01 00 00 00 00 00 00,........,False,True,True
2026-02-11T14:54:01.198086,593.219615,RX,0x000,128,00 38 9B 71 80 02 00 00,.8.q....,False,False,False
2026-02-11T14:54:01.198086,593.219615,RX,0x000,0,,,False,False,False
2026-02-11T14:54:01.198086,593.219615,RX,0x1E0,0,,,False,False,False
2026-02-11T14:54:01.199443,593.220971,RX,0x000,128,E0 01 00 00 00 00 00 00,........,False,True,True
2026-02-11T14:54:01.199443,593.220971,RX,0x000,128,00 38 9B 71 80 02 00 00,.8.q....,False,False,False
2026-02-11T14:54:01.199443,593.220971,RX,0x000,0,,,False,False,False
2026-02-11T14:54:01.199443,593.220971,RX,0x1E0,0,,,False,False,False
2026-02-11T14:54:01.199443,593.220971,RX,0x000,128,E0 01 00 00 00 00 00 00,........,False,True,True
2026-02-11T14:54:01.199443,593.220971,RX,0x000,128,00 38 9B 71 80 02 00 00,.8.q....,False,False,False
2026-02-11T14:54:01.199443,593.220971,RX,0x000,0,,,False,False,False
2026-02-11T14:54:01.199443,593.220971,RX,0x1E0,0,,,False,False,False
2026-02-11T14:54:01.199443,593.220971,RX,0x000,128,E0 01 00 00 00 00 00 00,........,False,True,True
2026-02-11T14:54:01.199443,593.220971,RX,0x000,128,00 38 9B 71 80 02 00 00,.8.q....,False,False,False
2026-02-11T14:54:01.199949,593.221477,RX,0x000,0,,,False,False,False
2026-02-11T14:54:01.199949,593.221477,RX,0x1E0,0,,,False,False,False
2026-02-11T14:54:01.199949,593.221477,RX,0x000,128,E0 01 00 00 00 00 00 00,........,False,True,True
2026-02-11T14:54:01.199949,593.221477,RX,0x000,128,00 38 9B 71 80 02 00 00,.8.q....,False,False,False
2026-02-11T14:54:01.199949,593.221477,RX,0x000,0,,,False,False,False
2026-02-11T14:54:01.199949,593.221477,RX,0x1E0,0,,,False,False,False
2026-02-11T14:54:01.199949,593.221477,RX,0x000,128,E0 01 00 00 00 00 00 00,........,False,True,True
2026-02-11T14:54:01.199949,593.221477,RX,0x000,128,00 38 9B 71 80 02 00 00,.8.q....,False,False,False
2026-02-11T14:54:01.199949,593.221477,RX,0x000,0,,,False,False,False
2026-02-11T14:54:01.199949,593.221477,RX,0x1E0,0,,,False,False,False
2026-02-11T14:54:01.199949,593.221477,RX,0x000,128,E0 01 00 00 00 00 00 00,........,False,True,True
2026-02-11T14:54:01.200956,593.221477,RX,0x000,128,00 38 9B 71 80 02 00 00,.8.q....,False,False,False
2026-02-11T14:54:01.200956,593.222484,RX,0x000,0,,,False,False,False
2026-02-11T14:54:01.200956,593.222484,RX,0x1E0,0,,,False,False,False
2026-02-11T14:54:01.200956,593.222484,RX,0x000,128,E0 01 00 00 00 00 00 00,........,False,True,True
2026-02-11T14:54:01.200956,593.222484,RX,0x000,128,00 38 9B 71 80 02 00 00,.8.q....,False,False,False
2026-02-11T14:54:01.200956,593.222484,RX,0x000,0,,,False,False,False
2026-02-11T14:54:01.200956,593.222484,RX,0x1E0,0,,,False,False,False
2026-02-11T14:54:01.200956,593.222484,RX,0x000,128,E0 01 00 00 00 00 00 00,........,False,True,True
2026-02-11T14:54:01.200956,593.222484,RX,0x000,128,00 38 9B 71 80 02 00 00,.8.q....,False,False,False
2026-02-11T14:54:01.201462,593.222990,RX,0x000,0,,,False,False,False
2026-02-11T14:54:01.201462,593.222990,RX,0x1E0,0,,,False,False,False
2026-02-11T14:54:01.201462,593.222990,RX,0x000,128,E0 01 00 00 00 00 00 00,........,False,True,True
2026-02-11T14:54:01.201462,593.222990,RX,0x000,128,00 38 9B 71 80 02 00 00,.8.q....,False,False,False
2026-02-11T14:54:01.201462,593.222990,RX,0x000,0,,,False,False,False
2026-02-11T14:54:01.201462,593.222990,RX,0x1E0,0,,,False,False,False
2026-02-11T14:54:01.201462,593.222990,RX,0x000,128,E0 01 00 00 00 00 00 00,........,False,True,True
2026-02-11T14:54:01.201462,593.222990,RX,0x000,128,00 38 9B 71 80 02 00 00,.8.q....,False,False,False
2026-02-11T14:54:01.201462,593.222990,RX,0x000,0,,,False,False,False
2026-02-11T14:54:01.201462,593.222990,RX,0x1E0,0,,,False,False,False
2026-02-11T14:54:01.201462,593.222990,RX,0x000,128,E0 01 00 00 00 00 00 00,........,False,True,True
2026-02-11T14:54:01.202471,593.222990,RX,0x000,128,00 38 9B 71 80 02 00 00,.8.q....,False,False,False
2026-02-11T14:54:01.202471,593.223999,RX,0x000,0,,,False,False,False
2026-02-11T14:54:01.202471,593.223999,RX,0x1E0,0,,,False,False,False
2026-02-11T14:54:01.202471,593.223999,RX,0x000,128,E0 01 00 00 00 00 00 00,........,False,True,True
2026-02-11T14:54:01.202471,593.223999,RX,0x000,128,00 38 9B 71 80 02 00 00,.8.q....,False,False,False
2026-02-11T14:54:01.202471,593.223999,RX,0x000,0,,,False,False,False
2026-02-11T14:54:01.202471,593.223999,RX,0x1E0,0,,,False,False,False
2026-02-11T14:54:01.203470,593.224998,RX,0x000,128,E0 01 00 00 00 00 00 00,........,False,True,True
2026-02-11T14:54:01.203470,593.224998,RX,0x000,128,00 38 9B 71 80 02 00 00,.8.q....,False,False,False
2026-02-11T14:54:01.203470,593.224998,RX,0x000,0,,,False,False,False
2026-02-11T14:54:01.203470,593.224998,RX,0x1E0,0,,,False,False,False
2026-02-11T14:54:01.203470,593.224998,RX,0x000,128,E0 01 00 00 00 00 00 00,........,False,True,True
2026-02-11T14:54:01.203470,593.224998,RX,0x000,128,00 38 9B 71 80 02 00 00,.8.q....,False,False,False
2026-02-11T14:54:01.203470,593.224998,RX,0x000,0,,,False,False,False
2026-02-11T14:54:01.203470,593.224998,RX,0x1E0,0,,,False,False,False
2026-02-11T14:54:01.203470,593.224998,RX,0x000,128,E0 01 00 00 00 00 00 00,........,False,True,True
2026-02-11T14:54:01.203470,593.224998,RX,0x000,128,00 38 9B 71 80 02 00 00,.8.q....,False,False,False
2026-02-11T14:54:01.203470,593.224998,RX,0x000,0,,,False,False,False
2026-02-11T14:54:01.203470,593.224998,RX,0x1E0,0,,,False,False,False
2026-02-11T14:54:01.204470,593.225998,RX,0x000,128,E0 01 00 00 00 00 00 00,........,False,True,True
2026-02-11T14:54:01.204470,593.225998,RX,0x000,128,00 38 9B 71 80 02 00 00,.8.q....,False,False,False
2026-02-11T14:54:01.204470,593.225998,RX,0x000,0,,,False,False,False
2026-02-11T14:54:01.204470,593.225998,RX,0x1E0,0,,,False,False,False
2026-02-11T14:54:01.204470,593.225998,RX,0x000,128,E0 01 00 00 00 00 00 00,........,False,True,True
2026-02-11T14:54:01.204470,593.225998,RX,0x000,128,00 38 9B 71 80 02 00 00,.8.q....,False,False,False
2026-02-11T14:54:01.204470,593.225998,RX,0x000,0,,,False,False,False
2026-02-11T14:54:01.204470,593.225998,RX,0x1E0,0,,,False,False,False
2026-02-11T14:54:01.204470,593.225998,RX,0x000,128,E0 01 00 00 00 00 00 00,........,False,True,True
2026-02-11T14:54:01.204470,593.225998,RX,0x000,128,00 38 9B 71 80 02 00 00,.8.q....,False,False,False
2026-02-11T14:54:01.204470,593.225998,RX,0x000,0,,,False,False,False
2026-02-11T14:54:01.204470,593.225998,RX,0x1E0,0,,,False,False,False
2026-02-11T14:54:01.204470,593.225998,RX,0x000,128,E0 01 00 00 00 00 00 00,........,False,True,True
2026-02-11T14:54:01.204470,593.225998,RX,0x000,128,00 38 9B 71 80 02 00 00,.8.q....,False,False,False
2026-02-11T14:54:01.205469,593.226997,RX,0x000,0,,,False,False,False
2026-02-11T14:54:01.205469,593.226997,RX,0x1E0,0,,,False,False,False
2026-02-11T14:54:01.205469,593.226997,RX,0x000,128,E0 01 00 00 00 00 00 00,........,False,True,True
2026-02-11T14:54:01.205469,593.226997,RX,0x000,128,00 38 9B 71 80 02 00 00,.8.q....,False,False,False
2026-02-11T14:54:01.205469,593.226997,RX,0x000,0,,,False,False,False
2026-02-11T14:54:01.205469,593.226997,RX,0x1E0,0,,,False,False,False
2026-02-11T14:54:01.205469,593.226997,RX,0x000,128,E0 01 00 00 00 00 00 00,........,False,True,True
2026-02-11T14:54:01.205469,593.226997,RX,0x000,128,00 38 9B 71 80 02 00 00,.8.q....,False,False,False
2026-02-11T14:54:01.205469,593.226997,RX,0x000,0,,,False,False,False
2026-02-11T14:54:01.205469,593.226997,RX,0x1E0,0,,,False,False,False
2026-02-11T14:54:01.205469,593.226997,RX,0x000,128,E0 01 00 00 00 00 00 00,........,False,True,True
2026-02-11T14:54:01.205469,593.226997,RX,0x000,128,00 38 9B 71 80 02 00 00,.8.q....,False,False,False
2026-02-11T14:54:01.205469,593.226997,RX,0x000,0,,,False,False,False
2026-02-11T14:54:01.206469,593.226997,RX,0x1E0,0,,,False,False,False
2026-02-11T14:54:01.206469,593.227997,RX,0x000,128,E0 01 00 00 00 00 00 00,........,False,True,True
2026-02-11T14:54:01.206469,593.227997,RX,0x000,128,00 38 9B 71 80 02 00 00,.8.q....,False,False,False
2026-02-11T14:54:01.206469,593.227997,RX,0x000,0,,,False,False,False
2026-02-11T14:54:01.206469,593.227997,RX,0x1E0,0,,,False,False,False
2026-02-11T14:54:01.206469,593.227997,RX,0x000,128,E0 01 00 00 00 00 00 00,........,False,True,True
2026-02-11T14:54:01.206469,593.227997,RX,0x000,128,00 38 9B 71 80 02 00 00,.8.q....,False,False,False
2026-02-11T14:54:01.206469,593.227997,RX,0x000,0,,,False,False,False
2026-02-11T14:54:01.206469,593.227997,RX,0x1E0,0,,,False,False,False
2026-02-11T14:54:01.206469,593.227997,RX,0x000,128,E0 01 00 00 00 00 00 00,........,False,True,True
2026-02-11T14:54:01.206469,593.227997,RX,0x000,128,00 38 9B 71 80 02 00 00,.8.q....,False,False,False
2026-02-11T14:54:01.206469,593.227997,RX,0x000,0,,,False,False,False
2026-02-11T14:54:01.206469,593.227997,RX,0x1E0,0,,,False,False,False
2026-02-11T14:54:01.206469,593.227997,RX,0x000,128,E0 01 00 00 00 00 00 00,........,False,True,True
2026-02-11T14:54:01.206469,593.227997,RX,0x000,128,00 38 9B 71 80 02 00 00,.8.q....,False,False,False
2026-02-11T14:54:01.206469,593.227997,RX,0x000,0,,,False,False,False
2026-02-11T14:54:01.206469,593.227997,RX,0x1E0,0,,,False,False,False
2026-02-11T14:54:01.206469,593.227997,RX,0x000,128,E0 01 00 00 00 00 00 00,........,False,True,True
2026-02-11T14:54:01.206469,593.227997,RX,0x000,128,00 38 9B 71 80 02 00 00,.8.q....,False,False,False
2026-02-11T14:54:01.206469,593.227997,RX,0x000,0,,,False,False,False
2026-02-11T14:54:01.206469,593.227997,RX,0x1E0,0,,,False,False,False
2026-02-11T14:54:01.206469,593.227997,RX,0x000,128,E0 01 00 00 00 00 00 00,........,False,True,True
2026-02-11T14:54:01.206469,593.227997,RX,0x000,128,00 38 9B 71 80 02 00 00,.8.q....,False,False,False
2026-02-11T14:54:01.206469,593.227997,RX,0x000,0,,,False,False,False
2026-02-11T14:54:01.206469,593.227997,RX,0x1E0,0,,,False,False,False
2026-02-11T14:54:01.206469,593.227997,RX,0x000,128,E0 01 00 00 00 00 00 00,........,False,True,True
2026-02-11T14:54:01.206469,593.227997,RX,0x000,128,00 38 9B 71 80 02 00 00,.8.q....,False,False,False
2026-02-11T14:54:01.206469,593.227997,RX,0x000,0,,,False,False,False
2026-02-11T14:54:01.206469,593.227997,RX,0x1E0,0,,,False,False,False
2026-02-11T14:54:01.206469,593.227997,RX,0x000,128,E0 01 00 00 00 00 00 00,........,False,True,True
2026-02-11T14:54:01.207979,593.229507,RX,0x000,128,00 38 9B 71 80 02 00 00,.8.q....,False,False,False
2026-02-11T14:54:01.207979,593.229507,RX,0x000,0,,,False,False,False
2026-02-11T14:54:01.207979,593.229507,RX,0x1E0,0,,,False,False,False
2026-02-11T14:54:01.207979,593.229507,RX,0x000,128,E0 01 00 00 00 00 00 00,........,False,True,True
2026-02-11T14:54:01.207979,593.229507,RX,0x000,128,00 38 9B 71 80 02 00 00,.8.q....,False,False,False
2026-02-11T14:54:01.207979,593.229507,RX,0x000,0,,,False,False,False
2026-02-11T14:54:01.207979,593.229507,RX,0x1E0,0,,,False,False,False
2026-02-11T14:54:01.207979,593.229507,RX,0x000,128,E0 01 00 00 00 00 00 00,........,False,True,True
2026-02-11T14:54:01.207979,593.229507,RX,0x000,128,00 38 9B 71 80 02 00 00,.8.q....,False,False,False
2026-02-11T14:54:01.208992,593.230520,RX,0x000,0,,,False,False,False
2026-02-11T14:54:01.208992,593.230520,RX,0x1E0,0,,,False,False,False
2026-02-11T14:54:01.208992,593.230520,RX,0x000,128,E0 01 00 00 00 00 00 00,........,False,True,True
2026-02-11T14:54:01.208992,593.230520,RX,0x000,128,00 38 9B 71 80 02 00 00,.8.q....,False,False,False
2026-02-11T14:54:01.208992,593.230520,RX,0x000,0,,,False,False,False
2026-02-11T14:54:01.208992,593.230520,RX,0x1E0,0,,,False,False,False
2026-02-11T14:54:01.208992,593.230520,RX,0x000,128,E0 01 00 00 00 00 00 00,........,False,True,True
2026-02-11T14:54:01.208992,593.230520,RX,0x000,128,00 38 9B 71 80 02 00 00,.8.q....,False,False,False
2026-02-11T14:54:01.208992,593.230520,RX,0x000,0,,,False,False,False
2026-02-11T14:54:01.208992,593.230520,RX,0x1E0,0,,,False,False,False
2026-02-11T14:54:01.208992,593.230520,RX,0x000,128,E0 01 00 00 00 00 00 00,........,False,True,True
2026-02-11T14:54:01.208992,593.230520,RX,0x000,128,00 38 9B 71 80 02 00 00,.8.q....,False,False,False
2026-02-11T14:54:01.208992,593.230520,RX,0x000,0,,,False,False,False
2026-02-11T14:54:01.208992,593.230520,RX,0x1E0,0,,,False,False,False
2026-02-11T14:54:01.208992,593.230520,RX,0x000,128,E0 01 00 00 00 00 00 00,........,False,True,True
2026-02-11T14:54:01.208992,593.230520,RX,0x000,128,00 38 9B 71 80 02 00 00,.8.q....,False,False,False
2026-02-11T14:54:01.209993,593.231521,RX,0x000,0,,,False,False,False
2026-02-11T14:54:01.209993,593.231521,RX,0x1E0,0,,,False,False,False
2026-02-11T14:54:01.209993,593.231521,RX,0x000,128,E0 01 00 00 00 00 00 00,........,False,True,True
2026-02-11T14:54:01.209993,593.231521,RX,0x000,128,00 38 9B 71 80 02 00 00,.8.q....,False,False,False
2026-02-11T14:54:01.209993,593.231521,RX,0x000,0,,,False,False,False
2026-02-11T14:54:01.209993,593.231521,RX,0x1E0,0,,,False,False,False
2026-02-11T14:54:01.209993,593.231521,RX,0x000,128,E0 01 00 00 00 00 00 00,........,False,True,True
2026-02-11T14:54:01.209993,593.231521,RX,0x000,128,00 38 9B 71 80 02 00 00,.8.q....,False,False,False
2026-02-11T14:54:01.210993,593.232521,RX,0x000,0,,,False,False,False
2026-02-11T14:54:01.210993,593.232521,RX,0x1E0,0,,,False,False,False
2026-02-11T14:54:01.210993,593.232521,RX,0x000,128,E0 01 00 00 00 00 00 00,........,False,True,True
2026-02-11T14:54:01.210993,593.232521,RX,0x000,128,00 38 9B 71 80 02 00 00,.8.q....,False,False,False
2026-02-11T14:54:01.210993,593.232521,RX,0x000,0,,,False,False,False
2026-02-11T14:54:01.210993,593.232521,RX,0x1E0,0,,,False,False,False
2026-02-11T14:54:01.210993,593.232521,RX,0x000,128,E0 01 00 00 00 00 00 00,........,False,True,True
2026-02-11T14:54:01.210993,593.232521,RX,0x000,128,00 38 9B 71 80 02 00 00,.8.q....,False,False,False
2026-02-11T14:54:01.211996,593.233524,RX,0x000,0,,,False,False,False
2026-02-11T14:54:01.211996,593.233524,RX,0x1E0,0,,,False,False,False
2026-02-11T14:54:01.211996,593.233524,RX,0x000,128,E0 01 00 00 00 00 00 00,........,False,True,True
2026-02-11T14:54:01.211996,593.233524,RX,0x000,128,00 38 9B 71 80 02 00 00,.8.q....,False,False,False
2026-02-11T14:54:01.211996,593.233524,RX,0x000,0,,,False,False,False
2026-02-11T14:54:01.211996,593.233524,RX,0x1E0,0,,,False,False,False
2026-02-11T14:54:01.211996,593.233524,RX,0x000,128,E0 01 00 00 00 00 00 00,........,False,True,True
2026-02-11T14:54:01.211996,593.233524,RX,0x000,128,00 38 9B 71 80 02 00 00,.8.q....,False,False,False
2026-02-11T14:54:01.211996,593.233524,RX,0x000,0,,,False,False,False
2026-02-11T14:54:01.213100,593.234628,RX,0x1E0,0,,,False,False,False
2026-02-11T14:54:01.213100,593.234628,RX,0x000,128,E0 01 00 00 00 00 00 00,........,False,True,True
2026-02-11T14:54:01.213100,593.234628,RX,0x000,128,00 38 9B 71 80 02 00 00,.8.q....,False,False,False
2026-02-11T14:54:01.213100,593.234628,RX,0x000,0,,,False,False,False
2026-02-11T14:54:01.213100,593.234628,RX,0x1E0,0,,,False,False,False
2026-02-11T14:54:01.213100,593.234628,RX,0x000,128,E0 01 00 00 00 00 00 00,........,False,True,True
2026-02-11T14:54:01.213100,593.234628,RX,0x000,128,00 38 9B 71 80 02 00 00,.8.q....,False,False,False
2026-02-11T14:54:01.213100,593.234628,RX,0x000,0,,,False,False,False
2026-02-11T14:54:01.213100,593.234628,RX,0x1E0,0,,,False,False,False
2026-02-11T14:54:01.213100,593.234628,RX,0x000,128,E0 01 00 00 00 00 00 00,........,False,True,True
2026-02-11T14:54:01.213100,593.234628,RX,0x000,128,00 38 9B 71 80 02 00 00,.8.q....,False,False,False
2026-02-11T14:54:01.213100,593.234628,RX,0x000,0,,,False,False,False
2026-02-11T14:54:01.213100,593.234628,RX,0x1E0,0,,,False,False,False
2026-02-11T14:54:01.213100,593.234628,RX,0x000,128,E0 01 00 00 00 00 00 00,........,False,True,True
2026-02-11T14:54:01.214168,593.235696,RX,0x000,128,00 38 9B 71 80 02 00 00,.8.q....,False,False,False
2026-02-11T14:54:01.214168,593.235696,RX,0x000,0,,,False,False,False
2026-02-11T14:54:01.214168,593.235696,RX,0x1E0,0,,,False,False,False
2026-02-11T14:54:01.214168,593.235696,RX,0x000,128,E0 01 00 00 00 00 00 00,........,False,True,True
2026-02-11T14:54:01.214168,593.235696,RX,0x000,128,00 38 9B 71 80 02 00 00,.8.q....,False,False,False
2026-02-11T14:54:01.214168,593.235696,RX,0x000,0,,,False,False,False
2026-02-11T14:54:01.214168,593.235696,RX,0x1E0,0,,,False,False,False
2026-02-11T14:54:01.214168,593.235696,RX,0x000,128,E0 01 00 00 00 00 00 00,........,False,True,True
2026-02-11T14:54:01.214168,593.235696,RX,0x000,128,00 38 9B 71 80 02 00 00,.8.q....,False,False,False
2026-02-11T14:54:01.214168,593.235696,RX,0x000,0,,,False,False,False
2026-02-11T14:54:01.214168,593.235696,RX,0x1E0,0,,,False,False,False
2026-02-11T14:54:01.214168,593.235696,RX,0x000,128,E0 01 00 00 00 00 00 00,........,False,True,True
2026-02-11T14:54:01.214168,593.235696,RX,0x000,128,00 38 9B 71 80 02 00 00,.8.q....,False,False,False
2026-02-11T14:54:01.214168,593.235696,RX,0x000,0,,,False,False,False
2026-02-11T14:54:01.214168,593.235696,RX,0x1E0,0,,,False,False,False
2026-02-11T14:54:01.214168,593.235696,RX,0x000,128,E0 01 00 00 00 00 00 00,........,False,True,True
2026-02-11T14:54:01.214168,593.235696,RX,0x000,128,00 38 9B 71 80 02 00 00,.8.q....,False,False,False
2026-02-11T14:54:01.214168,593.235696,RX,0x000,0,,,False,False,False
2026-02-11T14:54:01.214168,593.235696,RX,0x1E0,0,,,False,False,False
2026-02-11T14:54:01.214168,593.235696,RX,0x000,128,E0 01 00 00 00 00 00 00,........,False,True,True
2026-02-11T14:54:01.214168,593.235696,RX,0x000,128,00 38 9B 71 80 02 00 00,.8.q....,False,False,False
2026-02-11T14:54:01.215253,593.236781,RX,0x000,0,,,False,False,False
2026-02-11T14:54:01.215253,593.236781,RX,0x1E0,0,,,False,False,False
2026-02-11T14:54:01.215253,593.236781,RX,0x000,128,E0 01 00 00 00 00 00 00,........,False,True,True
2026-02-11T14:54:01.215253,593.236781,RX,0x000,128,00 38 9B 71 80 02 00 00,.8.q....,False,False,False
2026-02-11T14:54:01.215253,593.236781,RX,0x000,0,,,False,False,False
2026-02-11T14:54:01.215253,593.236781,RX,0x1E0,0,,,False,False,False
2026-02-11T14:54:01.215253,593.236781,RX,0x000,128,E0 01 00 00 00 00 00 00,........,False,True,True
2026-02-11T14:54:01.215253,593.236781,RX,0x000,128,00 38 9B 71 80 02 00 00,.8.q....,False,False,False
2026-02-11T14:54:01.215253,593.236781,RX,0x000,0,,,False,False,False
2026-02-11T14:54:01.215253,593.236781,RX,0x1E0,0,,,False,False,False
2026-02-11T14:54:01.215253,593.236781,RX,0x000,128,E0 01 00 00 00 00 00 00,........,False,True,True
2026-02-11T14:54:01.215253,593.236781,RX,0x000,128,00 38 9B 71 80 02 00 00,.8.q....,False,False,False
2026-02-11T14:54:01.215253,593.236781,RX,0x000,0,,,False,False,False
2026-02-11T14:54:01.215253,593.236781,RX,0x1E0,0,,,False,False,False
2026-02-11T14:54:01.215253,593.236781,RX,0x000,128,E0 01 00 00 00 00 00 00,........,False,True,True
2026-02-11T14:54:01.215253,593.236781,RX,0x000,128,00 38 9B 71 80 02 00 00,.8.q....,False,False,False
2026-02-11T14:54:01.215253,593.236781,RX,0x000,0,,,False,False,False
2026-02-11T14:54:01.215253,593.236781,RX,0x1E0,0,,,False,False,False
2026-02-11T14:54:01.215253,593.236781,RX,0x000,128,E0 01 00 00 00 00 00 00,........,False,True,True
2026-02-11T14:54:01.215253,593.236781,RX,0x000,128,00 38 9B 71 80 02 00 00,.8.q....,False,False,False
2026-02-11T14:54:01.216334,593.237862,RX,0x000,0,,,False,False,False
2026-02-11T14:54:01.216334,593.237862,RX,0x1E0,0,,,False,False,False
2026-02-11T14:54:01.216334,593.237862,RX,0x000,128,E0 01 00 00 00 00 00 00,........,False,True,True
2026-02-11T14:54:01.216334,593.237862,RX,0x000,128,00 38 9B 71 80 02 00 00,.8.q....,False,False,False
2026-02-11T14:54:01.216334,593.237862,RX,0x000,0,,,False,False,False
2026-02-11T14:54:01.216334,593.237862,RX,0x1E0,0,,,False,False,False
2026-02-11T14:54:01.216334,593.237862,RX,0x000,128,E0 01 00 00 00 00 00 00,........,False,True,True
2026-02-11T14:54:01.216334,593.237862,RX,0x000,128,00 38 9B 71 80 02 00 00,.8.q....,False,False,False
2026-02-11T14:54:01.216334,593.237862,RX,0x000,0,,,False,False,False
2026-02-11T14:54:01.216334,593.237862,RX,0x1E0,0,,,False,False,False
2026-02-11T14:54:01.216334,593.237862,RX,0x000,128,E0 01 00 00 00 00 00 00,........,False,True,True
2026-02-11T14:54:01.216334,593.237862,RX,0x000,128,00 38 9B 71 80 02 00 00,.8.q....,False,False,False
2026-02-11T14:54:01.216334,593.237862,RX,0x000,0,,,False,False,False
2026-02-11T14:54:01.216334,593.237862,RX,0x1E0,0,,,False,False,False
2026-02-11T14:54:01.216334,593.237862,RX,0x000,128,E0 01 00 00 00 00 00 00,........,False,True,True
2026-02-11T14:54:01.216334,593.237862,RX,0x000,128,00 38 9B 71 80 02 00 00,.8.q....,False,False,False
2026-02-11T14:54:01.216334,593.237862,RX,0x000,0,,,False,False,False
2026-02-11T14:54:01.217851,593.237862,RX,0x1E0,0,,,False,False,False
2026-02-11T14:54:01.217851,593.239379,RX,0x000,128,E0 01 00 00 00 00 00 00,........,False,True,True
2026-02-11T14:54:01.217851,593.239379,RX,0x000,128,00 38 9B 71 80 02 00 00,.8.q....,False,False,False
2026-02-11T14:54:01.217851,593.239379,RX,0x000,0,,,False,False,False
2026-02-11T14:54:01.217851,593.239379,RX,0x1E0,0,,,False,False,False
2026-02-11T14:54:01.217851,593.239379,RX,0x000,128,E0 01 00 00 00 00 00 00,........,False,True,True
2026-02-11T14:54:01.217851,593.239379,RX,0x000,128,00 38 9B 71 80 02 00 00,.8.q....,False,False,False
2026-02-11T14:54:01.217851,593.239379,RX,0x000,0,,,False,False,False
2026-02-11T14:54:01.217851,593.239379,RX,0x1E0,0,,,False,False,False
2026-02-11T14:54:01.217851,593.239379,RX,0x000,128,E0 01 00 00 00 00 00 00,........,False,True,True
2026-02-11T14:54:01.217851,593.239379,RX,0x000,128,00 38 9B 71 80 02 00 00,.8.q....,False,False,False
2026-02-11T14:54:01.217851,593.239379,RX,0x000,0,,,False,False,False
2026-02-11T14:54:01.217851,593.239379,RX,0x1E0,0,,,False,False,False
2026-02-11T14:54:01.217851,593.239379,RX,0x000,128,E0 01 00 00 00 00 00 00,........,False,True,True
2026-02-11T14:54:01.217851,593.239379,RX,0x000,128,00 38 9B 71 80 02 00 00,.8.q....,False,False,False
2026-02-11T14:54:01.217851,593.239379,RX,0x000,0,,,False,False,False
2026-02-11T14:54:01.217851,593.239379,RX,0x1E0,0,,,False,False,False
2026-02-11T14:54:01.217851,593.239379,RX,0x000,128,E0 01 00 00 00 00 00 00,........,False,True,True
2026-02-11T14:54:01.217851,593.239379,RX,0x000,128,00 38 9B 71 80 02 00 00,.8.q....,False,False,False
2026-02-11T14:54:01.218922,593.240450,RX,0x000,0,,,False,False,False
2026-02-11T14:54:01.218922,593.240450,RX,0x1E0,0,,,False,False,False
2026-02-11T14:54:01.218922,593.240450,RX,0x000,128,E0 01 00 00 00 00 00 00,........,False,True,True
2026-02-11T14:54:01.218922,593.240450,RX,0x000,128,00 38 9B 71 80 02 00 00,.8.q....,False,False,False
2026-02-11T14:54:01.218922,593.240450,RX,0x000,0,,,False,False,False
2026-02-11T14:54:01.218922,593.240450,RX,0x1E0,0,,,False,False,False
2026-02-11T14:54:01.218922,593.240450,RX,0x000,128,E0 01 00 00 00 00 00 00,........,False,True,True
2026-02-11T14:54:01.218922,593.240450,RX,0x000,128,00 38 9B 71 80 02 00 00,.8.q....,False,False,False
2026-02-11T14:54:01.218922,593.240450,RX,0x000,0,,,False,False,False
2026-02-11T14:54:01.218922,593.240450,RX,0x1E0,0,,,False,False,False
2026-02-11T14:54:01.218922,593.240450,RX,0x000,128,E0 01 00 00 00 00 00 00,........,False,True,True
2026-02-11T14:54:01.218922,593.240450,RX,0x000,128,00 38 9B 71 80 02 00 00,.8.q....,False,False,False
2026-02-11T14:54:01.218922,593.240450,RX,0x000,0,,,False,False,False
2026-02-11T14:54:01.218922,593.240450,RX,0x1E0,0,,,False,False,False
2026-02-11T14:54:01.218922,593.240450,RX,0x000,128,E0 01 00 00 00 00 00 00,........,False,True,True
2026-02-11T14:54:01.218922,593.240450,RX,0x000,128,00 38 9B 71 80 02 00 00,.8.q....,False,False,False
2026-02-11T14:54:01.218922,593.240450,RX,0x000,0,,,False,False,False
2026-02-11T14:54:01.220070,593.241598,RX,0x1E0,0,,,False,False,False
2026-02-11T14:54:01.220070,593.241598,RX,0x000,128,E0 01 00 00 00 00 00 00,........,False,True,True
2026-02-11T14:54:01.220070,593.241598,RX,0x000,128,00 38 9B 71 80 02 00 00,.8.q....,False,False,False
2026-02-11T14:54:01.220070,593.241598,RX,0x000,0,,,False,False,False
2026-02-11T14:54:01.220070,593.241598,RX,0x1E0,0,,,False,False,False
2026-02-11T14:54:01.220070,593.241598,RX,0x000,128,E0 01 00 00 00 00 00 00,........,False,True,True
2026-02-11T14:54:01.220070,593.241598,RX,0x000,128,00 38 9B 71 80 02 00 00,.8.q....,False,False,False
2026-02-11T14:54:01.220070,593.241598,RX,0x000,0,,,False,False,False
2026-02-11T14:54:01.220070,593.241598,RX,0x1E0,0,,,False,False,False
2026-02-11T14:54:01.220070,593.241598,RX,0x000,128,E0 01 00 00 00 00 00 00,........,False,True,True
2026-02-11T14:54:01.220070,593.241598,RX,0x000,128,00 38 9B 71 80 02 00 00,.8.q....,False,False,False
2026-02-11T14:54:01.220070,593.241598,RX,0x000,0,,,False,False,False
2026-02-11T14:54:01.220070,593.241598,RX,0x1E0,0,,,False,False,False
2026-02-11T14:54:01.220070,593.241598,RX,0x000,128,E0 01 00 00 00 00 00 00,........,False,True,True
2026-02-11T14:54:01.220070,593.241598,RX,0x000,128,00 38 9B 71 80 02 00 00,.8.q....,False,False,False
2026-02-11T14:54:01.220070,593.241598,RX,0x000,0,,,False,False,False
2026-02-11T14:54:01.220070,593.241598,RX,0x1E0,0,,,False,False,False
2026-02-11T14:54:01.221338,593.242866,RX,0x000,128,E0 01 00 00 00 00 00 00,........,False,True,True
2026-02-11T14:54:01.221338,593.242866,RX,0x000,128,00 38 9B 71 80 02 00 00,.8.q....,False,False,False
2026-02-11T14:54:01.221338,593.242866,RX,0x000,0,,,False,False,False
2026-02-11T14:54:01.221338,593.242866,RX,0x1E0,0,,,False,False,False
2026-02-11T14:54:01.221338,593.242866,RX,0x000,128,E0 01 00 00 00 00 00 00,........,False,True,True
2026-02-11T14:54:01.221338,593.242866,RX,0x000,128,00 38 9B 71 80 02 00 00,.8.q....,False,False,False
2026-02-11T14:54:01.221338,593.242866,RX,0x000,0,,,False,False,False
2026-02-11T14:54:01.221338,593.242866,RX,0x1E0,0,,,False,False,False
2026-02-11T14:54:01.221338,593.242866,RX,0x000,128,E0 01 00 00 00 00 00 00,........,False,True,True
2026-02-11T14:54:01.221338,593.242866,RX,0x000,128,00 38 9B 71 80 02 00 00,.8.q....,False,False,False
2026-02-11T14:54:01.221338,593.242866,RX,0x000,0,,,False,False,False
2026-02-11T14:54:01.221338,593.242866,RX,0x1E0,0,,,False,False,False
2026-02-11T14:54:01.221338,593.242866,RX,0x000,128,E0 01 00 00 00 00 00 00,........,False,True,True
2026-02-11T14:54:01.221338,593.242866,RX,0x000,128,00 38 9B 71 80 02 00 00,.8.q....,False,False,False
2026-02-11T14:54:01.221338,593.242866,RX,0x000,0,,,False,False,False
2026-02-11T14:54:01.221338,593.242866,RX,0x1E0,0,,,False,False,False
2026-02-11T14:54:01.221338,593.242866,RX,0x000,128,E0 01 00 00 00 00 00 00,........,False,True,True
2026-02-11T14:54:01.221338,593.242866,RX,0x000,128,00 38 9B 71 80 02 00 00,.8.q....,False,False,False
2026-02-11T14:54:01.222362,593.243890,RX,0x000,0,,,False,False,False
2026-02-11T14:54:01.222362,593.243890,RX,0x1E0,0,,,False,False,False
2026-02-11T14:54:01.222362,593.243890,RX,0x000,128,E0 01 00 00 00 00 00 00,........,False,True,True
2026-02-11T14:54:01.222362,593.243890,RX,0x000,128,00 38 9B 71 80 02 00 00,.8.q....,False,False,False
2026-02-11T14:54:01.222362,593.243890,RX,0x000,0,,,False,False,False
2026-02-11T14:54:01.222362,593.243890,RX,0x1E0,0,,,False,False,False
2026-02-11T14:54:01.222362,593.243890,RX,0x000,128,E0 01 00 00 00 00 00 00,........,False,True,True
2026-02-11T14:54:01.222362,593.243890,RX,0x000,128,00 38 9B 71 80 02 00 00,.8.q....,False,False,False
2026-02-11T14:54:01.222362,593.243890,RX,0x000,0,,,False,False,False
2026-02-11T14:54:01.222362,593.243890,RX,0x1E0,0,,,False,False,False
2026-02-11T14:54:01.222362,593.243890,RX,0x000,128,E0 01 00 00 00 00 00 00,........,False,True,True
2026-02-11T14:54:01.222362,593.243890,RX,0x000,128,00 38 9B 71 80 02 00 00,.8.q....,False,False,False
2026-02-11T14:54:01.222362,593.243890,RX,0x000,0,,,False,False,False
2026-02-11T14:54:01.222362,593.243890,RX,0x1E0,0,,,False,False,False
2026-02-11T14:54:01.222362,593.243890,RX,0x000,128,E0 01 00 00 00 00 00 00,........,False,True,True
2026-02-11T14:54:01.222362,593.243890,RX,0x000,128,00 38 9B 71 80 02 00 00,.8.q....,False,False,False
2026-02-11T14:54:01.222362,593.243890,RX,0x000,0,,,False,False,False
2026-02-11T14:54:01.222362,593.243890,RX,0x1E0,0,,,False,False,False
2026-02-11T14:54:01.222362,593.243890,RX,0x000,128,E0 01 00 00 00 00 00 00,........,False,True,True
2026-02-11T14:54:01.222362,593.243890,RX,0x000,128,00 38 9B 71 80 02 00 00,.8.q....,False,False,False
2026-02-11T14:54:01.222362,593.243890,RX,0x000,0,,,False,False,False
2026-02-11T14:54:01.222362,593.243890,RX,0x1E0,0,,,False,False,False
2026-02-11T14:54:01.222362,593.243890,RX,0x000,128,E0 01 00 00 00 00 00 00,........,False,True,True
2026-02-11T14:54:01.223371,593.244899,RX,0x000,128,00 38 9B 71 80 02 00 00,.8.q....,False,False,False
2026-02-11T14:54:01.223371,593.244899,RX,0x000,0,,,False,False,False
2026-02-11T14:54:01.223371,593.244899,RX,0x1E0,0,,,False,False,False
2026-02-11T14:54:01.223371,593.244899,RX,0x000,128,E0 01 00 00 00 00 00 00,........,False,True,True
2026-02-11T14:54:01.223371,593.244899,RX,0x000,128,00 38 9B 71 80 02 00 00,.8.q....,False,False,False
2026-02-11T14:54:01.223371,593.244899,RX,0x000,0,,,False,False,False
2026-02-11T14:54:01.223371,593.244899,RX,0x1E0,0,,,False,False,False
2026-02-11T14:54:01.223371,593.244899,RX,0x000,128,E0 01 00 00 00 00 00 00,........,False,True,True
2026-02-11T14:54:01.223371,593.244899,RX,0x000,128,00 38 9B 71 80 02 00 00,.8.q....,False,False,False
2026-02-11T14:54:01.223371,593.244899,RX,0x000,0,,,False,False,False
2026-02-11T14:54:01.223371,593.244899,RX,0x1E0,0,,,False,False,False
2026-02-11T14:54:01.223371,593.244899,RX,0x000,128,E0 01 00 00 00 00 00 00,........,False,True,True
2026-02-11T14:54:01.223371,593.244899,RX,0x000,128,00 38 9B 71 80 02 00 00,.8.q....,False,False,False
2026-02-11T14:54:01.223371,593.244899,RX,0x000,0,,,False,False,False
2026-02-11T14:54:01.223371,593.244899,RX,0x1E0,0,,,False,False,False
2026-02-11T14:54:01.223371,593.244899,RX,0x000,128,E0 01 00 00 00 00 00 00,........,False,True,True
2026-02-11T14:54:01.223371,593.244899,RX,0x000,128,00 38 9B 71 80 02 00 00,.8.q....,False,False,False
2026-02-11T14:54:01.223371,593.244899,RX,0x000,0,,,False,False,False
2026-02-11T14:54:01.223371,593.244899,RX,0x1E0,0,,,False,False,False
2026-02-11T14:54:01.223371,593.244899,RX,0x000,128,E0 01 00 00 00 00 00 00,........,False,True,True
2026-02-11T14:54:01.223371,593.244899,RX,0x000,128,00 38 9B 71 80 02 00 00,.8.q....,False,False,False
2026-02-11T14:54:01.224389,593.245917,RX,0x000,0,,,False,False,False
2026-02-11T14:54:01.224389,593.245917,RX,0x1E0,0,,,False,False,False
2026-02-11T14:54:01.224389,593.245917,RX,0x000,128,E0 01 00 00 00 00 00 00,........,False,True,True
2026-02-11T14:54:01.224389,593.245917,RX,0x000,128,00 38 9B 71 80 02 00 00,.8.q....,False,False,False
2026-02-11T14:54:01.224389,593.245917,RX,0x000,0,,,False,False,False
2026-02-11T14:54:01.224389,593.245917,RX,0x1E0,0,,,False,False,False
2026-02-11T14:54:01.224389,593.245917,RX,0x000,128,E0 01 00 00 00 00 00 00,........,False,True,True
2026-02-11T14:54:01.224389,593.245917,RX,0x000,128,00 38 9B 71 80 02 00 00,.8.q....,False,False,False
2026-02-11T14:54:01.224389,593.245917,RX,0x000,0,,,False,False,False
2026-02-11T14:54:01.224389,593.245917,RX,0x1E0,0,,,False,False,False
2026-02-11T14:54:01.224389,593.245917,RX,0x000,128,E0 01 00 00 00 00 00 00,........,False,True,True
2026-02-11T14:54:01.224389,593.245917,RX,0x000,128,00 38 9B 71 80 02 00 00,.8.q....,False,False,False
2026-02-11T14:54:01.224389,593.245917,RX,0x000,0,,,False,False,False
2026-02-11T14:54:01.224389,593.245917,RX,0x1E0,0,,,False,False,False
2026-02-11T14:54:01.224389,593.245917,RX,0x000,128,E0 01 00 00 00 00 00 00,........,False,True,True
2026-02-11T14:54:01.224389,593.245917,RX,0x000,128,00 38 9B 71 80 02 00 00,.8.q....,False,False,False
2026-02-11T14:54:01.224389,593.245917,RX,0x000,0,,,False,False,False
2026-02-11T14:54:01.224389,593.245917,RX,0x1E0,0,,,False,False,False
2026-02-11T14:54:01.225407,593.246935,RX,0x000,128,E0 01 00 00 00 00 00 00,........,False,True,True
2026-02-11T14:54:01.225407,593.246935,RX,0x000,128,00 38 9B 71 80 02 00 00,.8.q....,False,False,False
2026-02-11T14:54:01.225407,593.246935,RX,0x000,0,,,False,False,False
2026-02-11T14:54:01.225407,593.246935,RX,0x1E0,0,,,False,False,False
2026-02-11T14:54:01.225407,593.246935,RX,0x000,128,E0 01 00 00 00 00 00 00,........,False,True,True
2026-02-11T14:54:01.225407,593.246935,RX,0x000,128,00 38 9B 71 80 02 00 00,.8.q....,False,False,False
2026-02-11T14:54:01.225407,593.246935,RX,0x000,0,,,False,False,False
2026-02-11T14:54:01.225407,593.246935,RX,0x1E0,0,,,False,False,False
2026-02-11T14:54:01.225407,593.246935,RX,0x000,128,E0 01 00 00 00 00 00 00,........,False,True,True
2026-02-11T14:54:01.225407,593.246935,RX,0x000,128,00 38 9B 71 80 02 00 00,.8.q....,False,False,False
2026-02-11T14:54:01.225407,593.246935,RX,0x000,0,,,False,False,False
2026-02-11T14:54:01.225407,593.246935,RX,0x1E0,0,,,False,False,False
2026-02-11T14:54:01.225407,593.246935,RX,0x000,128,E0 01 00 00 00 00 00 00,........,False,True,True
2026-02-11T14:54:01.226424,593.247952,RX,0x000,128,00 38 9B 71 80 02 00 00,.8.q....,False,False,False
2026-02-11T14:54:01.226424,593.247952,RX,0x000,0,,,False,False,False
2026-02-11T14:54:01.226424,593.247952,RX,0x1E0,0,,,False,False,False
2026-02-11T14:54:01.226424,593.247952,RX,0x000,128,E0 01 00 00 00 00 00 00,........,False,True,True
2026-02-11T14:54:01.226424,593.247952,RX,0x000,128,00 38 9B 71 80 02 00 00,.8.q....,False,False,False
2026-02-11T14:54:01.226424,593.247952,RX,0x000,0,,,False,False,False
2026-02-11T14:54:01.226424,593.247952,RX,0x1E0,0,,,False,False,False
2026-02-11T14:54:01.226424,593.247952,RX,0x000,128,E0 01 00 00 00 00 00 00,........,False,True,True
2026-02-11T14:54:01.226424,593.247952,RX,0x000,128,00 38 9B 71 80 02 00 00,.8.q....,False,False,False
2026-02-11T14:54:01.226424,593.247952,RX,0x000,0,,,False,False,False
2026-02-11T14:54:01.226424,593.247952,RX,0x1E0,0,,,False,False,False
2026-02-11T14:54:01.226424,593.247952,RX,0x000,128,E0 01 00 00 00 00 00 00,........,False,True,True
2026-02-11T14:54:01.226424,593.247952,RX,0x000,128,00 38 9B 71 80 02 00 00,.8.q....,False,False,False
2026-02-11T14:54:01.226424,593.247952,RX,0x000,0,,,False,False,False
2026-02-11T14:54:01.226424,593.247952,RX,0x1E0,0,,,False,False,False
2026-02-11T14:54:01.226424,593.247952,RX,0x000,128,E0 01 00 00 00 00 00 00,........,False,True,True
2026-02-11T14:54:01.226424,593.247952,RX,0x000,128,00 38 9B 71 80 02 00 00,.8.q....,False,False,False
2026-02-11T14:54:01.226424,593.247952,RX,0x000,0,,,False,False,False
2026-02-11T14:54:01.226424,593.247952,RX,0x1E0,0,,,False,False,False
2026-02-11T14:54:01.226424,593.247952,RX,0x000,128,E0 01 00 00 00 00 00 00,........,False,True,True
2026-02-11T14:54:01.226424,593.247952,RX,0x000,128,00 38 9B 71 80 02 00 00,.8.q....,False,False,False
2026-02-11T14:54:01.226424,593.247952,RX,0x000,0,,,False,False,False
2026-02-11T14:54:01.227931,593.249459,RX,0x1E0,0,,,False,False,False
2026-02-11T14:54:01.227931,593.249459,RX,0x000,128,E0 01 00 00 00 00 00 00,........,False,True,True
2026-02-11T14:54:01.227931,593.249459,RX,0x000,128,00 38 9B 71 80 02 00 00,.8.q....,False,False,False
2026-02-11T14:54:01.227931,593.249459,RX,0x000,0,,,False,False,False
2026-02-11T14:54:01.227931,593.249459,RX,0x1E0,0,,,False,False,False
2026-02-11T14:54:01.227931,593.249459,RX,0x000,128,E0 01 00 00 00 00 00 00,........,False,True,True
2026-02-11T14:54:01.227931,593.249459,RX,0x000,128,00 38 9B 71 80 02 00 00,.8.q....,False,False,False
2026-02-11T14:54:01.227931,593.249459,RX,0x000,0,,,False,False,False
2026-02-11T14:54:01.227931,593.249459,RX,0x1E0,0,,,False,False,False
2026-02-11T14:54:01.227931,593.249459,RX,0x000,128,E0 01 00 00 00 00 00 00,........,False,True,True
2026-02-11T14:54:01.227931,593.249459,RX,0x000,128,00 38 9B 71 80 02 00 00,.8.q....,False,False,False
2026-02-11T14:54:01.227931,593.249459,RX,0x000,0,,,False,False,False
2026-02-11T14:54:01.227931,593.249459,RX,0x1E0,0,,,False,False,False
2026-02-11T14:54:01.227931,593.249459,RX,0x000,128,E0 01 00 00 00 00 00 00,........,False,True,True
2026-02-11T14:54:01.229167,593.250695,RX,0x000,128,00 38 9B 71 80 02 00 00,.8.q....,False,False,False
2026-02-11T14:54:01.229167,593.250695,RX,0x000,0,,,False,False,False
2026-02-11T14:54:01.229167,593.250695,RX,0x1E0,0,,,False,False,False
2026-02-11T14:54:01.229167,593.250695,RX,0x000,128,E0 01 00 00 00 00 00 00,........,False,True,True
2026-02-11T14:54:01.229167,593.250695,RX,0x000,128,00 38 9B 71 80 02 00 00,.8.q....,False,False,False
2026-02-11T14:54:01.229167,593.250695,RX,0x000,0,,,False,False,False
2026-02-11T14:54:01.229167,593.250695,RX,0x1E0,0,,,False,False,False
2026-02-11T14:54:01.229167,593.250695,RX,0x000,128,E0 01 00 00 00 00 00 00,........,False,True,True
2026-02-11T14:54:01.229167,593.250695,RX,0x000,128,00 38 9B 71 80 02 00 00,.8.q....,False,False,False
2026-02-11T14:54:01.229167,593.250695,RX,0x000,0,,,False,False,False
2026-02-11T14:54:01.229167,593.250695,RX,0x1E0,0,,,False,False,False
2026-02-11T14:54:01.229167,593.250695,RX,0x000,128,E0 01 00 00 00 00 00 00,........,False,True,True
2026-02-11T14:54:01.229167,593.250695,RX,0x000,128,00 38 9B 71 80 02 00 00,.8.q....,False,False,False
2026-02-11T14:54:01.229167,593.250695,RX,0x000,0,,,False,False,False
2026-02-11T14:54:01.229167,593.250695,RX,0x1E0,0,,,False,False,False
2026-02-11T14:54:01.230189,593.251717,RX,0x000,128,E0 01 00 00 00 00 00 00,........,False,True,True
2026-02-11T14:54:01.230189,593.251717,RX,0x000,128,00 38 9B 71 80 02 00 00,.8.q....,False,False,False
2026-02-11T14:54:01.230189,593.251717,RX,0x000,0,,,False,False,False
2026-02-11T14:54:01.230189,593.251717,RX,0x1E0,0,,,False,False,False
2026-02-11T14:54:01.230189,593.251717,RX,0x000,128,E0 01 00 00 00 00 00 00,........,False,True,True
2026-02-11T14:54:01.230189,593.251717,RX,0x000,128,00 38 9B 71 80 02 00 00,.8.q....,False,False,False
2026-02-11T14:54:01.230189,593.251717,RX,0x000,0,,,False,False,False
2026-02-11T14:54:01.230189,593.251717,RX,0x1E0,0,,,False,False,False
2026-02-11T14:54:01.231211,593.252739,RX,0x000,128,E0 01 00 00 00 00 00 00,........,False,True,True
2026-02-11T14:54:01.231211,593.252739,RX,0x000,128,00 38 9B 71 80 02 00 00,.8.q....,False,False,False
2026-02-11T14:54:01.231211,593.252739,RX,0x000,0,,,False,False,False
2026-02-11T14:54:01.231211,593.252739,RX,0x1E0,0,,,False,False,False
2026-02-11T14:54:01.231211,593.252739,RX,0x000,128,E0 01 00 00 00 00 00 00,........,False,True,True
2026-02-11T14:54:01.231211,593.252739,RX,0x000,128,00 38 9B 71 80 02 00 00,.8.q....,False,False,False
2026-02-11T14:54:01.231211,593.252739,RX,0x000,0,,,False,False,False
2026-02-11T14:54:01.231211,593.252739,RX,0x1E0,0,,,False,False,False
2026-02-11T14:54:01.231211,593.252739,RX,0x000,128,E0 01 00 00 00 00 00 00,........,False,True,True
2026-02-11T14:54:01.231211,593.252739,RX,0x000,128,00 38 9B 71 80 02 00 00,.8.q....,False,False,False
2026-02-11T14:54:01.231211,593.252739,RX,0x000,0,,,False,False,False
2026-02-11T14:54:01.231211,593.252739,RX,0x1E0,0,,,False,False,False
2026-02-11T14:54:01.231211,593.252739,RX,0x000,128,E0 01 00 00 00 00 00 00,........,False,True,True
2026-02-11T14:54:01.231211,593.252739,RX,0x000,128,00 38 9B 71 80 02 00 00,.8.q....,False,False,False
2026-02-11T14:54:01.231211,593.252739,RX,0x000,0,,,False,False,False
2026-02-11T14:54:01.231211,593.252739,RX,0x1E0,0,,,False,False,False
2026-02-11T14:54:01.231211,593.252739,RX,0x000,128,E0 01 00 00 00 00 00 00,........,False,True,True
2026-02-11T14:54:01.231211,593.252739,RX,0x000,128,00 38 9B 71 80 02 00 00,.8.q....,False,False,False
2026-02-11T14:54:01.231211,593.252739,RX,0x000,0,,,False,False,False
2026-02-11T14:54:01.232230,593.253758,RX,0x1E0,0,,,False,False,False
2026-02-11T14:54:01.232230,593.253758,RX,0x000,128,E0 01 00 00 00 00 00 00,........,False,True,True
2026-02-11T14:54:01.232230,593.253758,RX,0x000,128,00 38 9B 71 80 02 00 00,.8.q....,False,False,False
2026-02-11T14:54:01.232230,593.253758,RX,0x000,0,,,False,False,False
2026-02-11T14:54:01.232230,593.253758,RX,0x1E0,0,,,False,False,False
2026-02-11T14:54:01.232230,593.253758,RX,0x000,128,E0 01 00 00 00 00 00 00,........,False,True,True
2026-02-11T14:54:01.232230,593.253758,RX,0x000,128,00 38 9B 71 80 02 00 00,.8.q....,False,False,False
2026-02-11T14:54:01.232230,593.253758,RX,0x000,0,,,False,False,False
2026-02-11T14:54:01.232230,593.253758,RX,0x1E0,0,,,False,False,False
2026-02-11T14:54:01.232230,593.253758,RX,0x000,128,E0 01 00 00 00 00 00 00,........,False,True,True
2026-02-11T14:54:01.232230,593.253758,RX,0x000,128,00 38 9B 71 80 02 00 00,.8.q....,False,False,False
2026-02-11T14:54:01.232230,593.253758,RX,0x000,0,,,False,False,False
2026-02-11T14:54:01.232230,593.253758,RX,0x1E0,0,,,False,False,False
2026-02-11T14:54:01.232230,593.253758,RX,0x000,128,E0 01 00 00 00 00 00 00,........,False,True,True
2026-02-11T14:54:01.232230,593.253758,RX,0x000,128,00 38 9B 71 80 02 00 00,.8.q....,False,False,False
2026-02-11T14:54:01.232230,593.253758,RX,0x000,0,,,False,False,False
2026-02-11T14:54:01.232230,593.253758,RX,0x1E0,0,,,False,False,False
2026-02-11T14:54:01.233242,593.254770,RX,0x000,128,E0 01 00 00 00 00 00 00,........,False,True,True
2026-02-11T14:54:01.233242,593.254770,RX,0x000,128,00 38 9B 71 80 02 00 00,.8.q....,False,False,False
2026-02-11T14:54:01.233242,593.254770,RX,0x000,0,,,False,False,False
2026-02-11T14:54:01.233242,593.254770,RX,0x1E0,0,,,False,False,False
2026-02-11T14:54:01.233242,593.254770,RX,0x000,128,E0 01 00 00 00 00 00 00,........,False,True,True
2026-02-11T14:54:01.233242,593.254770,RX,0x000,128,00 38 9B 71 80 02 00 00,.8.q....,False,False,False
2026-02-11T14:54:01.233242,593.254770,RX,0x000,0,,,False,False,False
2026-02-11T14:54:01.233242,593.254770,RX,0x1E0,0,,,False,False,False
2026-02-11T14:54:01.233242,593.254770,RX,0x000,128,E0 01 00 00 00 00 00 00,........,False,True,True
2026-02-11T14:54:01.233242,593.254770,RX,0x000,128,00 38 9B 71 80 02 00 00,.8.q....,False,False,False
2026-02-11T14:54:01.233242,593.254770,RX,0x000,0,,,False,False,False
2026-02-11T14:54:01.233242,593.254770,RX,0x1E0,0,,,False,False,False
2026-02-11T14:54:01.233242,593.254770,RX,0x000,128,E0 01 00 00 00 00 00 00,........,False,True,True
2026-02-11T14:54:01.233242,593.254770,RX,0x000,128,00 38 9B 71 80 02 00 00,.8.q....,False,False,False
2026-02-11T14:54:01.233242,593.254770,RX,0x000,0,,,False,False,False
2026-02-11T14:54:01.233242,593.254770,RX,0x1E0,0,,,False,False,False
2026-02-11T14:54:01.233242,593.254770,RX,0x000,128,E0 01 00 00 00 00 00 00,........,False,True,True
2026-02-11T14:54:01.233242,593.254770,RX,0x000,128,00 38 9B 71 80 02 00 00,.8.q....,False,False,False
2026-02-11T14:54:01.234263,593.255791,RX,0x000,0,,,False,False,False
2026-02-11T14:54:01.234263,593.255791,RX,0x1E0,0,,,False,False,False
2026-02-11T14:54:01.234263,593.255791,RX,0x000,128,E0 01 00 00 00 00 00 00,........,False,True,True
2026-02-11T14:54:01.234263,593.255791,RX,0x000,128,00 38 9B 71 80 02 00 00,.8.q....,False,False,False
2026-02-11T14:54:01.234263,593.255791,RX,0x000,0,,,False,False,False
2026-02-11T14:54:01.234263,593.255791,RX,0x1E0,0,,,False,False,False
2026-02-11T14:54:01.234263,593.255791,RX,0x000,128,E0 01 00 00 00 00 00 00,........,False,True,True
2026-02-11T14:54:01.234263,593.255791,RX,0x000,128,00 38 9B 71 80 02 00 00,.8.q....,False,False,False
2026-02-11T14:54:01.234263,593.255791,RX,0x000,0,,,False,False,False
2026-02-11T14:54:01.235287,593.256815,RX,0x1E0,0,,,False,False,False
2026-02-11T14:54:01.235287,593.256815,RX,0x000,128,E0 01 00 00 00 00 00 00,........,False,True,True
2026-02-11T14:54:01.235287,593.256815,RX,0x000,128,00 38 9B 71 80 02 00 00,.8.q....,False,False,False
2026-02-11T14:54:01.235287,593.256815,RX,0x000,0,,,False,False,False
2026-02-11T14:54:01.235287,593.256815,RX,0x1E0,0,,,False,False,False
2026-02-11T14:54:01.235287,593.256815,RX,0x000,128,E0 01 00 00 00 00 00 00,........,False,True,True
2026-02-11T14:54:01.235287,593.256815,RX,0x000,128,00 38 9B 71 80 02 00 00,.8.q....,False,False,False
2026-02-11T14:54:01.235287,593.256815,RX,0x000,0,,,False,False,False
2026-02-11T14:54:01.235287,593.256815,RX,0x1E0,0,,,False,False,False
2026-02-11T14:54:01.235287,593.256815,RX,0x000,128,E0 01 00 00 00 00 00 00,........,False,True,True
2026-02-11T14:54:01.235287,593.256815,RX,0x000,128,00 38 9B 71 80 02 00 00,.8.q....,False,False,False
2026-02-11T14:54:01.235287,593.256815,RX,0x000,0,,,False,False,False
2026-02-11T14:54:01.235287,593.256815,RX,0x1E0,0,,,False,False,False
2026-02-11T14:54:01.235287,593.256815,RX,0x000,128,E0 01 00 00 00 00 00 00,........,False,True,True
2026-02-11T14:54:01.235287,593.256815,RX,0x000,128,00 38 9B 71 80 02 00 00,.8.q....,False,False,False
2026-02-11T14:54:01.235287,593.256815,RX,0x000,0,,,False,False,False
2026-02-11T14:54:01.235287,593.256815,RX,0x1E0,0,,,False,False,False
2026-02-11T14:54:01.236294,593.257822,RX,0x000,128,E0 01 00 00 00 00 00 00,........,False,True,True
2026-02-11T14:54:01.236294,593.257822,RX,0x000,128,00 38 9B 71 80 02 00 00,.8.q....,False,False,False
2026-02-11T14:54:01.236294,593.257822,RX,0x000,0,,,False,False,False
2026-02-11T14:54:01.236294,593.257822,RX,0x1E0,0,,,False,False,False
2026-02-11T14:54:01.236294,593.257822,RX,0x000,128,E0 01 00 00 00 00 00 00,........,False,True,True
2026-02-11T14:54:01.236294,593.257822,RX,0x000,128,00 38 9B 71 80 02 00 00,.8.q....,False,False,False
2026-02-11T14:54:01.236294,593.257822,RX,0x000,0,,,False,False,False
2026-02-11T14:54:01.236294,593.257822,RX,0x1E0,0,,,False,False,False
2026-02-11T14:54:01.236294,593.257822,RX,0x000,128,E0 01 00 00 00 00 00 00,........,False,True,True
2026-02-11T14:54:01.236294,593.257822,RX,0x000,128,00 38 9B 71 80 02 00 00,.8.q....,False,False,False
2026-02-11T14:54:01.236294,593.257822,RX,0x000,0,,,False,False,False
2026-02-11T14:54:01.236294,593.257822,RX,0x1E0,0,,,False,False,False
2026-02-11T14:54:01.236294,593.257822,RX,0x000,128,E0 01 00 00 00 00 00 00,........,False,True,True
2026-02-11T14:54:01.236294,593.257822,RX,0x000,128,00 38 9B 71 80 02 00 00,.8.q....,False,False,False
2026-02-11T14:54:01.236294,593.257822,RX,0x000,0,,,False,False,False
2026-02-11T14:54:01.236294,593.257822,RX,0x1E0,0,,,False,False,False
2026-02-11T14:54:01.236294,593.257822,RX,0x000,128,E0 01 00 00 00 00 00 00,........,False,True,True
2026-02-11T14:54:01.237310,593.258837,RX,0x000,128,00 38 9B 71 80 02 00 00,.8.q....,False,False,False
2026-02-11T14:54:01.237310,593.258837,RX,0x000,0,,,False,False,False
2026-02-11T14:54:01.237310,593.258837,RX,0x1E0,0,,,False,False,False
2026-02-11T14:54:01.237310,593.258837,RX,0x000,128,E0 01 00 00 00 00 00 00,........,False,True,True
2026-02-11T14:54:01.237310,593.258837,RX,0x000,128,00 38 9B 71 80 02 00 00,.8.q....,False,False,False
2026-02-11T14:54:01.237310,593.258837,RX,0x000,0,,,False,False,False
2026-02-11T14:54:01.237310,593.258837,RX,0x1E0,0,,,False,False,False
2026-02-11T14:54:01.237310,593.258837,RX,0x000,128,E0 01 00 00 00 00 00 00,........,False,True,True
2026-02-11T14:54:01.237310,593.258837,RX,0x000,128,00 38 9B 71 80 02 00 00,.8.q....,False,False,False
2026-02-11T14:54:01.237310,593.258837,RX,0x000,0,,,False,False,False
2026-02-11T14:54:01.237310,593.258837,RX,0x1E0,0,,,False,False,False
2026-02-11T14:54:01.237310,593.258837,RX,0x000,128,E0 01 00 00 00 00 00 00,........,False,True,True
2026-02-11T14:54:01.237310,593.258837,RX,0x000,128,00 38 9B 71 80 02 00 00,.8.q....,False,False,False
2026-02-11T14:54:01.237310,593.258837,RX,0x000,0,,,False,False,False
2026-02-11T14:54:01.237310,593.258837,RX,0x1E0,0,,,False,False,False
2026-02-11T14:54:01.237310,593.258837,RX,0x000,128,E0 01 00 00 00 00 00 00,........,False,True,True
2026-02-11T14:54:01.237310,593.258837,RX,0x000,128,00 38 9B 71 80 02 00 00,.8.q....,False,False,False
2026-02-11T14:54:01.238306,593.259834,RX,0x000,0,,,False,False,False
2026-02-11T14:54:01.238306,593.259834,RX,0x1E0,0,,,False,False,False
2026-02-11T14:54:01.238306,593.259834,RX,0x000,128,E0 01 00 00 00 00 00 00,........,False,True,True
2026-02-11T14:54:01.238306,593.259834,RX,0x000,128,00 38 9B 71 80 02 00 00,.8.q....,False,False,False
2026-02-11T14:54:01.238306,593.259834,RX,0x000,0,,,False,False,False
2026-02-11T14:54:01.238306,593.259834,RX,0x1E0,0,,,False,False,False
2026-02-11T14:54:01.238306,593.259834,RX,0x000,128,E0 01 00 00 00 00 00 00,........,False,True,True
2026-02-11T14:54:01.238306,593.259834,RX,0x000,128,00 38 9B 71 80 02 00 00,.8.q....,False,False,False
2026-02-11T14:54:01.238817,593.259834,RX,0x000,0,,,False,False,False
2026-02-11T14:54:01.238817,593.260345,RX,0x1E0,0,,,False,False,False
2026-02-11T14:54:01.238817,593.260345,RX,0x000,128,E0 01 00 00 00 00 00 00,........,False,True,True
2026-02-11T14:54:01.238817,593.260345,RX,0x000,128,00 38 9B 71 80 02 00 00,.8.q....,False,False,False
2026-02-11T14:54:01.238817,593.260345,RX,0x000,0,,,False,False,False
2026-02-11T14:54:01.238817,593.260345,RX,0x1E0,0,,,False,False,False
2026-02-11T14:54:01.238817,593.260345,RX,0x000,128,E0 01 00 00 00 00 00 00,........,False,True,True
2026-02-11T14:54:01.238817,593.260345,RX,0x000,128,00 38 9B 71 80 02 00 00,.8.q....,False,False,False
2026-02-11T14:54:01.238817,593.260345,RX,0x000,0,,,False,False,False
2026-02-11T14:54:01.238817,593.260345,RX,0x1E0,0,,,False,False,False
2026-02-11T14:54:01.238817,593.260345,RX,0x000,128,E0 01 00 00 00 00 00 00,........,False,True,True
2026-02-11T14:54:01.238817,593.260345,RX,0x000,128,00 38 9B 71 80 02 00 00,.8.q....,False,False,False
2026-02-11T14:54:01.238817,593.260345,RX,0x000,0,,,False,False,False
2026-02-11T14:54:01.238817,593.260345,RX,0x1E0,0,,,False,False,False
2026-02-11T14:54:01.239837,593.261365,RX,0x000,128,E0 01 00 00 00 00 00 00,........,False,True,True
2026-02-11T14:54:01.240836,593.262364,RX,0x000,128,00 38 9B 71 80 02 00 00,.8.q....,False,False,False
2026-02-11T14:54:01.240836,593.262364,RX,0x000,0,,,False,False,False
2026-02-11T14:54:01.240836,593.262364,RX,0x1E0,0,,,False,False,False
2026-02-11T14:54:01.240836,593.262364,RX,0x000,128,E0 01 00 00 00 00 00 00,........,False,True,True
2026-02-11T14:54:01.240836,593.262364,RX,0x000,128,00 38 9B 71 80 02 00 00,.8.q....,False,False,False
2026-02-11T14:54:01.240836,593.262364,RX,0x000,0,,,False,False,False
2026-02-11T14:54:01.240836,593.262364,RX,0x1E0,0,,,False,False,False
2026-02-11T14:54:01.240836,593.262364,RX,0x000,128,E0 01 00 00 00 00 00 00,........,False,True,True
2026-02-11T14:54:01.240836,593.262364,RX,0x000,128,00 38 9B 71 80 02 00 00,.8.q....,False,False,False
2026-02-11T14:54:01.240836,593.262364,RX,0x000,0,,,False,False,False
2026-02-11T14:54:01.240836,593.262364,RX,0x1E0,0,,,False,False,False
2026-02-11T14:54:01.240836,593.262364,RX,0x000,128,E0 01 00 00 00 00 00 00,........,False,True,True
2026-02-11T14:54:01.240836,593.262364,RX,0x000,128,00 38 9B 71 80 02 00 00,.8.q....,False,False,False
2026-02-11T14:54:01.241855,593.263382,RX,0x000,0,,,False,False,False
2026-02-11T14:54:01.241855,593.263382,RX,0x1E0,0,,,False,False,False
2026-02-11T14:54:01.241855,593.263382,RX,0x000,128,E0 01 00 00 00 00 00 00,........,False,True,True
2026-02-11T14:54:01.241855,593.263382,RX,0x000,128,00 38 9B 71 80 02 00 00,.8.q....,False,False,False
2026-02-11T14:54:01.241855,593.263382,RX,0x000,0,,,False,False,False
2026-02-11T14:54:01.241855,593.263382,RX,0x1E0,0,,,False,False,False
2026-02-11T14:54:01.241855,593.263382,RX,0x000,128,E0 01 00 00 00 00 00 00,........,False,True,True
2026-02-11T14:54:01.241855,593.263382,RX,0x000,128,00 38 9B 71 80 02 00 00,.8.q....,False,False,False
2026-02-11T14:54:01.241855,593.263382,RX,0x000,0,,,False,False,False
2026-02-11T14:54:01.241855,593.263382,RX,0x1E0,0,,,False,False,False
2026-02-11T14:54:01.241855,593.263382,RX,0x000,128,E0 01 00 00 00 00 00 00,........,False,True,True
2026-02-11T14:54:01.241855,593.263382,RX,0x000,128,00 38 9B 71 80 02 00 00,.8.q....,False,False,False
2026-02-11T14:54:01.241855,593.263382,RX,0x000,0,,,False,False,False
2026-02-11T14:54:01.241855,593.263382,RX,0x1E0,0,,,False,False,False
2026-02-11T14:54:01.241855,593.263382,RX,0x000,128,E0 01 00 00 00 00 00 00,........,False,True,True
2026-02-11T14:54:01.241855,593.263382,RX,0x000,128,00 38 9B 71 80 02 00 00,.8.q....,False,False,False
2026-02-11T14:54:01.241855,593.263382,RX,0x000,0,,,False,False,False
2026-02-11T14:54:01.243022,593.264550,RX,0x1E0,0,,,False,False,False
2026-02-11T14:54:01.243022,593.264550,RX,0x000,128,E0 01 00 00 00 00 00 00,........,False,True,True
2026-02-11T14:54:01.243022,593.264550,RX,0x000,128,00 38 9B 71 80 02 00 00,.8.q....,False,False,False
2026-02-11T14:54:01.243022,593.264550,RX,0x000,0,,,False,False,False
2026-02-11T14:54:01.243022,593.264550,RX,0x1E0,0,,,False,False,False
2026-02-11T14:54:01.243022,593.264550,RX,0x000,128,E0 01 00 00 00 00 00 00,........,False,True,True
2026-02-11T14:54:01.243022,593.264550,RX,0x000,128,00 38 9B 71 80 02 00 00,.8.q....,False,False,False
2026-02-11T14:54:01.243022,593.264550,RX,0x000,0,,,False,False,False
2026-02-11T14:54:01.243022,593.264550,RX,0x1E0,0,,,False,False,False
2026-02-11T14:54:01.243022,593.264550,RX,0x000,128,E0 01 00 00 00 00 00 00,........,False,True,True
2026-02-11T14:54:01.243022,593.264550,RX,0x000,128,00 38 9B 71 80 02 00 00,.8.q....,False,False,False
2026-02-11T14:54:01.243022,593.264550,RX,0x000,0,,,False,False,False
2026-02-11T14:54:01.244065,593.265593,RX,0x1E0,0,,,False,False,False
2026-02-11T14:54:01.244065,593.265593,RX,0x000,128,E0 01 00 00 00 00 00 00,........,False,True,True
2026-02-11T14:54:01.244065,593.265593,RX,0x000,128,00 38 9B 71 80 02 00 00,.8.q....,False,False,False
2026-02-11T14:54:01.244065,593.265593,RX,0x000,0,,,False,False,False
2026-02-11T14:54:01.244065,593.265593,RX,0x1E0,0,,,False,False,False
2026-02-11T14:54:01.244065,593.265593,RX,0x000,128,E0 01 00 00 00 00 00 00,........,False,True,True
2026-02-11T14:54:01.244065,593.265593,RX,0x000,128,00 38 9B 71 80 02 00 00,.8.q....,False,False,False
2026-02-11T14:54:01.244065,593.265593,RX,0x000,0,,,False,False,False
2026-02-11T14:54:01.244065,593.265593,RX,0x1E0,0,,,False,False,False
2026-02-11T14:54:01.244065,593.265593,RX,0x000,128,E0 01 00 00 00 00 00 00,........,False,True,True
2026-02-11T14:54:01.244065,593.265593,RX,0x000,128,00 38 9B 71 80 02 00 00,.8.q....,False,False,False
2026-02-11T14:54:01.244065,593.265593,RX,0x000,0,,,False,False,False
2026-02-11T14:54:01.244065,593.265593,RX,0x1E0,0,,,False,False,False
2026-02-11T14:54:01.244065,593.265593,RX,0x000,128,E0 01 00 00 00 00 00 00,........,False,True,True
2026-02-11T14:54:01.244065,593.265593,RX,0x000,128,00 38 9B 71 80 02 00 00,.8.q....,False,False,False
2026-02-11T14:54:01.244065,593.265593,RX,0x000,0,,,False,False,False
2026-02-11T14:54:01.244065,593.265593,RX,0x1E0,0,,,False,False,False
2026-02-11T14:54:01.244065,593.265593,RX,0x000,128,E0 01 00 00 00 00 00 00,........,False,True,True
2026-02-11T14:54:01.245071,593.266599,RX,0x000,128,00 38 9B 71 80 02 00 00,.8.q....,False,False,False
2026-02-11T14:54:01.245071,593.266599,RX,0x000,0,,,False,False,False
2026-02-11T14:54:01.245071,593.266599,RX,0x1E0,0,,,False,False,False
2026-02-11T14:54:01.245071,593.266599,RX,0x000,128,E0 01 00 00 00 00 00 00,........,False,True,True
2026-02-11T14:54:01.245071,593.266599,RX,0x000,128,00 38 9B 71 80 02 00 00,.8.q....,False,False,False
2026-02-11T14:54:01.245071,593.266599,RX,0x000,0,,,False,False,False
2026-02-11T14:54:01.245071,593.266599,RX,0x1E0,0,,,False,False,False
2026-02-11T14:54:01.245071,593.266599,RX,0x000,128,E0 01 00 00 00 00 00 00,........,False,True,True
2026-02-11T14:54:01.245071,593.266599,RX,0x000,128,00 38 9B 71 80 02 00 00,.8.q....,False,False,False
2026-02-11T14:54:01.245071,593.266599,RX,0x000,0,,,False,False,False
2026-02-11T14:54:01.245071,593.266599,RX,0x1E0,0,,,False,False,False
2026-02-11T14:54:01.245071,593.266599,RX,0x000,128,E0 01 00 00 00 00 00 00,........,False,True,True
2026-02-11T14:54:01.245071,593.266599,RX,0x000,128,00 38 9B 71 80 02 00 00,.8.q....,False,False,False
2026-02-11T14:54:01.248804,593.270332,RX,0x000,0,,,False,False,False
2026-02-11T14:54:01.248804,593.270332,RX,0x1E0,0,,,False,False,False
2026-02-11T14:54:01.249818,593.271346,RX,0x000,128,E0 01 00 00 00 00 00 00,........,False,True,True
2026-02-11T14:54:01.249818,593.271346,RX,0x000,128,00 38 9B 71 80 02 00 00,.8.q....,False,False,False
2026-02-11T14:54:01.249818,593.271346,RX,0x000,0,,,False,False,False
2026-02-11T14:54:01.249818,593.271346,RX,0x1E0,0,,,False,False,False
2026-02-11T14:54:01.249818,593.271346,RX,0x000,128,E0 01 00 00 00 00 00 00,........,False,True,True
2026-02-11T14:54:01.249818,593.271346,RX,0x000,128,00 38 9B 71 80 02 00 00,.8.q....,False,False,False
2026-02-11T14:54:01.249818,593.271346,RX,0x000,0,,,False,False,False
2026-02-11T14:54:01.249818,593.271346,RX,0x1E0,0,,,False,False,False
2026-02-11T14:54:01.249818,593.271346,RX,0x000,128,E0 01 00 00 00 00 00 00,........,False,True,True
2026-02-11T14:54:01.249818,593.271346,RX,0x000,128,00 38 9B 71 80 02 00 00,.8.q....,False,False,False
2026-02-11T14:54:01.249818,593.271346,RX,0x000,0,,,False,False,False
2026-02-11T14:54:01.249818,593.271346,RX,0x1E0,0,,,False,False,False
2026-02-11T14:54:01.251188,593.272716,RX,0x000,128,E0 01 00 00 00 00 00 00,........,False,True,True
2026-02-11T14:54:01.251188,593.272716,RX,0x000,128,00 38 9B 71 80 02 00 00,.8.q....,False,False,False
2026-02-11T14:54:01.251188,593.272716,RX,0x000,0,,,False,False,False
2026-02-11T14:54:01.251188,593.272716,RX,0x1E0,0,,,False,False,False
2026-02-11T14:54:01.251188,593.272716,RX,0x000,128,E0 01 00 00 00 00 00 00,........,False,True,True
2026-02-11T14:54:01.251188,593.272716,RX,0x000,128,00 38 9B 71 80 02 00 00,.8.q....,False,False,False
2026-02-11T14:54:01.251188,593.272716,RX,0x000,0,,,False,False,False
2026-02-11T14:54:01.251188,593.272716,RX,0x1E0,0,,,False,False,False
2026-02-11T14:54:01.251188,593.272716,RX,0x000,128,E0 01 00 00 00 00 00 00,........,False,True,True
2026-02-11T14:54:01.251188,593.272716,RX,0x000,128,00 38 9B 71 80 02 00 00,.8.q....,False,False,False
2026-02-11T14:54:01.251188,593.272716,RX,0x000,0,,,False,False,False
2026-02-11T14:54:01.251188,593.272716,RX,0x1E0,0,,,False,False,False
2026-02-11T14:54:01.252189,593.273717,RX,0x000,128,E0 01 00 00 00 00 00 00,........,False,True,True
2026-02-11T14:54:01.252189,593.273717,RX,0x000,128,00 38 9B 71 80 02 00 00,.8.q....,False,False,False
2026-02-11T14:54:01.252189,593.273717,RX,0x000,0,,,False,False,False
2026-02-11T14:54:01.252189,593.273717,RX,0x1E0,0,,,False,False,False
2026-02-11T14:54:01.252189,593.273717,RX,0x000,128,E0 01 00 00 00 00 00 00,........,False,True,True
2026-02-11T14:54:01.252189,593.273717,RX,0x000,128,00 38 9B 71 80 02 00 00,.8.q....,False,False,False
2026-02-11T14:54:01.252189,593.273717,RX,0x000,0,,,False,False,False
2026-02-11T14:54:01.253188,593.274716,RX,0x1E0,0,,,False,False,False
2026-02-11T14:54:01.253188,593.274716,RX,0x000,128,E0 01 00 00 00 00 00 00,........,False,True,True
2026-02-11T14:54:01.253188,593.274716,RX,0x000,128,00 38 9B 71 80 02 00 00,.8.q....,False,False,False
2026-02-11T14:54:01.253188,593.274716,RX,0x000,0,,,False,False,False
2026-02-11T14:54:01.253188,593.274716,RX,0x1E0,0,,,False,False,False
2026-02-11T14:54:01.253188,593.274716,RX,0x000,128,E0 01 00 00 00 00 00 00,........,False,True,True
2026-02-11T14:54:01.253188,593.274716,RX,0x000,128,00 38 9B 71 80 02 00 00,.8.q....,False,False,False
2026-02-11T14:54:01.253188,593.274716,RX,0x000,0,,,False,False,False
2026-02-11T14:54:01.253188,593.274716,RX,0x1E0,0,,,False,False,False
2026-02-11T14:54:01.253188,593.274716,RX,0x000,128,E0 01 00 00 00 00 00 00,........,False,True,True
2026-02-11T14:54:01.254508,593.276036,RX,0x000,128,00 38 9B 71 80 02 00 00,.8.q....,False,False,False
2026-02-11T14:54:01.254508,593.276036,RX,0x000,0,,,False,False,False
2026-02-11T14:54:01.254508,593.276036,RX,0x1E0,0,,,False,False,False
2026-02-11T14:54:01.254508,593.276036,RX,0x000,128,E0 01 00 00 00 00 00 00,........,False,True,True
2026-02-11T14:54:01.254508,593.276036,RX,0x000,128,00 38 9B 71 80 02 00 00,.8.q....,False,False,False
2026-02-11T14:54:01.254508,593.276036,RX,0x000,0,,,False,False,False
2026-02-11T14:54:01.254508,593.276036,RX,0x1E0,0,,,False,False,False
2026-02-11T14:54:01.254508,593.276036,RX,0x000,128,E0 01 00 00 00 00 00 00,........,False,True,True
2026-02-11T14:54:01.254508,593.276036,RX,0x000,128,00 38 9B 71 80 02 00 00,.8.q....,False,False,False
2026-02-11T14:54:01.255532,593.277060,RX,0x000,0,,,False,False,False
2026-02-11T14:54:01.255532,593.277060,RX,0x1E0,0,,,False,False,False
2026-02-11T14:54:01.255532,593.277060,RX,0x000,128,E0 01 00 00 00 00 00 00,........,False,True,True
2026-02-11T14:54:01.255532,593.277060,RX,0x000,128,00 38 9B 71 80 02 00 00,.8.q....,False,False,False
2026-02-11T14:54:01.255532,593.277060,RX,0x000,0,,,False,False,False
2026-02-11T14:54:01.255532,593.277060,RX,0x1E0,0,,,False,False,False
2026-02-11T14:54:01.255532,593.277060,RX,0x000,128,E0 01 00 00 00 00 00 00,........,False,True,True
2026-02-11T14:54:01.255532,593.277060,RX,0x000,128,00 38 9B 71 80 02 00 00,.8.q....,False,False,False
2026-02-11T14:54:01.255532,593.277060,RX,0x000,0,,,False,False,False
2026-02-11T14:54:01.255532,593.277060,RX,0x1E0,0,,,False,False,False
2026-02-11T14:54:01.255532,593.277060,RX,0x000,128,E0 01 00 00 00 00 00 00,........,False,True,True
2026-02-11T14:54:01.255532,593.277060,RX,0x000,128,00 38 9B 71 80 02 00 00,.8.q....,False,False,False
2026-02-11T14:54:01.256544,593.277060,RX,0x000,0,,,False,False,False
2026-02-11T14:54:01.256544,593.278072,RX,0x1E0,0,,,False,False,False
2026-02-11T14:54:01.256544,593.278072,RX,0x000,128,E0 01 00 00 00 00 00 00,........,False,True,True
2026-02-11T14:54:01.256544,593.278072,RX,0x000,128,00 38 9B 71 80 02 00 00,.8.q....,False,False,False
2026-02-11T14:54:01.256544,593.278072,RX,0x000,0,,,False,False,False
2026-02-11T14:54:01.256544,593.278072,RX,0x1E0,0,,,False,False,False
2026-02-11T14:54:01.256544,593.278072,RX,0x000,128,E0 01 00 00 00 00 00 00,........,False,True,True
2026-02-11T14:54:01.256544,593.278072,RX,0x000,128,00 38 9B 71 80 02 00 00,.8.q....,False,False,False
2026-02-11T14:54:01.256544,593.278072,RX,0x000,0,,,False,False,False
2026-02-11T14:54:01.256544,593.278072,RX,0x1E0,0,,,False,False,False
2026-02-11T14:54:01.256544,593.278072,RX,0x000,128,E0 01 00 00 00 00 00 00,........,False,True,True
2026-02-11T14:54:01.256544,593.278072,RX,0x000,128,00 38 9B 71 80 02 00 00,.8.q....,False,False,False
2026-02-11T14:54:01.256544,593.278072,RX,0x000,0,,,False,False,False
2026-02-11T14:54:01.256544,593.278072,RX,0x1E0,0,,,False,False,False
2026-02-11T14:54:01.258055,593.279583,RX,0x000,128,E0 01 00 00 00 00 00 00,........,False,True,True
2026-02-11T14:54:01.258055,593.279583,RX,0x000,128,00 38 9B 71 80 02 00 00,.8.q....,False,False,False
2026-02-11T14:54:01.258055,593.279583,RX,0x000,0,,,False,False,False
2026-02-11T14:54:01.258055,593.279583,RX,0x1E0,0,,,False,False,False
2026-02-11T14:54:01.258055,593.279583,RX,0x000,128,E0 01 00 00 00 00 00 00,........,False,True,True
2026-02-11T14:54:01.258055,593.279583,RX,0x000,128,00 38 9B 71 80 02 00 00,.8.q....,False,False,False
2026-02-11T14:54:01.258055,593.279583,RX,0x000,0,,,False,False,False
2026-02-11T14:54:01.258055,593.279583,RX,0x1E0,0,,,False,False,False
2026-02-11T14:54:01.258055,593.279583,RX,0x000,128,E0 01 00 00 00 00 00 00,........,False,True,True
2026-02-11T14:54:01.258055,593.279583,RX,0x000,128,00 38 9B 71 80 02 00 00,.8.q....,False,False,False
2026-02-11T14:54:01.258055,593.279583,RX,0x000,0,,,False,False,False
2026-02-11T14:54:01.258055,593.279583,RX,0x1E0,0,,,False,False,False
2026-02-11T14:54:01.259314,593.280842,RX,0x000,128,E0 01 00 00 00 00 00 00,........,False,True,True
2026-02-11T14:54:01.259314,593.280842,RX,0x000,128,00 38 9B 71 80 02 00 00,.8.q....,False,False,False
2026-02-11T14:54:01.259314,593.280842,RX,0x000,0,,,False,False,False
2026-02-11T14:54:01.259314,593.280842,RX,0x1E0,0,,,False,False,False
2026-02-11T14:54:01.259314,593.280842,RX,0x000,128,E0 01 00 00 00 00 00 00,........,False,True,True
2026-02-11T14:54:01.259314,593.280842,RX,0x000,128,00 38 9B 71 80 02 00 00,.8.q....,False,False,False
2026-02-11T14:54:01.259314,593.280842,RX,0x000,0,,,False,False,False
2026-02-11T14:54:01.259314,593.280842,RX,0x1E0,0,,,False,False,False
2026-02-11T14:54:01.259314,593.280842,RX,0x000,128,E0 01 00 00 00 00 00 00,........,False,True,True
2026-02-11T14:54:01.259314,593.280842,RX,0x000,128,00 38 9B 71 80 02 00 00,.8.q....,False,False,False
2026-02-11T14:54:01.260325,593.281853,RX,0x000,0,,,False,False,False
2026-02-11T14:54:01.260325,593.281853,RX,0x1E0,0,,,False,False,False
2026-02-11T14:54:01.260325,593.281853,RX,0x000,128,E0 01 00 00 00 00 00 00,........,False,True,True
2026-02-11T14:54:01.260325,593.281853,RX,0x000,128,00 38 9B 71 80 02 00 00,.8.q....,False,False,False
2026-02-11T14:54:01.260325,593.281853,RX,0x000,0,,,False,False,False
2026-02-11T14:54:01.260325,593.281853,RX,0x1E0,0,,,False,False,False
2026-02-11T14:54:01.260325,593.281853,RX,0x000,128,E0 01 00 00 00 00 00 00,........,False,True,True
2026-02-11T14:54:01.260325,593.281853,RX,0x000,128,00 38 9B 71 80 02 00 00,.8.q....,False,False,False
2026-02-11T14:54:01.261338,593.282866,RX,0x000,0,,,False,False,False
2026-02-11T14:54:01.261338,593.282866,RX,0x1E0,0,,,False,False,False
2026-02-11T14:54:01.261338,593.282866,RX,0x000,128,E0 01 00 00 00 00 00 00,........,False,True,True
2026-02-11T14:54:01.261338,593.282866,RX,0x000,128,00 38 9B 71 80 02 00 00,.8.q....,False,False,False
2026-02-11T14:54:01.262361,593.283889,RX,0x000,0,,,False,False,False
2026-02-11T14:54:01.262361,593.283889,RX,0x1E0,0,,,False,False,False
2026-02-11T14:54:01.262361,593.283889,RX,0x000,128,E0 01 00 00 00 00 00 00,........,False,True,True
2026-02-11T14:54:01.262361,593.283889,RX,0x000,128,00 38 9B 71 80 02 00 00,.8.q....,False,False,False
2026-02-11T14:54:01.262361,593.283889,RX,0x000,0,,,False,False,False
2026-02-11T14:54:01.262361,593.283889,RX,0x1E0,0,,,False,False,False
2026-02-11T14:54:01.262361,593.283889,RX,0x000,128,E0 01 00 00 00 00 00 00,........,False,True,True
2026-02-11T14:54:01.262361,593.283889,RX,0x000,128,00 38 9B 71 80 02 00 00,.8.q....,False,False,False
2026-02-11T14:54:01.262361,593.283889,RX,0x000,0,,,False,False,False
2026-02-11T14:54:01.262361,593.283889,RX,0x1E0,0,,,False,False,False
2026-02-11T14:54:01.262361,593.283889,RX,0x000,128,E0 01 00 00 00 00 00 00,........,False,True,True
2026-02-11T14:54:01.263371,593.284899,RX,0x000,128,00 38 9B 71 80 02 00 00,.8.q....,False,False,False
2026-02-11T14:54:01.263371,593.284899,RX,0x000,0,,,False,False,False
2026-02-11T14:54:01.263371,593.284899,RX,0x1E0,0,,,False,False,False
2026-02-11T14:54:01.263371,593.284899,RX,0x000,128,E0 01 00 00 00 00 00 00,........,False,True,True
2026-02-11T14:54:01.264379,593.285907,RX,0x000,128,00 38 9B 71 80 02 00 00,.8.q....,False,False,False
2026-02-11T14:54:01.264379,593.285907,RX,0x000,0,,,False,False,False
2026-02-11T14:54:01.264379,593.285907,RX,0x1E0,0,,,False,False,False
2026-02-11T14:54:01.264379,593.285907,RX,0x000,128,E0 01 00 00 00 00 00 00,........,False,True,True
2026-02-11T14:54:01.264379,593.285907,RX,0x000,128,00 38 9B 71 80 02 00 00,.8.q....,False,False,False
2026-02-11T14:54:01.264379,593.285907,RX,0x000,0,,,False,False,False
2026-02-11T14:54:01.264379,593.285907,RX,0x1E0,0,,,False,False,False
2026-02-11T14:54:01.264379,593.285907,RX,0x000,128,E0 01 00 00 00 00 00 00,........,False,True,True
2026-02-11T14:54:01.264379,593.285907,RX,0x000,128,00 38 9B 71 80 02 00 00,.8.q....,False,False,False
2026-02-11T14:54:01.264379,593.285907,RX,0x000,0,,,False,False,False
2026-02-11T14:54:01.264379,593.285907,RX,0x1E0,0,,,False,False,False
2026-02-11T14:54:01.265394,593.285907,RX,0x000,128,E0 01 00 00 00 00 00 00,........,False,True,True
2026-02-11T14:54:01.265394,593.286922,RX,0x000,128,00 38 9B 71 80 02 00 00,.8.q....,False,False,False
2026-02-11T14:54:01.265394,593.286922,RX,0x000,0,,,False,False,False
2026-02-11T14:54:01.265394,593.286922,RX,0x1E0,0,,,False,False,False
2026-02-11T14:54:01.265394,593.286922,RX,0x000,128,E0 01 00 00 00 00 00 00,........,False,True,True
2026-02-11T14:54:01.265394,593.286922,RX,0x000,128,00 38 9B 71 80 02 00 00,.8.q....,False,False,False
2026-02-11T14:54:01.265394,593.286922,RX,0x000,0,,,False,False,False
2026-02-11T14:54:01.265394,593.286922,RX,0x1E0,0,,,False,False,False
2026-02-11T14:54:01.265394,593.286922,RX,0x000,128,E0 01 00 00 00 00 00 00,........,False,True,True
2026-02-11T14:54:01.265394,593.286922,RX,0x000,128,00 38 9B 71 80 02 00 00,.8.q....,False,False,False
2026-02-11T14:54:01.265394,593.286922,RX,0x000,0,,,False,False,False
2026-02-11T14:54:01.265394,593.286922,RX,0x1E0,0,,,False,False,False
2026-02-11T14:54:01.265394,593.286922,RX,0x000,128,E0 01 00 00 00 00 00 00,........,False,True,True
2026-02-11T14:54:01.266400,593.287928,RX,0x000,128,00 38 9B 71 80 02 00 00,.8.q....,False,False,False
2026-02-11T14:54:01.266400,593.287928,RX,0x000,0,,,False,False,False
2026-02-11T14:54:01.266400,593.287928,RX,0x1E0,0,,,False,False,False
2026-02-11T14:54:01.266400,593.287928,RX,0x000,128,E0 01 00 00 00 00 00 00,........,False,True,True
2026-02-11T14:54:01.266400,593.287928,RX,0x000,128,00 38 9B 71 80 02 00 00,.8.q....,False,False,False
2026-02-11T14:54:01.266400,593.287928,RX,0x000,0,,,False,False,False
2026-02-11T14:54:01.266400,593.287928,RX,0x1E0,0,,,False,False,False
2026-02-11T14:54:01.266400,593.287928,RX,0x000,128,E0 01 00 00 00 00 00 00,........,False,True,True
2026-02-11T14:54:01.266400,593.287928,RX,0x000,128,00 38 9B 71 80 02 00 00,.8.q....,False,False,False
2026-02-11T14:54:01.266400,593.287928,RX,0x000,0,,,False,False,False
2026-02-11T14:54:01.266400,593.287928,RX,0x1E0,0,,,False,False,False
2026-02-11T14:54:01.266400,593.287928,RX,0x000,128,E0 01 00 00 00 00 00 00,........,False,True,True
2026-02-11T14:54:01.266400,593.287928,RX,0x000,128,00 38 9B 71 80 02 00 00,.8.q....,False,False,False
2026-02-11T14:54:01.266400,593.287928,RX,0x000,0,,,False,False,False
2026-02-11T14:54:01.266400,593.287928,RX,0x1E0,0,,,False,False,False
2026-02-11T14:54:01.266400,593.287928,RX,0x000,128,E0 01 00 00 00 00 00 00,........,False,True,True
2026-02-11T14:54:01.266400,593.287928,RX,0x000,128,00 38 9B 71 80 02 00 00,.8.q....,False,False,False
2026-02-11T14:54:01.266400,593.287928,RX,0x000,0,,,False,False,False
2026-02-11T14:54:01.266400,593.287928,RX,0x1E0,0,,,False,False,False
2026-02-11T14:54:01.267913,593.289441,RX,0x000,128,E0 01 00 00 00 00 00 00,........,False,True,True
2026-02-11T14:54:01.267913,593.289441,RX,0x000,128,00 38 9B 71 80 02 00 00,.8.q....,False,False,False
2026-02-11T14:54:01.267913,593.289441,RX,0x000,0,,,False,False,False
2026-02-11T14:54:01.267913,593.289441,RX,0x1E0,0,,,False,False,False
2026-02-11T14:54:01.267913,593.289441,RX,0x000,128,E0 01 00 00 00 00 00 00,........,False,True,True
2026-02-11T14:54:01.267913,593.289441,RX,0x000,128,00 38 9B 71 80 02 00 00,.8.q....,False,False,False
2026-02-11T14:54:01.267913,593.289441,RX,0x000,0,,,False,False,False
2026-02-11T14:54:01.267913,593.289441,RX,0x1E0,0,,,False,False,False
2026-02-11T14:54:01.268949,593.290477,RX,0x000,128,E0 01 00 00 00 00 00 00,........,False,True,True
2026-02-11T14:54:01.268949,593.290477,RX,0x000,128,00 38 9B 71 80 02 00 00,.8.q....,False,False,False
2026-02-11T14:54:01.268949,593.290477,RX,0x000,0,,,False,False,False
2026-02-11T14:54:01.268949,593.290477,RX,0x1E0,0,,,False,False,False
2026-02-11T14:54:01.268949,593.290477,RX,0x000,128,E0 01 00 00 00 00 00 00,........,False,True,True
2026-02-11T14:54:01.268949,593.290477,RX,0x000,128,00 38 9B 71 80 02 00 00,.8.q....,False,False,False
2026-02-11T14:54:01.268949,593.290477,RX,0x000,0,,,False,False,False
2026-02-11T14:54:01.268949,593.290477,RX,0x1E0,0,,,False,False,False
2026-02-11T14:54:01.268949,593.290477,RX,0x000,128,E0 01 00 00 00 00 00 00,........,False,True,True
2026-02-11T14:54:01.269963,593.291491,RX,0x000,128,00 38 9B 71 80 02 00 00,.8.q....,False,False,False
2026-02-11T14:54:01.269963,593.291491,RX,0x000,0,,,False,False,False
2026-02-11T14:54:01.269963,593.291491,RX,0x1E0,0,,,False,False,False
2026-02-11T14:54:01.269963,593.291491,RX,0x000,128,E0 01 00 00 00 00 00 00,........,False,True,True
2026-02-11T14:54:01.269963,593.291491,RX,0x000,128,00 38 9B 71 80 02 00 00,.8.q....,False,False,False
2026-02-11T14:54:01.269963,593.291491,RX,0x000,0,,,False,False,False
2026-02-11T14:54:01.269963,593.291491,RX,0x1E0,0,,,False,False,False
2026-02-11T14:54:01.269963,593.291491,RX,0x000,128,E0 01 00 00 00 00 00 00,........,False,True,True
2026-02-11T14:54:01.269963,593.291491,RX,0x000,128,00 38 9B 71 80 02 00 00,.8.q....,False,False,False
2026-02-11T14:54:01.269963,593.291491,RX,0x000,0,,,False,False,False
2026-02-11T14:54:01.269963,593.291491,RX,0x1E0,0,,,False,False,False
2026-02-11T14:54:01.269963,593.291491,RX,0x000,128,E0 01 00 00 00 00 00 00,........,False,True,True
2026-02-11T14:54:01.270972,593.292500,RX,0x000,128,00 38 9B 71 80 02 00 00,.8.q....,False,False,False
2026-02-11T14:54:01.270972,593.292500,RX,0x000,0,,,False,False,False
2026-02-11T14:54:01.270972,593.292500,RX,0x1E0,0,,,False,False,False
2026-02-11T14:54:01.270972,593.292500,RX,0x000,128,E0 01 00 00 00 00 00 00,........,False,True,True
2026-02-11T14:54:01.270972,593.292500,RX,0x000,128,00 38 9B 71 80 02 00 00,.8.q....,False,False,False
2026-02-11T14:54:01.270972,593.292500,RX,0x000,0,,,False,False,False
2026-02-11T14:54:01.270972,593.292500,RX,0x1E0,0,,,False,False,False
2026-02-11T14:54:01.270972,593.292500,RX,0x000,128,E0 01 00 00 00 00 00 00,........,False,True,True
2026-02-11T14:54:01.270972,593.292500,RX,0x000,128,00 38 9B 71 80 02 00 00,.8.q....,False,False,False
2026-02-11T14:54:01.271992,593.293520,RX,0x000,0,,,False,False,False
2026-02-11T14:54:01.271992,593.293520,RX,0x1E0,0,,,False,False,False
2026-02-11T14:54:01.271992,593.293520,RX,0x000,128,E0 01 00 00 00 00 00 00,........,False,True,True
2026-02-11T14:54:01.271992,593.293520,RX,0x000,128,00 38 9B 71 80 02 00 00,.8.q....,False,False,False
2026-02-11T14:54:01.271992,593.293520,RX,0x000,0,,,False,False,False
2026-02-11T14:54:01.271992,593.293520,RX,0x1E0,0,,,False,False,False
2026-02-11T14:54:01.271992,593.293520,RX,0x000,128,E0 01 00 00 00 00 00 00,........,False,True,True
2026-02-11T14:54:01.273008,593.294536,RX,0x000,128,00 38 9B 71 80 02 00 00,.8.q....,False,False,False
2026-02-11T14:54:01.273008,593.294536,RX,0x000,0,,,False,False,False
2026-02-11T14:54:01.273008,593.294536,RX,0x1E0,0,,,False,False,False
2026-02-11T14:54:01.273008,593.294536,RX,0x000,128,E0 01 00 00 00 00 00 00,........,False,True,True
2026-02-11T14:54:01.273008,593.294536,RX,0x000,128,00 38 9B 71 80 02 00 00,.8.q....,False,False,False
2026-02-11T14:54:01.273008,593.294536,RX,0x000,0,,,False,False,False
2026-02-11T14:54:01.273008,593.294536,RX,0x1E0,0,,,False,False,False
2026-02-11T14:54:01.273008,593.294536,RX,0x000,128,E0 01 00 00 00 00 00 00,........,False,True,True
2026-02-11T14:54:01.273008,593.294536,RX,0x000,128,00 38 9B 71 80 02 00 00,.8.q....,False,False,False
2026-02-11T14:54:01.273008,593.294536,RX,0x000,0,,,False,False,False
2026-02-11T14:54:01.273008,593.294536,RX,0x1E0,0,,,False,False,False
2026-02-11T14:54:01.274054,593.295582,RX,0x000,128,E0 01 00 00 00 00 00 00,........,False,True,True
2026-02-11T14:54:01.274054,593.295582,RX,0x000,128,00 38 9B 71 80 02 00 00,.8.q....,False,False,False
2026-02-11T14:54:01.274054,593.295582,RX,0x000,0,,,False,False,False
2026-02-11T14:54:01.274054,593.295582,RX,0x1E0,0,,,False,False,False
2026-02-11T14:54:01.274054,593.295582,RX,0x000,128,E0 01 00 00 00 00 00 00,........,False,True,True
2026-02-11T14:54:01.275229,593.296757,RX,0x000,128,00 38 9B 71 80 02 00 00,.8.q....,False,False,False
2026-02-11T14:54:01.275229,593.296757,RX,0x000,0,,,False,False,False
2026-02-11T14:54:01.275229,593.296757,RX,0x1E0,0,,,False,False,False
2026-02-11T14:54:01.275229,593.296757,RX,0x000,128,E0 01 00 00 00 00 00 00,........,False,True,True
2026-02-11T14:54:01.275229,593.296757,RX,0x000,128,00 38 9B 71 80 02 00 00,.8.q....,False,False,False
2026-02-11T14:54:01.275229,593.296757,RX,0x000,0,,,False,False,False
2026-02-11T14:54:01.275229,593.296757,RX,0x1E0,0,,,False,False,False
2026-02-11T14:54:01.276742,593.298270,RX,0x000,128,E0 01 00 00 00 00 00 00,........,False,True,True
2026-02-11T14:54:01.276742,593.298270,RX,0x000,128,00 38 9B 71 80 02 00 00,.8.q....,False,False,False
2026-02-11T14:54:01.276742,593.298270,RX,0x000,0,,,False,False,False
2026-02-11T14:54:01.276742,593.298270,RX,0x1E0,0,,,False,False,False
2026-02-11T14:54:01.277287,593.298815,RX,0x000,128,E0 01 00 00 00 00 00 00,........,False,True,True
2026-02-11T14:54:01.277287,593.298815,RX,0x000,128,00 38 9B 71 80 02 00 00,.8.q....,False,False,False
2026-02-11T14:54:01.277287,593.298815,RX,0x000,0,,,False,False,False
2026-02-11T14:54:01.277287,593.298815,RX,0x1E0,0,,,False,False,False
2026-02-11T14:54:01.277287,593.298815,RX,0x000,128,E0 01 00 00 00 00 00 00,........,False,True,True
2026-02-11T14:54:01.277287,593.298815,RX,0x000,128,00 38 9B 71 80 02 00 00,.8.q....,False,False,False
2026-02-11T14:54:01.277287,593.298815,RX,0x000,0,,,False,False,False
2026-02-11T14:54:01.277287,593.298815,RX,0x1E0,0,,,False,False,False
2026-02-11T14:54:01.278294,593.299822,RX,0x000,128,E0 01 00 00 00 00 00 00,........,False,True,True
2026-02-11T14:54:01.278294,593.299822,RX,0x000,128,00 38 9B 71 80 02 00 00,.8.q....,False,False,False
2026-02-11T14:54:01.278808,593.300336,RX,0x000,0,,,False,False,False
2026-02-11T14:54:01.278808,593.300336,RX,0x1E0,0,,,False,False,False
2026-02-11T14:54:01.278808,593.300336,RX,0x000,128,E0 01 00 00 00 00 00 00,........,False,True,True
2026-02-11T14:54:01.278808,593.300336,RX,0x000,128,00 38 9B 71 80 02 00 00,.8.q....,False,False,False
2026-02-11T14:54:01.278808,593.300336,RX,0x000,0,,,False,False,False
2026-02-11T14:54:01.278808,593.300336,RX,0x1E0,0,,,False,False,False
2026-02-11T14:54:01.278808,593.300336,RX,0x000,128,E0 01 00 00 00 00 00 00,........,False,True,True
2026-02-11T14:54:01.279824,593.301352,RX,0x000,128,00 38 9B 71 80 02 00 00,.8.q....,False,False,False
2026-02-11T14:54:01.279824,593.301352,RX,0x000,0,,,False,False,False
2026-02-11T14:54:01.279824,593.301352,RX,0x1E0,0,,,False,False,False
2026-02-11T14:54:01.279824,593.301352,RX,0x000,128,E0 01 00 00 00 00 00 00,........,False,True,True
2026-02-11T14:54:01.279824,593.301352,RX,0x000,128,00 38 9B 71 80 02 00 00,.8.q....,False,False,False
2026-02-11T14:54:01.279824,593.301352,RX,0x000,0,,,False,False,False
2026-02-11T14:54:01.280820,593.302348,RX,0x1E0,0,,,False,False,False
2026-02-11T14:54:01.280820,593.302348,RX,0x000,128,E0 01 00 00 00 00 00 00,........,False,True,True
2026-02-11T14:54:01.280820,593.302348,RX,0x000,128,00 38 9B 71 80 02 00 00,.8.q....,False,False,False
2026-02-11T14:54:01.280820,593.302348,RX,0x000,0,,,False,False,False
2026-02-11T14:54:01.281833,593.303361,RX,0x1E0,0,,,False,False,False
2026-02-11T14:54:01.281833,593.303361,RX,0x000,128,E0 01 00 00 00 00 00 00,........,False,True,True
2026-02-11T14:54:01.281833,593.303361,RX,0x000,128,00 38 9B 71 80 02 00 00,.8.q....,False,False,False
2026-02-11T14:54:01.281833,593.303361,RX,0x000,0,,,False,False,False
2026-02-11T14:54:01.281833,593.303361,RX,0x1E0,0,,,False,False,False
2026-02-11T14:54:01.281833,593.303361,RX,0x000,128,E0 01 00 00 00 00 00 00,........,False,True,True
2026-02-11T14:54:01.281833,593.303361,RX,0x000,128,00 38 9B 71 80 02 00 00,.8.q....,False,False,False
2026-02-11T14:54:01.281833,593.303361,RX,0x000,0,,,False,False,False
2026-02-11T14:54:01.281833,593.303361,RX,0x1E0,0,,,False,False,False
2026-02-11T14:54:01.281833,593.303361,RX,0x000,128,E0 01 00 00 00 00 00 00,........,False,True,True
2026-02-11T14:54:01.281833,593.303361,RX,0x000,128,00 38 9B 71 80 02 00 00,.8.q....,False,False,False
2026-02-11T14:54:01.281833,593.303361,RX,0x000,0,,,False,False,False
2026-02-11T14:54:01.281833,593.303361,RX,0x1E0,0,,,False,False,False
2026-02-11T14:54:01.281833,593.303361,RX,0x000,128,E0 01 00 00 00 00 00 00,........,False,True,True
2026-02-11T14:54:01.282861,593.304389,RX,0x000,128,00 38 9B 71 80 02 00 00,.8.q....,False,False,False
2026-02-11T14:54:01.282861,593.304389,RX,0x000,0,,,False,False,False
2026-02-11T14:54:01.282861,593.304389,RX,0x1E0,0,,,False,False,False
2026-02-11T14:54:01.282861,593.304389,RX,0x000,128,E0 01 00 00 00 00 00 00,........,False,True,True
2026-02-11T14:54:01.282861,593.304389,RX,0x000,128,00 38 9B 71 80 02 00 00,.8.q....,False,False,False
2026-02-11T14:54:01.282861,593.304389,RX,0x000,0,,,False,False,False
2026-02-11T14:54:01.282861,593.304389,RX,0x1E0,0,,,False,False,False
2026-02-11T14:54:01.282861,593.304389,RX,0x000,128,E0 01 00 00 00 00 00 00,........,False,True,True
2026-02-11T14:54:01.282861,593.304389,RX,0x000,128,00 38 9B 71 80 02 00 00,.8.q....,False,False,False
2026-02-11T14:54:01.282861,593.304389,RX,0x000,0,,,False,False,False
2026-02-11T14:54:01.282861,593.304389,RX,0x1E0,0,,,False,False,False
2026-02-11T14:54:01.282861,593.304389,RX,0x000,128,E0 01 00 00 00 00 00 00,........,False,True,True
2026-02-11T14:54:01.282861,593.304389,RX,0x000,128,00 38 9B 71 80 02 00 00,.8.q....,False,False,False
2026-02-11T14:54:01.282861,593.304389,RX,0x000,0,,,False,False,False
2026-02-11T14:54:01.282861,593.304389,RX,0x1E0,0,,,False,False,False
2026-02-11T14:54:01.283882,593.305410,RX,0x000,128,E0 01 00 00 00 00 00 00,........,False,True,True
2026-02-11T14:54:01.283882,593.305410,RX,0x000,128,00 38 9B 71 80 02 00 00,.8.q....,False,False,False
2026-02-11T14:54:01.283882,593.305410,RX,0x000,0,,,False,False,False
2026-02-11T14:54:01.283882,593.305410,RX,0x1E0,0,,,False,False,False
2026-02-11T14:54:01.283882,593.305410,RX,0x000,128,E0 01 00 00 00 00 00 00,........,False,True,True
2026-02-11T14:54:01.283882,593.305410,RX,0x000,128,00 38 9B 71 80 02 00 00,.8.q....,False,False,False
2026-02-11T14:54:01.283882,593.305410,RX,0x000,0,,,False,False,False
2026-02-11T14:54:01.283882,593.305410,RX,0x1E0,0,,,False,False,False
2026-02-11T14:54:01.283882,593.305410,RX,0x000,128,E0 01 00 00 00 00 00 00,........,False,True,True
2026-02-11T14:54:01.283882,593.305410,RX,0x000,128,00 38 9B 71 80 02 00 00,.8.q....,False,False,False
2026-02-11T14:54:01.284901,593.306429,RX,0x000,0,,,False,False,False
2026-02-11T14:54:01.284901,593.306429,RX,0x1E0,0,,,False,False,False
2026-02-11T14:54:01.284901,593.306429,RX,0x000,128,E0 01 00 00 00 00 00 00,........,False,True,True
2026-02-11T14:54:01.284901,593.306429,RX,0x000,128,00 38 9B 71 80 02 00 00,.8.q....,False,False,False
2026-02-11T14:54:01.284901,593.306429,RX,0x000,0,,,False,False,False
2026-02-11T14:54:01.284901,593.306429,RX,0x1E0,0,,,False,False,False
2026-02-11T14:54:01.284901,593.306429,RX,0x000,128,E0 01 00 00 00 00 00 00,........,False,True,True
2026-02-11T14:54:01.284901,593.306429,RX,0x000,128,00 38 9B 71 80 02 00 00,.8.q....,False,False,False
2026-02-11T14:54:01.285913,593.307441,RX,0x000,0,,,False,False,False
2026-02-11T14:54:01.285913,593.307441,RX,0x1E0,0,,,False,False,False
2026-02-11T14:54:01.285913,593.307441,RX,0x000,128,E0 01 00 00 00 00 00 00,........,False,True,True
2026-02-11T14:54:01.285913,593.307441,RX,0x000,128,00 38 9B 71 80 02 00 00,.8.q....,False,False,False
2026-02-11T14:54:01.285913,593.307441,RX,0x000,0,,,False,False,False
2026-02-11T14:54:01.285913,593.307441,RX,0x1E0,0,,,False,False,False
2026-02-11T14:54:01.285913,593.307441,RX,0x000,128,E0 01 00 00 00 00 00 00,........,False,True,True
2026-02-11T14:54:01.285913,593.307441,RX,0x000,128,00 38 9B 71 80 02 00 00,.8.q....,False,False,False
2026-02-11T14:54:01.285913,593.307441,RX,0x000,0,,,False,False,False
2026-02-11T14:54:01.285913,593.307441,RX,0x1E0,0,,,False,False,False
2026-02-11T14:54:01.286927,593.308455,RX,0x000,128,E0 01 00 00 00 00 00 00,........,False,True,True
2026-02-11T14:54:01.286927,593.308455,RX,0x000,128,00 38 9B 71 80 02 00 00,.8.q....,False,False,False
2026-02-11T14:54:01.286927,593.308455,RX,0x000,0,,,False,False,False
2026-02-11T14:54:01.286927,593.308455,RX,0x1E0,0,,,False,False,False
2026-02-11T14:54:01.286927,593.308455,RX,0x000,128,E0 01 00 00 00 00 00 00,........,False,True,True
2026-02-11T14:54:01.286927,593.308455,RX,0x000,128,00 38 9B 71 80 02 00 00,.8.q....,False,False,False
2026-02-11T14:54:01.286927,593.308455,RX,0x000,0,,,False,False,False
2026-02-11T14:54:01.286927,593.308455,RX,0x1E0,0,,,False,False,False
2026-02-11T14:54:01.286927,593.308455,RX,0x000,128,E0 01 00 00 00 00 00 00,........,False,True,True
2026-02-11T14:54:01.286927,593.308455,RX,0x000,128,00 38 9B 71 80 02 00 00,.8.q....,False,False,False
2026-02-11T14:54:01.286927,593.308455,RX,0x000,0,,,False,False,False
2026-02-11T14:54:01.287926,593.309453,RX,0x1E0,0,,,False,False,False
2026-02-11T14:54:01.287926,593.309453,RX,0x000,128,E0 01 00 00 00 00 00 00,........,False,True,True
2026-02-11T14:54:01.287926,593.309453,RX,0x000,128,00 38 9B 71 80 02 00 00,.8.q....,False,False,False
2026-02-11T14:54:01.287926,593.309453,RX,0x000,0,,,False,False,False
2026-02-11T14:54:01.287926,593.309453,RX,0x1E0,0,,,False,False,False
2026-02-11T14:54:01.287926,593.309453,RX,0x000,128,E0 01 00 00 00 00 00 00,........,False,True,True
2026-02-11T14:54:01.288434,593.309453,RX,0x000,128,00 38 9B 71 80 02 00 00,.8.q....,False,False,False
2026-02-11T14:54:01.288434,593.309962,RX,0x000,0,,,False,False,False
2026-02-11T14:54:01.288434,593.309962,RX,0x1E0,0,,,False,False,False
2026-02-11T14:54:01.288434,593.309962,RX,0x000,128,E0 01 00 00 00 00 00 00,........,False,True,True
2026-02-11T14:54:01.288434,593.309962,RX,0x000,128,00 38 9B 71 80 02 00 00,.8.q....,False,False,False
2026-02-11T14:54:01.288434,593.309962,RX,0x000,0,,,False,False,False
2026-02-11T14:54:01.288434,593.309962,RX,0x1E0,0,,,False,False,False
2026-02-11T14:54:01.288434,593.309962,RX,0x000,128,E0 01 00 00 00 00 00 00,........,False,True,True
2026-02-11T14:54:01.288434,593.309962,RX,0x000,128,00 38 9B 71 80 02 00 00,.8.q....,False,False,False
2026-02-11T14:54:01.288434,593.309962,RX,0x000,0,,,False,False,False
2026-02-11T14:54:01.288434,593.309962,RX,0x1E0,0,,,False,False,False
2026-02-11T14:54:01.288434,593.309962,RX,0x000,128,E0 01 00 00 00 00 00 00,........,False,True,True
2026-02-11T14:54:01.289439,593.309962,RX,0x000,128,00 38 9B 71 80 02 00 00,.8.q....,False,False,False
2026-02-11T14:54:01.289439,593.310967,RX,0x000,0,,,False,False,False
2026-02-11T14:54:01.289439,593.310967,RX,0x1E0,0,,,False,False,False
2026-02-11T14:54:01.289439,593.310967,RX,0x000,128,E0 01 00 00 00 00 00 00,........,False,True,True
2026-02-11T14:54:01.289439,593.310967,RX,0x000,128,00 38 9B 71 80 02 00 00,.8.q....,False,False,False
2026-02-11T14:54:01.289439,593.310967,RX,0x000,0,,,False,False,False
2026-02-11T14:54:01.289439,593.310967,RX,0x1E0,0,,,False,False,False
2026-02-11T14:54:01.289439,593.310967,RX,0x000,128,E0 01 00 00 00 00 00 00,........,False,True,True
2026-02-11T14:54:01.289439,593.310967,RX,0x000,128,00 38 9B 71 80 02 00 00,.8.q....,False,False,False
2026-02-11T14:54:01.289439,593.310967,RX,0x000,0,,,False,False,False
2026-02-11T14:54:01.289439,593.310967,RX,0x1E0,0,,,False,False,False
2026-02-11T14:54:01.289439,593.310967,RX,0x000,128,E0 01 00 00 00 00 00 00,........,False,True,True
2026-02-11T14:54:01.289439,593.310967,RX,0x000,128,00 38 9B 71 80 02 00 00,.8.q....,False,False,False
2026-02-11T14:54:01.289439,593.310967,RX,0x000,0,,,False,False,False
2026-02-11T14:54:01.289439,593.310967,RX,0x1E0,0,,,False,False,False
2026-02-11T14:54:01.289439,593.310967,RX,0x000,128,E0 01 00 00 00 00 00 00,........,False,True,True
2026-02-11T14:54:01.289439,593.310967,RX,0x000,128,00 38 9B 71 80 02 00 00,.8.q....,False,False,False
2026-02-11T14:54:01.289439,593.310967,RX,0x000,0,,,False,False,False
2026-02-11T14:54:01.289439,593.310967,RX,0x1E0,0,,,False,False,False
2026-02-11T14:54:01.289439,593.310967,RX,0x000,128,E0 01 00 00 00 00 00 00,........,False,True,True
2026-02-11T14:54:01.289439,593.310967,RX,0x000,128,00 38 9B 71 80 02 00 00,.8.q....,False,False,False
2026-02-11T14:54:01.289439,593.310967,RX,0x000,0,,,False,False,False
2026-02-11T14:54:01.289439,593.310967,RX,0x1E0,0,,,False,False,False
2026-02-11T14:54:01.289439,593.310967,RX,0x000,128,E0 01 00 00 00 00 00 00,........,False,True,True
2026-02-11T14:54:01.289439,593.310967,RX,0x000,128,00 38 9B 71 80 02 00 00,.8.q....,False,False,False
2026-02-11T14:54:01.289439,593.310967,RX,0x000,0,,,False,False,False
2026-02-11T14:54:01.289439,593.310967,RX,0x1E0,0,,,False,False,False
2026-02-11T14:54:01.289439,593.310967,RX,0x000,128,E0 01 00 00 00 00 00 00,........,False,True,True
2026-02-11T14:54:01.289439,593.310967,RX,0x000,128,00 38 9B 71 80 02 00 00,.8.q....,False,False,False
2026-02-11T14:54:01.291823,593.313351,RX,0x000,0,,,False,False,False
2026-02-11T14:54:01.291823,593.313351,RX,0x1E0,0,,,False,False,False
2026-02-11T14:54:01.291823,593.313351,RX,0x000,128,E0 01 00 00 00 00 00 00,........,False,True,True
2026-02-11T14:54:01.291823,593.313351,RX,0x000,128,00 38 9B 71 80 02 00 00,.8.q....,False,False,False
2026-02-11T14:54:01.291823,593.313351,RX,0x000,0,,,False,False,False
2026-02-11T14:54:01.291823,593.313351,RX,0x1E0,0,,,False,False,False
2026-02-11T14:54:01.291823,593.313351,RX,0x000,128,E0 01 00 00 00 00 00 00,........,False,True,True
2026-02-11T14:54:01.291823,593.313351,RX,0x000,128,00 38 9B 71 80 02 00 00,.8.q....,False,False,False
2026-02-11T14:54:01.291823,593.313351,RX,0x000,0,,,False,False,False
2026-02-11T14:54:01.291823,593.313351,RX,0x1E0,0,,,False,False,False
2026-02-11T14:54:01.291823,593.313351,RX,0x000,128,E0 01 00 00 00 00 00 00,........,False,True,True
2026-02-11T14:54:01.291823,593.313351,RX,0x000,128,00 38 9B 71 80 02 00 00,.8.q....,False,False,False
2026-02-11T14:54:01.291823,593.313351,RX,0x000,0,,,False,False,False
2026-02-11T14:54:01.291823,593.313351,RX,0x1E0,0,,,False,False,False
2026-02-11T14:54:01.291823,593.313351,RX,0x000,128,E0 01 00 00 00 00 00 00,........,False,True,True
2026-02-11T14:54:01.291823,593.313351,RX,0x000,128,00 38 9B 71 80 02 00 00,.8.q....,False,False,False
2026-02-11T14:54:01.292823,593.314351,RX,0x000,0,,,False,False,False
2026-02-11T14:54:01.292823,593.314351,RX,0x1E0,0,,,False,False,False
2026-02-11T14:54:01.292823,593.314351,RX,0x000,128,E0 01 00 00 00 00 00 00,........,False,True,True
2026-02-11T14:54:01.292823,593.314351,RX,0x000,128,00 38 9B 71 80 02 00 00,.8.q....,False,False,False
2026-02-11T14:54:01.292823,593.314351,RX,0x000,0,,,False,False,False
2026-02-11T14:54:01.292823,593.314351,RX,0x1E0,0,,,False,False,False
2026-02-11T14:54:01.292823,593.314351,RX,0x000,128,E0 01 00 00 00 00 00 00,........,False,True,True
2026-02-11T14:54:01.292823,593.314351,RX,0x000,128,00 38 9B 71 80 02 00 00,.8.q....,False,False,False
2026-02-11T14:54:01.292823,593.314351,RX,0x000,0,,,False,False,False
2026-02-11T14:54:01.292823,593.314351,RX,0x1E0,0,,,False,False,False
2026-02-11T14:54:01.292823,593.314351,RX,0x000,128,E0 01 00 00 00 00 00 00,........,False,True,True
2026-02-11T14:54:01.292823,593.314351,RX,0x000,128,00 38 9B 71 80 02 00 00,.8.q....,False,False,False
2026-02-11T14:54:01.292823,593.314351,RX,0x000,0,,,False,False,False
2026-02-11T14:54:01.293824,593.315351,RX,0x1E0,0,,,False,False,False
2026-02-11T14:54:01.293824,593.315351,RX,0x000,128,E0 01 00 00 00 00 00 00,........,False,True,True
2026-02-11T14:54:01.293824,593.315351,RX,0x000,128,00 38 9B 71 80 02 00 00,.8.q....,False,False,False
2026-02-11T14:54:01.293824,593.315351,RX,0x000,0,,,False,False,False
2026-02-11T14:54:01.293824,593.315351,RX,0x1E0,0,,,False,False,False
2026-02-11T14:54:01.293824,593.315351,RX,0x000,128,E0 01 00 00 00 00 00 00,........,False,True,True
2026-02-11T14:54:01.293824,593.315351,RX,0x000,128,00 38 9B 71 80 02 00 00,.8.q....,False,False,False
2026-02-11T14:54:01.293824,593.315351,RX,0x000,0,,,False,False,False
2026-02-11T14:54:01.293824,593.315351,RX,0x1E0,0,,,False,False,False
2026-02-11T14:54:01.293824,593.315351,RX,0x000,128,E0 01 00 00 00 00 00 00,........,False,True,True
2026-02-11T14:54:01.293824,593.315351,RX,0x000,128,00 38 9B 71 80 02 00 00,.8.q....,False,False,False
2026-02-11T14:54:01.294824,593.315351,RX,0x000,0,,,False,False,False
2026-02-11T14:54:01.294824,593.316352,RX,0x1E0,0,,,False,False,False
